symbol_stem,action_id,action_constant,page_id,page_constant,html_page_name,same_id
NULL,1,HACTION_NULL,0,HTML_PAGE_NULL,,false
QUEST_ACCEPT_1,1002,HACTION_QUEST_ACCEPT_1,1003,HTML_PAGE_QUEST_ACCEPT_1,quest_accept_1,false
QUEST_REFUSE_1,1003,HACTION_QUEST_REFUSE_1,1004,HTML_PAGE_QUEST_REFUSE_1,quest_refuse_1,false
QUEST_REFUSE_2,1004,HACTION_QUEST_REFUSE_2,1005,HTML_PAGE_QUEST_REFUSE_2,quest_refuse_2,false
QUEST_REFUSE_3,1005,HACTION_QUEST_REFUSE_3,1006,HTML_PAGE_QUEST_REFUSE_3,quest_refuse_3,false
QUEST_REFUSE_4,1006,HACTION_QUEST_REFUSE_4,1007,HTML_PAGE_QUEST_REFUSE_4,quest_refuse_4,false
SELECT0,4421,HACTION_SELECT0,4421,HTML_PAGE_SELECT0,select0,true
SELECT0_1,4422,HACTION_SELECT0_1,4422,HTML_PAGE_SELECT0_1,select0_1,true
SELECT0_1_1,4423,HACTION_SELECT0_1_1,4423,HTML_PAGE_SELECT0_1_1,select0_1_1,true
SELECT0_1_1_1,4424,HACTION_SELECT0_1_1_1,4424,HTML_PAGE_SELECT0_1_1_1,select0_1_1_1,true
SELECT0_1_1_1_1,4425,HACTION_SELECT0_1_1_1_1,4425,HTML_PAGE_SELECT0_1_1_1_1,select0_1_1_1_1,true
SELECT0_1_1_1_2,4426,HACTION_SELECT0_1_1_1_2,4426,HTML_PAGE_SELECT0_1_1_1_2,select0_1_1_1_2,true
SELECT0_1_1_1_3,4427,HACTION_SELECT0_1_1_1_3,4427,HTML_PAGE_SELECT0_1_1_1_3,select0_1_1_1_3,true
SELECT0_1_1_1_4,4428,HACTION_SELECT0_1_1_1_4,4428,HTML_PAGE_SELECT0_1_1_1_4,select0_1_1_1_4,true
SELECT0_1_1_2,4429,HACTION_SELECT0_1_1_2,4429,HTML_PAGE_SELECT0_1_1_2,select0_1_1_2,true
SELECT0_1_1_2_1,4430,HACTION_SELECT0_1_1_2_1,4430,HTML_PAGE_SELECT0_1_1_2_1,select0_1_1_2_1,true
SELECT0_1_1_2_2,4431,HACTION_SELECT0_1_1_2_2,4431,HTML_PAGE_SELECT0_1_1_2_2,select0_1_1_2_2,true
SELECT0_1_1_2_3,4432,HACTION_SELECT0_1_1_2_3,4432,HTML_PAGE_SELECT0_1_1_2_3,select0_1_1_2_3,true
SELECT0_1_1_2_4,4433,HACTION_SELECT0_1_1_2_4,4433,HTML_PAGE_SELECT0_1_1_2_4,select0_1_1_2_4,true
SELECT0_1_1_3,4434,HACTION_SELECT0_1_1_3,4434,HTML_PAGE_SELECT0_1_1_3,select0_1_1_3,true
SELECT0_1_1_3_1,4435,HACTION_SELECT0_1_1_3_1,4435,HTML_PAGE_SELECT0_1_1_3_1,select0_1_1_3_1,true
SELECT0_1_1_3_2,4436,HACTION_SELECT0_1_1_3_2,4436,HTML_PAGE_SELECT0_1_1_3_2,select0_1_1_3_2,true
SELECT0_1_1_3_3,4437,HACTION_SELECT0_1_1_3_3,4437,HTML_PAGE_SELECT0_1_1_3_3,select0_1_1_3_3,true
SELECT0_1_1_3_4,4438,HACTION_SELECT0_1_1_3_4,4438,HTML_PAGE_SELECT0_1_1_3_4,select0_1_1_3_4,true
SELECT0_1_1_4,4439,HACTION_SELECT0_1_1_4,4439,HTML_PAGE_SELECT0_1_1_4,select0_1_1_4,true
SELECT0_1_1_4_1,4440,HACTION_SELECT0_1_1_4_1,4440,HTML_PAGE_SELECT0_1_1_4_1,select0_1_1_4_1,true
SELECT0_1_1_4_2,4441,HACTION_SELECT0_1_1_4_2,4441,HTML_PAGE_SELECT0_1_1_4_2,select0_1_1_4_2,true
SELECT0_1_1_4_3,4442,HACTION_SELECT0_1_1_4_3,4442,HTML_PAGE_SELECT0_1_1_4_3,select0_1_1_4_3,true
SELECT0_1_1_4_4,4443,HACTION_SELECT0_1_1_4_4,4443,HTML_PAGE_SELECT0_1_1_4_4,select0_1_1_4_4,true
SELECT0_1_2,4444,HACTION_SELECT0_1_2,4444,HTML_PAGE_SELECT0_1_2,select0_1_2,true
SELECT0_1_2_1,4445,HACTION_SELECT0_1_2_1,4445,HTML_PAGE_SELECT0_1_2_1,select0_1_2_1,true
SELECT0_1_2_1_1,4446,HACTION_SELECT0_1_2_1_1,4446,HTML_PAGE_SELECT0_1_2_1_1,select0_1_2_1_1,true
SELECT0_1_2_1_2,4447,HACTION_SELECT0_1_2_1_2,4447,HTML_PAGE_SELECT0_1_2_1_2,select0_1_2_1_2,true
SELECT0_1_2_1_3,4448,HACTION_SELECT0_1_2_1_3,4448,HTML_PAGE_SELECT0_1_2_1_3,select0_1_2_1_3,true
SELECT0_1_2_1_4,4449,HACTION_SELECT0_1_2_1_4,4449,HTML_PAGE_SELECT0_1_2_1_4,select0_1_2_1_4,true
SELECT0_1_2_2,4450,HACTION_SELECT0_1_2_2,4450,HTML_PAGE_SELECT0_1_2_2,select0_1_2_2,true
SELECT0_1_2_2_1,4451,HACTION_SELECT0_1_2_2_1,4451,HTML_PAGE_SELECT0_1_2_2_1,select0_1_2_2_1,true
SELECT0_1_2_2_2,4452,HACTION_SELECT0_1_2_2_2,4452,HTML_PAGE_SELECT0_1_2_2_2,select0_1_2_2_2,true
SELECT0_1_2_2_3,4453,HACTION_SELECT0_1_2_2_3,4453,HTML_PAGE_SELECT0_1_2_2_3,select0_1_2_2_3,true
SELECT0_1_2_2_4,4454,HACTION_SELECT0_1_2_2_4,4454,HTML_PAGE_SELECT0_1_2_2_4,select0_1_2_2_4,true
SELECT0_1_2_3,4455,HACTION_SELECT0_1_2_3,4455,HTML_PAGE_SELECT0_1_2_3,select0_1_2_3,true
SELECT0_1_2_3_1,4456,HACTION_SELECT0_1_2_3_1,4456,HTML_PAGE_SELECT0_1_2_3_1,select0_1_2_3_1,true
SELECT0_1_2_3_2,4457,HACTION_SELECT0_1_2_3_2,4457,HTML_PAGE_SELECT0_1_2_3_2,select0_1_2_3_2,true
SELECT0_1_2_3_3,4458,HACTION_SELECT0_1_2_3_3,4458,HTML_PAGE_SELECT0_1_2_3_3,select0_1_2_3_3,true
SELECT0_1_2_3_4,4459,HACTION_SELECT0_1_2_3_4,4459,HTML_PAGE_SELECT0_1_2_3_4,select0_1_2_3_4,true
SELECT0_1_2_4,4460,HACTION_SELECT0_1_2_4,4460,HTML_PAGE_SELECT0_1_2_4,select0_1_2_4,true
SELECT0_1_2_4_1,4461,HACTION_SELECT0_1_2_4_1,4461,HTML_PAGE_SELECT0_1_2_4_1,select0_1_2_4_1,true
SELECT0_1_2_4_2,4462,HACTION_SELECT0_1_2_4_2,4462,HTML_PAGE_SELECT0_1_2_4_2,select0_1_2_4_2,true
SELECT0_1_2_4_3,4463,HACTION_SELECT0_1_2_4_3,4463,HTML_PAGE_SELECT0_1_2_4_3,select0_1_2_4_3,true
SELECT0_1_2_4_4,4464,HACTION_SELECT0_1_2_4_4,4464,HTML_PAGE_SELECT0_1_2_4_4,select0_1_2_4_4,true
SELECT0_1_3,4465,HACTION_SELECT0_1_3,4465,HTML_PAGE_SELECT0_1_3,select0_1_3,true
SELECT0_1_3_1,4466,HACTION_SELECT0_1_3_1,4466,HTML_PAGE_SELECT0_1_3_1,select0_1_3_1,true
SELECT0_1_3_1_1,4467,HACTION_SELECT0_1_3_1_1,4467,HTML_PAGE_SELECT0_1_3_1_1,select0_1_3_1_1,true
SELECT0_1_3_1_2,4468,HACTION_SELECT0_1_3_1_2,4468,HTML_PAGE_SELECT0_1_3_1_2,select0_1_3_1_2,true
SELECT0_1_3_1_3,4469,HACTION_SELECT0_1_3_1_3,4469,HTML_PAGE_SELECT0_1_3_1_3,select0_1_3_1_3,true
SELECT0_1_3_1_4,4470,HACTION_SELECT0_1_3_1_4,4470,HTML_PAGE_SELECT0_1_3_1_4,select0_1_3_1_4,true
SELECT0_1_3_2,4471,HACTION_SELECT0_1_3_2,4471,HTML_PAGE_SELECT0_1_3_2,select0_1_3_2,true
SELECT0_1_3_2_1,4472,HACTION_SELECT0_1_3_2_1,4472,HTML_PAGE_SELECT0_1_3_2_1,select0_1_3_2_1,true
SELECT0_1_3_2_2,4473,HACTION_SELECT0_1_3_2_2,4473,HTML_PAGE_SELECT0_1_3_2_2,select0_1_3_2_2,true
SELECT0_1_3_2_3,4474,HACTION_SELECT0_1_3_2_3,4474,HTML_PAGE_SELECT0_1_3_2_3,select0_1_3_2_3,true
SELECT0_1_3_2_4,4475,HACTION_SELECT0_1_3_2_4,4475,HTML_PAGE_SELECT0_1_3_2_4,select0_1_3_2_4,true
SELECT0_1_3_3,4476,HACTION_SELECT0_1_3_3,4476,HTML_PAGE_SELECT0_1_3_3,select0_1_3_3,true
SELECT0_1_3_3_1,4477,HACTION_SELECT0_1_3_3_1,4477,HTML_PAGE_SELECT0_1_3_3_1,select0_1_3_3_1,true
SELECT0_1_3_3_2,4478,HACTION_SELECT0_1_3_3_2,4478,HTML_PAGE_SELECT0_1_3_3_2,select0_1_3_3_2,true
SELECT0_1_3_3_3,4479,HACTION_SELECT0_1_3_3_3,4479,HTML_PAGE_SELECT0_1_3_3_3,select0_1_3_3_3,true
SELECT0_1_3_3_4,4480,HACTION_SELECT0_1_3_3_4,4480,HTML_PAGE_SELECT0_1_3_3_4,select0_1_3_3_4,true
SELECT0_1_3_4,4481,HACTION_SELECT0_1_3_4,4481,HTML_PAGE_SELECT0_1_3_4,select0_1_3_4,true
SELECT0_1_3_4_1,4482,HACTION_SELECT0_1_3_4_1,4482,HTML_PAGE_SELECT0_1_3_4_1,select0_1_3_4_1,true
SELECT0_1_3_4_2,4483,HACTION_SELECT0_1_3_4_2,4483,HTML_PAGE_SELECT0_1_3_4_2,select0_1_3_4_2,true
SELECT0_1_3_4_3,4484,HACTION_SELECT0_1_3_4_3,4484,HTML_PAGE_SELECT0_1_3_4_3,select0_1_3_4_3,true
SELECT0_1_3_4_4,4485,HACTION_SELECT0_1_3_4_4,4485,HTML_PAGE_SELECT0_1_3_4_4,select0_1_3_4_4,true
SELECT0_1_4,4486,HACTION_SELECT0_1_4,4486,HTML_PAGE_SELECT0_1_4,select0_1_4,true
SELECT0_1_4_1,4487,HACTION_SELECT0_1_4_1,4487,HTML_PAGE_SELECT0_1_4_1,select0_1_4_1,true
SELECT0_1_4_1_1,4488,HACTION_SELECT0_1_4_1_1,4488,HTML_PAGE_SELECT0_1_4_1_1,select0_1_4_1_1,true
SELECT0_1_4_1_2,4489,HACTION_SELECT0_1_4_1_2,4489,HTML_PAGE_SELECT0_1_4_1_2,select0_1_4_1_2,true
SELECT0_1_4_1_3,4490,HACTION_SELECT0_1_4_1_3,4490,HTML_PAGE_SELECT0_1_4_1_3,select0_1_4_1_3,true
SELECT0_1_4_1_4,4491,HACTION_SELECT0_1_4_1_4,4491,HTML_PAGE_SELECT0_1_4_1_4,select0_1_4_1_4,true
SELECT0_1_4_2,4492,HACTION_SELECT0_1_4_2,4492,HTML_PAGE_SELECT0_1_4_2,select0_1_4_2,true
SELECT0_1_4_2_1,4493,HACTION_SELECT0_1_4_2_1,4493,HTML_PAGE_SELECT0_1_4_2_1,select0_1_4_2_1,true
SELECT0_1_4_2_2,4494,HACTION_SELECT0_1_4_2_2,4494,HTML_PAGE_SELECT0_1_4_2_2,select0_1_4_2_2,true
SELECT0_1_4_2_3,4495,HACTION_SELECT0_1_4_2_3,4495,HTML_PAGE_SELECT0_1_4_2_3,select0_1_4_2_3,true
SELECT0_1_4_2_4,4496,HACTION_SELECT0_1_4_2_4,4496,HTML_PAGE_SELECT0_1_4_2_4,select0_1_4_2_4,true
SELECT0_1_4_3,4497,HACTION_SELECT0_1_4_3,4497,HTML_PAGE_SELECT0_1_4_3,select0_1_4_3,true
SELECT0_1_4_3_1,4498,HACTION_SELECT0_1_4_3_1,4498,HTML_PAGE_SELECT0_1_4_3_1,select0_1_4_3_1,true
SELECT0_1_4_3_2,4499,HACTION_SELECT0_1_4_3_2,4499,HTML_PAGE_SELECT0_1_4_3_2,select0_1_4_3_2,true
SELECT0_1_4_3_3,4500,HACTION_SELECT0_1_4_3_3,4500,HTML_PAGE_SELECT0_1_4_3_3,select0_1_4_3_3,true
SELECT0_1_4_3_4,4501,HACTION_SELECT0_1_4_3_4,4501,HTML_PAGE_SELECT0_1_4_3_4,select0_1_4_3_4,true
SELECT0_1_4_4,4502,HACTION_SELECT0_1_4_4,4502,HTML_PAGE_SELECT0_1_4_4,select0_1_4_4,true
SELECT0_1_4_4_1,4503,HACTION_SELECT0_1_4_4_1,4503,HTML_PAGE_SELECT0_1_4_4_1,select0_1_4_4_1,true
SELECT0_1_4_4_2,4504,HACTION_SELECT0_1_4_4_2,4504,HTML_PAGE_SELECT0_1_4_4_2,select0_1_4_4_2,true
SELECT0_1_4_4_3,4505,HACTION_SELECT0_1_4_4_3,4505,HTML_PAGE_SELECT0_1_4_4_3,select0_1_4_4_3,true
SELECT0_1_4_4_4,4506,HACTION_SELECT0_1_4_4_4,4506,HTML_PAGE_SELECT0_1_4_4_4,select0_1_4_4_4,true
SELECT0_2,4507,HACTION_SELECT0_2,4507,HTML_PAGE_SELECT0_2,select0_2,true
SELECT0_2_1,4508,HACTION_SELECT0_2_1,4508,HTML_PAGE_SELECT0_2_1,select0_2_1,true
SELECT0_2_1_1,4509,HACTION_SELECT0_2_1_1,4509,HTML_PAGE_SELECT0_2_1_1,select0_2_1_1,true
SELECT0_2_1_1_1,4510,HACTION_SELECT0_2_1_1_1,4510,HTML_PAGE_SELECT0_2_1_1_1,select0_2_1_1_1,true
SELECT0_2_1_1_2,4511,HACTION_SELECT0_2_1_1_2,4511,HTML_PAGE_SELECT0_2_1_1_2,select0_2_1_1_2,true
SELECT0_2_1_1_3,4512,HACTION_SELECT0_2_1_1_3,4512,HTML_PAGE_SELECT0_2_1_1_3,select0_2_1_1_3,true
SELECT0_2_1_1_4,4513,HACTION_SELECT0_2_1_1_4,4513,HTML_PAGE_SELECT0_2_1_1_4,select0_2_1_1_4,true
SELECT0_2_1_2,4514,HACTION_SELECT0_2_1_2,4514,HTML_PAGE_SELECT0_2_1_2,select0_2_1_2,true
SELECT0_2_1_2_1,4515,HACTION_SELECT0_2_1_2_1,4515,HTML_PAGE_SELECT0_2_1_2_1,select0_2_1_2_1,true
SELECT0_2_1_2_2,4516,HACTION_SELECT0_2_1_2_2,4516,HTML_PAGE_SELECT0_2_1_2_2,select0_2_1_2_2,true
SELECT0_2_1_2_3,4517,HACTION_SELECT0_2_1_2_3,4517,HTML_PAGE_SELECT0_2_1_2_3,select0_2_1_2_3,true
SELECT0_2_1_2_4,4518,HACTION_SELECT0_2_1_2_4,4518,HTML_PAGE_SELECT0_2_1_2_4,select0_2_1_2_4,true
SELECT0_2_1_3,4519,HACTION_SELECT0_2_1_3,4519,HTML_PAGE_SELECT0_2_1_3,select0_2_1_3,true
SELECT0_2_1_3_1,4520,HACTION_SELECT0_2_1_3_1,4520,HTML_PAGE_SELECT0_2_1_3_1,select0_2_1_3_1,true
SELECT0_2_1_3_2,4521,HACTION_SELECT0_2_1_3_2,4521,HTML_PAGE_SELECT0_2_1_3_2,select0_2_1_3_2,true
SELECT0_2_1_3_3,4522,HACTION_SELECT0_2_1_3_3,4522,HTML_PAGE_SELECT0_2_1_3_3,select0_2_1_3_3,true
SELECT0_2_1_3_4,4523,HACTION_SELECT0_2_1_3_4,4523,HTML_PAGE_SELECT0_2_1_3_4,select0_2_1_3_4,true
SELECT0_2_1_4,4524,HACTION_SELECT0_2_1_4,4524,HTML_PAGE_SELECT0_2_1_4,select0_2_1_4,true
SELECT0_2_1_4_1,4525,HACTION_SELECT0_2_1_4_1,4525,HTML_PAGE_SELECT0_2_1_4_1,select0_2_1_4_1,true
SELECT0_2_1_4_2,4526,HACTION_SELECT0_2_1_4_2,4526,HTML_PAGE_SELECT0_2_1_4_2,select0_2_1_4_2,true
SELECT0_2_1_4_3,4527,HACTION_SELECT0_2_1_4_3,4527,HTML_PAGE_SELECT0_2_1_4_3,select0_2_1_4_3,true
SELECT0_2_1_4_4,4528,HACTION_SELECT0_2_1_4_4,4528,HTML_PAGE_SELECT0_2_1_4_4,select0_2_1_4_4,true
SELECT0_2_2,4529,HACTION_SELECT0_2_2,4529,HTML_PAGE_SELECT0_2_2,select0_2_2,true
SELECT0_2_2_1,4530,HACTION_SELECT0_2_2_1,4530,HTML_PAGE_SELECT0_2_2_1,select0_2_2_1,true
SELECT0_2_2_1_1,4531,HACTION_SELECT0_2_2_1_1,4531,HTML_PAGE_SELECT0_2_2_1_1,select0_2_2_1_1,true
SELECT0_2_2_1_2,4532,HACTION_SELECT0_2_2_1_2,4532,HTML_PAGE_SELECT0_2_2_1_2,select0_2_2_1_2,true
SELECT0_2_2_1_3,4533,HACTION_SELECT0_2_2_1_3,4533,HTML_PAGE_SELECT0_2_2_1_3,select0_2_2_1_3,true
SELECT0_2_2_1_4,4534,HACTION_SELECT0_2_2_1_4,4534,HTML_PAGE_SELECT0_2_2_1_4,select0_2_2_1_4,true
SELECT0_2_2_2,4535,HACTION_SELECT0_2_2_2,4535,HTML_PAGE_SELECT0_2_2_2,select0_2_2_2,true
SELECT0_2_2_2_1,4536,HACTION_SELECT0_2_2_2_1,4536,HTML_PAGE_SELECT0_2_2_2_1,select0_2_2_2_1,true
SELECT0_2_2_2_2,4537,HACTION_SELECT0_2_2_2_2,4537,HTML_PAGE_SELECT0_2_2_2_2,select0_2_2_2_2,true
SELECT0_2_2_2_3,4538,HACTION_SELECT0_2_2_2_3,4538,HTML_PAGE_SELECT0_2_2_2_3,select0_2_2_2_3,true
SELECT0_2_2_2_4,4539,HACTION_SELECT0_2_2_2_4,4539,HTML_PAGE_SELECT0_2_2_2_4,select0_2_2_2_4,true
SELECT0_2_2_3,4540,HACTION_SELECT0_2_2_3,4540,HTML_PAGE_SELECT0_2_2_3,select0_2_2_3,true
SELECT0_2_2_3_1,4541,HACTION_SELECT0_2_2_3_1,4541,HTML_PAGE_SELECT0_2_2_3_1,select0_2_2_3_1,true
SELECT0_2_2_3_2,4542,HACTION_SELECT0_2_2_3_2,4542,HTML_PAGE_SELECT0_2_2_3_2,select0_2_2_3_2,true
SELECT0_2_2_3_3,4543,HACTION_SELECT0_2_2_3_3,4543,HTML_PAGE_SELECT0_2_2_3_3,select0_2_2_3_3,true
SELECT0_2_2_3_4,4544,HACTION_SELECT0_2_2_3_4,4544,HTML_PAGE_SELECT0_2_2_3_4,select0_2_2_3_4,true
SELECT0_2_2_4,4545,HACTION_SELECT0_2_2_4,4545,HTML_PAGE_SELECT0_2_2_4,select0_2_2_4,true
SELECT0_2_2_4_1,4546,HACTION_SELECT0_2_2_4_1,4546,HTML_PAGE_SELECT0_2_2_4_1,select0_2_2_4_1,true
SELECT0_2_2_4_2,4547,HACTION_SELECT0_2_2_4_2,4547,HTML_PAGE_SELECT0_2_2_4_2,select0_2_2_4_2,true
SELECT0_2_2_4_3,4548,HACTION_SELECT0_2_2_4_3,4548,HTML_PAGE_SELECT0_2_2_4_3,select0_2_2_4_3,true
SELECT0_2_2_4_4,4549,HACTION_SELECT0_2_2_4_4,4549,HTML_PAGE_SELECT0_2_2_4_4,select0_2_2_4_4,true
SELECT0_2_3,4550,HACTION_SELECT0_2_3,4550,HTML_PAGE_SELECT0_2_3,select0_2_3,true
SELECT0_2_3_1,4551,HACTION_SELECT0_2_3_1,4551,HTML_PAGE_SELECT0_2_3_1,select0_2_3_1,true
SELECT0_2_3_1_1,4552,HACTION_SELECT0_2_3_1_1,4552,HTML_PAGE_SELECT0_2_3_1_1,select0_2_3_1_1,true
SELECT0_2_3_1_2,4553,HACTION_SELECT0_2_3_1_2,4553,HTML_PAGE_SELECT0_2_3_1_2,select0_2_3_1_2,true
SELECT0_2_3_1_3,4554,HACTION_SELECT0_2_3_1_3,4554,HTML_PAGE_SELECT0_2_3_1_3,select0_2_3_1_3,true
SELECT0_2_3_1_4,4555,HACTION_SELECT0_2_3_1_4,4555,HTML_PAGE_SELECT0_2_3_1_4,select0_2_3_1_4,true
SELECT0_2_3_2,4556,HACTION_SELECT0_2_3_2,4556,HTML_PAGE_SELECT0_2_3_2,select0_2_3_2,true
SELECT0_2_3_2_1,4557,HACTION_SELECT0_2_3_2_1,4557,HTML_PAGE_SELECT0_2_3_2_1,select0_2_3_2_1,true
SELECT0_2_3_2_2,4558,HACTION_SELECT0_2_3_2_2,4558,HTML_PAGE_SELECT0_2_3_2_2,select0_2_3_2_2,true
SELECT0_2_3_2_3,4559,HACTION_SELECT0_2_3_2_3,4559,HTML_PAGE_SELECT0_2_3_2_3,select0_2_3_2_3,true
SELECT0_2_3_2_4,4560,HACTION_SELECT0_2_3_2_4,4560,HTML_PAGE_SELECT0_2_3_2_4,select0_2_3_2_4,true
SELECT0_2_3_3,4561,HACTION_SELECT0_2_3_3,4561,HTML_PAGE_SELECT0_2_3_3,select0_2_3_3,true
SELECT0_2_3_3_1,4562,HACTION_SELECT0_2_3_3_1,4562,HTML_PAGE_SELECT0_2_3_3_1,select0_2_3_3_1,true
SELECT0_2_3_3_2,4563,HACTION_SELECT0_2_3_3_2,4563,HTML_PAGE_SELECT0_2_3_3_2,select0_2_3_3_2,true
SELECT0_2_3_3_3,4564,HACTION_SELECT0_2_3_3_3,4564,HTML_PAGE_SELECT0_2_3_3_3,select0_2_3_3_3,true
SELECT0_2_3_3_4,4565,HACTION_SELECT0_2_3_3_4,4565,HTML_PAGE_SELECT0_2_3_3_4,select0_2_3_3_4,true
SELECT0_2_3_4,4566,HACTION_SELECT0_2_3_4,4566,HTML_PAGE_SELECT0_2_3_4,select0_2_3_4,true
SELECT0_2_3_4_1,4567,HACTION_SELECT0_2_3_4_1,4567,HTML_PAGE_SELECT0_2_3_4_1,select0_2_3_4_1,true
SELECT0_2_3_4_2,4568,HACTION_SELECT0_2_3_4_2,4568,HTML_PAGE_SELECT0_2_3_4_2,select0_2_3_4_2,true
SELECT0_2_3_4_3,4569,HACTION_SELECT0_2_3_4_3,4569,HTML_PAGE_SELECT0_2_3_4_3,select0_2_3_4_3,true
SELECT0_2_3_4_4,4570,HACTION_SELECT0_2_3_4_4,4570,HTML_PAGE_SELECT0_2_3_4_4,select0_2_3_4_4,true
SELECT0_2_4,4571,HACTION_SELECT0_2_4,4571,HTML_PAGE_SELECT0_2_4,select0_2_4,true
SELECT0_2_4_1,4572,HACTION_SELECT0_2_4_1,4572,HTML_PAGE_SELECT0_2_4_1,select0_2_4_1,true
SELECT0_2_4_1_1,4573,HACTION_SELECT0_2_4_1_1,4573,HTML_PAGE_SELECT0_2_4_1_1,select0_2_4_1_1,true
SELECT0_2_4_1_2,4574,HACTION_SELECT0_2_4_1_2,4574,HTML_PAGE_SELECT0_2_4_1_2,select0_2_4_1_2,true
SELECT0_2_4_1_3,4575,HACTION_SELECT0_2_4_1_3,4575,HTML_PAGE_SELECT0_2_4_1_3,select0_2_4_1_3,true
SELECT0_2_4_1_4,4576,HACTION_SELECT0_2_4_1_4,4576,HTML_PAGE_SELECT0_2_4_1_4,select0_2_4_1_4,true
SELECT0_2_4_2,4577,HACTION_SELECT0_2_4_2,4577,HTML_PAGE_SELECT0_2_4_2,select0_2_4_2,true
SELECT0_2_4_2_1,4578,HACTION_SELECT0_2_4_2_1,4578,HTML_PAGE_SELECT0_2_4_2_1,select0_2_4_2_1,true
SELECT0_2_4_2_2,4579,HACTION_SELECT0_2_4_2_2,4579,HTML_PAGE_SELECT0_2_4_2_2,select0_2_4_2_2,true
SELECT0_2_4_2_3,4580,HACTION_SELECT0_2_4_2_3,4580,HTML_PAGE_SELECT0_2_4_2_3,select0_2_4_2_3,true
SELECT0_2_4_2_4,4581,HACTION_SELECT0_2_4_2_4,4581,HTML_PAGE_SELECT0_2_4_2_4,select0_2_4_2_4,true
SELECT0_2_4_3,4582,HACTION_SELECT0_2_4_3,4582,HTML_PAGE_SELECT0_2_4_3,select0_2_4_3,true
SELECT0_2_4_3_1,4583,HACTION_SELECT0_2_4_3_1,4583,HTML_PAGE_SELECT0_2_4_3_1,select0_2_4_3_1,true
SELECT0_2_4_3_2,4584,HACTION_SELECT0_2_4_3_2,4584,HTML_PAGE_SELECT0_2_4_3_2,select0_2_4_3_2,true
SELECT0_2_4_3_3,4585,HACTION_SELECT0_2_4_3_3,4585,HTML_PAGE_SELECT0_2_4_3_3,select0_2_4_3_3,true
SELECT0_2_4_3_4,4586,HACTION_SELECT0_2_4_3_4,4586,HTML_PAGE_SELECT0_2_4_3_4,select0_2_4_3_4,true
SELECT0_2_4_4,4587,HACTION_SELECT0_2_4_4,4587,HTML_PAGE_SELECT0_2_4_4,select0_2_4_4,true
SELECT0_2_4_4_1,4588,HACTION_SELECT0_2_4_4_1,4588,HTML_PAGE_SELECT0_2_4_4_1,select0_2_4_4_1,true
SELECT0_2_4_4_2,4589,HACTION_SELECT0_2_4_4_2,4589,HTML_PAGE_SELECT0_2_4_4_2,select0_2_4_4_2,true
SELECT0_2_4_4_3,4590,HACTION_SELECT0_2_4_4_3,4590,HTML_PAGE_SELECT0_2_4_4_3,select0_2_4_4_3,true
SELECT0_2_4_4_4,4591,HACTION_SELECT0_2_4_4_4,4591,HTML_PAGE_SELECT0_2_4_4_4,select0_2_4_4_4,true
SELECT0_3,4592,HACTION_SELECT0_3,4592,HTML_PAGE_SELECT0_3,select0_3,true
SELECT0_3_1,4593,HACTION_SELECT0_3_1,4593,HTML_PAGE_SELECT0_3_1,select0_3_1,true
SELECT0_3_1_1,4594,HACTION_SELECT0_3_1_1,4594,HTML_PAGE_SELECT0_3_1_1,select0_3_1_1,true
SELECT0_3_1_1_1,4595,HACTION_SELECT0_3_1_1_1,4595,HTML_PAGE_SELECT0_3_1_1_1,select0_3_1_1_1,true
SELECT0_3_1_1_2,4596,HACTION_SELECT0_3_1_1_2,4596,HTML_PAGE_SELECT0_3_1_1_2,select0_3_1_1_2,true
SELECT0_3_1_1_3,4597,HACTION_SELECT0_3_1_1_3,4597,HTML_PAGE_SELECT0_3_1_1_3,select0_3_1_1_3,true
SELECT0_3_1_1_4,4598,HACTION_SELECT0_3_1_1_4,4598,HTML_PAGE_SELECT0_3_1_1_4,select0_3_1_1_4,true
SELECT0_3_1_2,4599,HACTION_SELECT0_3_1_2,4599,HTML_PAGE_SELECT0_3_1_2,select0_3_1_2,true
SELECT0_3_1_2_1,4600,HACTION_SELECT0_3_1_2_1,4600,HTML_PAGE_SELECT0_3_1_2_1,select0_3_1_2_1,true
SELECT0_3_1_2_2,4601,HACTION_SELECT0_3_1_2_2,4601,HTML_PAGE_SELECT0_3_1_2_2,select0_3_1_2_2,true
SELECT0_3_1_2_3,4602,HACTION_SELECT0_3_1_2_3,4602,HTML_PAGE_SELECT0_3_1_2_3,select0_3_1_2_3,true
SELECT0_3_1_2_4,4603,HACTION_SELECT0_3_1_2_4,4603,HTML_PAGE_SELECT0_3_1_2_4,select0_3_1_2_4,true
SELECT0_3_1_3,4604,HACTION_SELECT0_3_1_3,4604,HTML_PAGE_SELECT0_3_1_3,select0_3_1_3,true
SELECT0_3_1_3_1,4605,HACTION_SELECT0_3_1_3_1,4605,HTML_PAGE_SELECT0_3_1_3_1,select0_3_1_3_1,true
SELECT0_3_1_3_2,4606,HACTION_SELECT0_3_1_3_2,4606,HTML_PAGE_SELECT0_3_1_3_2,select0_3_1_3_2,true
SELECT0_3_1_3_3,4607,HACTION_SELECT0_3_1_3_3,4607,HTML_PAGE_SELECT0_3_1_3_3,select0_3_1_3_3,true
SELECT0_3_1_3_4,4608,HACTION_SELECT0_3_1_3_4,4608,HTML_PAGE_SELECT0_3_1_3_4,select0_3_1_3_4,true
SELECT0_3_1_4,4609,HACTION_SELECT0_3_1_4,4609,HTML_PAGE_SELECT0_3_1_4,select0_3_1_4,true
SELECT0_3_1_4_1,4610,HACTION_SELECT0_3_1_4_1,4610,HTML_PAGE_SELECT0_3_1_4_1,select0_3_1_4_1,true
SELECT0_3_1_4_2,4611,HACTION_SELECT0_3_1_4_2,4611,HTML_PAGE_SELECT0_3_1_4_2,select0_3_1_4_2,true
SELECT0_3_1_4_3,4612,HACTION_SELECT0_3_1_4_3,4612,HTML_PAGE_SELECT0_3_1_4_3,select0_3_1_4_3,true
SELECT0_3_1_4_4,4613,HACTION_SELECT0_3_1_4_4,4613,HTML_PAGE_SELECT0_3_1_4_4,select0_3_1_4_4,true
SELECT0_3_2,4614,HACTION_SELECT0_3_2,4614,HTML_PAGE_SELECT0_3_2,select0_3_2,true
SELECT0_3_2_1,4615,HACTION_SELECT0_3_2_1,4615,HTML_PAGE_SELECT0_3_2_1,select0_3_2_1,true
SELECT0_3_2_1_1,4616,HACTION_SELECT0_3_2_1_1,4616,HTML_PAGE_SELECT0_3_2_1_1,select0_3_2_1_1,true
SELECT0_3_2_1_2,4617,HACTION_SELECT0_3_2_1_2,4617,HTML_PAGE_SELECT0_3_2_1_2,select0_3_2_1_2,true
SELECT0_3_2_1_3,4618,HACTION_SELECT0_3_2_1_3,4618,HTML_PAGE_SELECT0_3_2_1_3,select0_3_2_1_3,true
SELECT0_3_2_1_4,4619,HACTION_SELECT0_3_2_1_4,4619,HTML_PAGE_SELECT0_3_2_1_4,select0_3_2_1_4,true
SELECT0_3_2_2,4620,HACTION_SELECT0_3_2_2,4620,HTML_PAGE_SELECT0_3_2_2,select0_3_2_2,true
SELECT0_3_2_2_1,4621,HACTION_SELECT0_3_2_2_1,4621,HTML_PAGE_SELECT0_3_2_2_1,select0_3_2_2_1,true
SELECT0_3_2_2_2,4622,HACTION_SELECT0_3_2_2_2,4622,HTML_PAGE_SELECT0_3_2_2_2,select0_3_2_2_2,true
SELECT0_3_2_2_3,4623,HACTION_SELECT0_3_2_2_3,4623,HTML_PAGE_SELECT0_3_2_2_3,select0_3_2_2_3,true
SELECT0_3_2_2_4,4624,HACTION_SELECT0_3_2_2_4,4624,HTML_PAGE_SELECT0_3_2_2_4,select0_3_2_2_4,true
SELECT0_3_2_3,4625,HACTION_SELECT0_3_2_3,4625,HTML_PAGE_SELECT0_3_2_3,select0_3_2_3,true
SELECT0_3_2_3_1,4626,HACTION_SELECT0_3_2_3_1,4626,HTML_PAGE_SELECT0_3_2_3_1,select0_3_2_3_1,true
SELECT0_3_2_3_2,4627,HACTION_SELECT0_3_2_3_2,4627,HTML_PAGE_SELECT0_3_2_3_2,select0_3_2_3_2,true
SELECT0_3_2_3_3,4628,HACTION_SELECT0_3_2_3_3,4628,HTML_PAGE_SELECT0_3_2_3_3,select0_3_2_3_3,true
SELECT0_3_2_3_4,4629,HACTION_SELECT0_3_2_3_4,4629,HTML_PAGE_SELECT0_3_2_3_4,select0_3_2_3_4,true
SELECT0_3_2_4,4630,HACTION_SELECT0_3_2_4,4630,HTML_PAGE_SELECT0_3_2_4,select0_3_2_4,true
SELECT0_3_2_4_1,4631,HACTION_SELECT0_3_2_4_1,4631,HTML_PAGE_SELECT0_3_2_4_1,select0_3_2_4_1,true
SELECT0_3_2_4_2,4632,HACTION_SELECT0_3_2_4_2,4632,HTML_PAGE_SELECT0_3_2_4_2,select0_3_2_4_2,true
SELECT0_3_2_4_3,4633,HACTION_SELECT0_3_2_4_3,4633,HTML_PAGE_SELECT0_3_2_4_3,select0_3_2_4_3,true
SELECT0_3_2_4_4,4634,HACTION_SELECT0_3_2_4_4,4634,HTML_PAGE_SELECT0_3_2_4_4,select0_3_2_4_4,true
SELECT0_3_3,4635,HACTION_SELECT0_3_3,4635,HTML_PAGE_SELECT0_3_3,select0_3_3,true
SELECT0_3_3_1,4636,HACTION_SELECT0_3_3_1,4636,HTML_PAGE_SELECT0_3_3_1,select0_3_3_1,true
SELECT0_3_3_1_1,4637,HACTION_SELECT0_3_3_1_1,4637,HTML_PAGE_SELECT0_3_3_1_1,select0_3_3_1_1,true
SELECT0_3_3_1_2,4638,HACTION_SELECT0_3_3_1_2,4638,HTML_PAGE_SELECT0_3_3_1_2,select0_3_3_1_2,true
SELECT0_3_3_1_3,4639,HACTION_SELECT0_3_3_1_3,4639,HTML_PAGE_SELECT0_3_3_1_3,select0_3_3_1_3,true
SELECT0_3_3_1_4,4640,HACTION_SELECT0_3_3_1_4,4640,HTML_PAGE_SELECT0_3_3_1_4,select0_3_3_1_4,true
SELECT0_3_3_2,4641,HACTION_SELECT0_3_3_2,4641,HTML_PAGE_SELECT0_3_3_2,select0_3_3_2,true
SELECT0_3_3_2_1,4642,HACTION_SELECT0_3_3_2_1,4642,HTML_PAGE_SELECT0_3_3_2_1,select0_3_3_2_1,true
SELECT0_3_3_2_2,4643,HACTION_SELECT0_3_3_2_2,4643,HTML_PAGE_SELECT0_3_3_2_2,select0_3_3_2_2,true
SELECT0_3_3_2_3,4644,HACTION_SELECT0_3_3_2_3,4644,HTML_PAGE_SELECT0_3_3_2_3,select0_3_3_2_3,true
SELECT0_3_3_2_4,4645,HACTION_SELECT0_3_3_2_4,4645,HTML_PAGE_SELECT0_3_3_2_4,select0_3_3_2_4,true
SELECT0_3_3_3,4646,HACTION_SELECT0_3_3_3,4646,HTML_PAGE_SELECT0_3_3_3,select0_3_3_3,true
SELECT0_3_3_3_1,4647,HACTION_SELECT0_3_3_3_1,4647,HTML_PAGE_SELECT0_3_3_3_1,select0_3_3_3_1,true
SELECT0_3_3_3_2,4648,HACTION_SELECT0_3_3_3_2,4648,HTML_PAGE_SELECT0_3_3_3_2,select0_3_3_3_2,true
SELECT0_3_3_3_3,4649,HACTION_SELECT0_3_3_3_3,4649,HTML_PAGE_SELECT0_3_3_3_3,select0_3_3_3_3,true
SELECT0_3_3_3_4,4650,HACTION_SELECT0_3_3_3_4,4650,HTML_PAGE_SELECT0_3_3_3_4,select0_3_3_3_4,true
SELECT0_3_3_4,4651,HACTION_SELECT0_3_3_4,4651,HTML_PAGE_SELECT0_3_3_4,select0_3_3_4,true
SELECT0_3_3_4_1,4652,HACTION_SELECT0_3_3_4_1,4652,HTML_PAGE_SELECT0_3_3_4_1,select0_3_3_4_1,true
SELECT0_3_3_4_2,4653,HACTION_SELECT0_3_3_4_2,4653,HTML_PAGE_SELECT0_3_3_4_2,select0_3_3_4_2,true
SELECT0_3_3_4_3,4654,HACTION_SELECT0_3_3_4_3,4654,HTML_PAGE_SELECT0_3_3_4_3,select0_3_3_4_3,true
SELECT0_3_3_4_4,4655,HACTION_SELECT0_3_3_4_4,4655,HTML_PAGE_SELECT0_3_3_4_4,select0_3_3_4_4,true
SELECT0_3_4,4656,HACTION_SELECT0_3_4,4656,HTML_PAGE_SELECT0_3_4,select0_3_4,true
SELECT0_3_4_1,4657,HACTION_SELECT0_3_4_1,4657,HTML_PAGE_SELECT0_3_4_1,select0_3_4_1,true
SELECT0_3_4_1_1,4658,HACTION_SELECT0_3_4_1_1,4658,HTML_PAGE_SELECT0_3_4_1_1,select0_3_4_1_1,true
SELECT0_3_4_1_2,4659,HACTION_SELECT0_3_4_1_2,4659,HTML_PAGE_SELECT0_3_4_1_2,select0_3_4_1_2,true
SELECT0_3_4_1_3,4660,HACTION_SELECT0_3_4_1_3,4660,HTML_PAGE_SELECT0_3_4_1_3,select0_3_4_1_3,true
SELECT0_3_4_1_4,4661,HACTION_SELECT0_3_4_1_4,4661,HTML_PAGE_SELECT0_3_4_1_4,select0_3_4_1_4,true
SELECT0_3_4_2,4662,HACTION_SELECT0_3_4_2,4662,HTML_PAGE_SELECT0_3_4_2,select0_3_4_2,true
SELECT0_3_4_2_1,4663,HACTION_SELECT0_3_4_2_1,4663,HTML_PAGE_SELECT0_3_4_2_1,select0_3_4_2_1,true
SELECT0_3_4_2_2,4664,HACTION_SELECT0_3_4_2_2,4664,HTML_PAGE_SELECT0_3_4_2_2,select0_3_4_2_2,true
SELECT0_3_4_2_3,4665,HACTION_SELECT0_3_4_2_3,4665,HTML_PAGE_SELECT0_3_4_2_3,select0_3_4_2_3,true
SELECT0_3_4_2_4,4666,HACTION_SELECT0_3_4_2_4,4666,HTML_PAGE_SELECT0_3_4_2_4,select0_3_4_2_4,true
SELECT0_3_4_3,4667,HACTION_SELECT0_3_4_3,4667,HTML_PAGE_SELECT0_3_4_3,select0_3_4_3,true
SELECT0_3_4_3_1,4668,HACTION_SELECT0_3_4_3_1,4668,HTML_PAGE_SELECT0_3_4_3_1,select0_3_4_3_1,true
SELECT0_3_4_3_2,4669,HACTION_SELECT0_3_4_3_2,4669,HTML_PAGE_SELECT0_3_4_3_2,select0_3_4_3_2,true
SELECT0_3_4_3_3,4670,HACTION_SELECT0_3_4_3_3,4670,HTML_PAGE_SELECT0_3_4_3_3,select0_3_4_3_3,true
SELECT0_3_4_3_4,4671,HACTION_SELECT0_3_4_3_4,4671,HTML_PAGE_SELECT0_3_4_3_4,select0_3_4_3_4,true
SELECT0_3_4_4,4672,HACTION_SELECT0_3_4_4,4672,HTML_PAGE_SELECT0_3_4_4,select0_3_4_4,true
SELECT0_3_4_4_1,4673,HACTION_SELECT0_3_4_4_1,4673,HTML_PAGE_SELECT0_3_4_4_1,select0_3_4_4_1,true
SELECT0_3_4_4_2,4674,HACTION_SELECT0_3_4_4_2,4674,HTML_PAGE_SELECT0_3_4_4_2,select0_3_4_4_2,true
SELECT0_3_4_4_3,4675,HACTION_SELECT0_3_4_4_3,4675,HTML_PAGE_SELECT0_3_4_4_3,select0_3_4_4_3,true
SELECT0_3_4_4_4,4676,HACTION_SELECT0_3_4_4_4,4676,HTML_PAGE_SELECT0_3_4_4_4,select0_3_4_4_4,true
SELECT0_4,4677,HACTION_SELECT0_4,4677,HTML_PAGE_SELECT0_4,select0_4,true
SELECT0_4_1,4678,HACTION_SELECT0_4_1,4678,HTML_PAGE_SELECT0_4_1,select0_4_1,true
SELECT0_4_1_1,4679,HACTION_SELECT0_4_1_1,4679,HTML_PAGE_SELECT0_4_1_1,select0_4_1_1,true
SELECT0_4_1_1_1,4680,HACTION_SELECT0_4_1_1_1,4680,HTML_PAGE_SELECT0_4_1_1_1,select0_4_1_1_1,true
SELECT0_4_1_1_2,4681,HACTION_SELECT0_4_1_1_2,4681,HTML_PAGE_SELECT0_4_1_1_2,select0_4_1_1_2,true
SELECT0_4_1_1_3,4682,HACTION_SELECT0_4_1_1_3,4682,HTML_PAGE_SELECT0_4_1_1_3,select0_4_1_1_3,true
SELECT0_4_1_1_4,4683,HACTION_SELECT0_4_1_1_4,4683,HTML_PAGE_SELECT0_4_1_1_4,select0_4_1_1_4,true
SELECT0_4_1_2,4684,HACTION_SELECT0_4_1_2,4684,HTML_PAGE_SELECT0_4_1_2,select0_4_1_2,true
SELECT0_4_1_2_1,4685,HACTION_SELECT0_4_1_2_1,4685,HTML_PAGE_SELECT0_4_1_2_1,select0_4_1_2_1,true
SELECT0_4_1_2_2,4686,HACTION_SELECT0_4_1_2_2,4686,HTML_PAGE_SELECT0_4_1_2_2,select0_4_1_2_2,true
SELECT0_4_1_2_3,4687,HACTION_SELECT0_4_1_2_3,4687,HTML_PAGE_SELECT0_4_1_2_3,select0_4_1_2_3,true
SELECT0_4_1_2_4,4688,HACTION_SELECT0_4_1_2_4,4688,HTML_PAGE_SELECT0_4_1_2_4,select0_4_1_2_4,true
SELECT0_4_1_3,4689,HACTION_SELECT0_4_1_3,4689,HTML_PAGE_SELECT0_4_1_3,select0_4_1_3,true
SELECT0_4_1_3_1,4690,HACTION_SELECT0_4_1_3_1,4690,HTML_PAGE_SELECT0_4_1_3_1,select0_4_1_3_1,true
SELECT0_4_1_3_2,4691,HACTION_SELECT0_4_1_3_2,4691,HTML_PAGE_SELECT0_4_1_3_2,select0_4_1_3_2,true
SELECT0_4_1_3_3,4692,HACTION_SELECT0_4_1_3_3,4692,HTML_PAGE_SELECT0_4_1_3_3,select0_4_1_3_3,true
SELECT0_4_1_3_4,4693,HACTION_SELECT0_4_1_3_4,4693,HTML_PAGE_SELECT0_4_1_3_4,select0_4_1_3_4,true
SELECT0_4_1_4,4694,HACTION_SELECT0_4_1_4,4694,HTML_PAGE_SELECT0_4_1_4,select0_4_1_4,true
SELECT0_4_1_4_1,4695,HACTION_SELECT0_4_1_4_1,4695,HTML_PAGE_SELECT0_4_1_4_1,select0_4_1_4_1,true
SELECT0_4_1_4_2,4696,HACTION_SELECT0_4_1_4_2,4696,HTML_PAGE_SELECT0_4_1_4_2,select0_4_1_4_2,true
SELECT0_4_1_4_3,4697,HACTION_SELECT0_4_1_4_3,4697,HTML_PAGE_SELECT0_4_1_4_3,select0_4_1_4_3,true
SELECT0_4_1_4_4,4698,HACTION_SELECT0_4_1_4_4,4698,HTML_PAGE_SELECT0_4_1_4_4,select0_4_1_4_4,true
SELECT0_4_2,4699,HACTION_SELECT0_4_2,4699,HTML_PAGE_SELECT0_4_2,select0_4_2,true
SELECT0_4_2_1,4700,HACTION_SELECT0_4_2_1,4700,HTML_PAGE_SELECT0_4_2_1,select0_4_2_1,true
SELECT0_4_2_1_1,4701,HACTION_SELECT0_4_2_1_1,4701,HTML_PAGE_SELECT0_4_2_1_1,select0_4_2_1_1,true
SELECT0_4_2_1_2,4702,HACTION_SELECT0_4_2_1_2,4702,HTML_PAGE_SELECT0_4_2_1_2,select0_4_2_1_2,true
SELECT0_4_2_1_3,4703,HACTION_SELECT0_4_2_1_3,4703,HTML_PAGE_SELECT0_4_2_1_3,select0_4_2_1_3,true
SELECT0_4_2_1_4,4704,HACTION_SELECT0_4_2_1_4,4704,HTML_PAGE_SELECT0_4_2_1_4,select0_4_2_1_4,true
SELECT0_4_2_2,4705,HACTION_SELECT0_4_2_2,4705,HTML_PAGE_SELECT0_4_2_2,select0_4_2_2,true
SELECT0_4_2_2_1,4706,HACTION_SELECT0_4_2_2_1,4706,HTML_PAGE_SELECT0_4_2_2_1,select0_4_2_2_1,true
SELECT0_4_2_2_2,4707,HACTION_SELECT0_4_2_2_2,4707,HTML_PAGE_SELECT0_4_2_2_2,select0_4_2_2_2,true
SELECT0_4_2_2_3,4708,HACTION_SELECT0_4_2_2_3,4708,HTML_PAGE_SELECT0_4_2_2_3,select0_4_2_2_3,true
SELECT0_4_2_2_4,4709,HACTION_SELECT0_4_2_2_4,4709,HTML_PAGE_SELECT0_4_2_2_4,select0_4_2_2_4,true
SELECT0_4_2_3,4710,HACTION_SELECT0_4_2_3,4710,HTML_PAGE_SELECT0_4_2_3,select0_4_2_3,true
SELECT0_4_2_3_1,4711,HACTION_SELECT0_4_2_3_1,4711,HTML_PAGE_SELECT0_4_2_3_1,select0_4_2_3_1,true
SELECT0_4_2_3_2,4712,HACTION_SELECT0_4_2_3_2,4712,HTML_PAGE_SELECT0_4_2_3_2,select0_4_2_3_2,true
SELECT0_4_2_3_3,4713,HACTION_SELECT0_4_2_3_3,4713,HTML_PAGE_SELECT0_4_2_3_3,select0_4_2_3_3,true
SELECT0_4_2_3_4,4714,HACTION_SELECT0_4_2_3_4,4714,HTML_PAGE_SELECT0_4_2_3_4,select0_4_2_3_4,true
SELECT0_4_2_4,4715,HACTION_SELECT0_4_2_4,4715,HTML_PAGE_SELECT0_4_2_4,select0_4_2_4,true
SELECT0_4_2_4_1,4716,HACTION_SELECT0_4_2_4_1,4716,HTML_PAGE_SELECT0_4_2_4_1,select0_4_2_4_1,true
SELECT0_4_2_4_2,4717,HACTION_SELECT0_4_2_4_2,4717,HTML_PAGE_SELECT0_4_2_4_2,select0_4_2_4_2,true
SELECT0_4_2_4_3,4718,HACTION_SELECT0_4_2_4_3,4718,HTML_PAGE_SELECT0_4_2_4_3,select0_4_2_4_3,true
SELECT0_4_2_4_4,4719,HACTION_SELECT0_4_2_4_4,4719,HTML_PAGE_SELECT0_4_2_4_4,select0_4_2_4_4,true
SELECT0_4_3,4720,HACTION_SELECT0_4_3,4720,HTML_PAGE_SELECT0_4_3,select0_4_3,true
SELECT0_4_3_1,4721,HACTION_SELECT0_4_3_1,4721,HTML_PAGE_SELECT0_4_3_1,select0_4_3_1,true
SELECT0_4_3_1_1,4722,HACTION_SELECT0_4_3_1_1,4722,HTML_PAGE_SELECT0_4_3_1_1,select0_4_3_1_1,true
SELECT0_4_3_1_2,4723,HACTION_SELECT0_4_3_1_2,4723,HTML_PAGE_SELECT0_4_3_1_2,select0_4_3_1_2,true
SELECT0_4_3_1_3,4724,HACTION_SELECT0_4_3_1_3,4724,HTML_PAGE_SELECT0_4_3_1_3,select0_4_3_1_3,true
SELECT0_4_3_1_4,4725,HACTION_SELECT0_4_3_1_4,4725,HTML_PAGE_SELECT0_4_3_1_4,select0_4_3_1_4,true
SELECT0_4_3_2,4726,HACTION_SELECT0_4_3_2,4726,HTML_PAGE_SELECT0_4_3_2,select0_4_3_2,true
SELECT0_4_3_2_1,4727,HACTION_SELECT0_4_3_2_1,4727,HTML_PAGE_SELECT0_4_3_2_1,select0_4_3_2_1,true
SELECT0_4_3_2_2,4728,HACTION_SELECT0_4_3_2_2,4728,HTML_PAGE_SELECT0_4_3_2_2,select0_4_3_2_2,true
SELECT0_4_3_2_3,4729,HACTION_SELECT0_4_3_2_3,4729,HTML_PAGE_SELECT0_4_3_2_3,select0_4_3_2_3,true
SELECT0_4_3_2_4,4730,HACTION_SELECT0_4_3_2_4,4730,HTML_PAGE_SELECT0_4_3_2_4,select0_4_3_2_4,true
SELECT0_4_3_3,4731,HACTION_SELECT0_4_3_3,4731,HTML_PAGE_SELECT0_4_3_3,select0_4_3_3,true
SELECT0_4_3_3_1,4732,HACTION_SELECT0_4_3_3_1,4732,HTML_PAGE_SELECT0_4_3_3_1,select0_4_3_3_1,true
SELECT0_4_3_3_2,4733,HACTION_SELECT0_4_3_3_2,4733,HTML_PAGE_SELECT0_4_3_3_2,select0_4_3_3_2,true
SELECT0_4_3_3_3,4734,HACTION_SELECT0_4_3_3_3,4734,HTML_PAGE_SELECT0_4_3_3_3,select0_4_3_3_3,true
SELECT0_4_3_3_4,4735,HACTION_SELECT0_4_3_3_4,4735,HTML_PAGE_SELECT0_4_3_3_4,select0_4_3_3_4,true
SELECT0_4_3_4,4736,HACTION_SELECT0_4_3_4,4736,HTML_PAGE_SELECT0_4_3_4,select0_4_3_4,true
SELECT0_4_3_4_1,4737,HACTION_SELECT0_4_3_4_1,4737,HTML_PAGE_SELECT0_4_3_4_1,select0_4_3_4_1,true
SELECT0_4_3_4_2,4738,HACTION_SELECT0_4_3_4_2,4738,HTML_PAGE_SELECT0_4_3_4_2,select0_4_3_4_2,true
SELECT0_4_3_4_3,4739,HACTION_SELECT0_4_3_4_3,4739,HTML_PAGE_SELECT0_4_3_4_3,select0_4_3_4_3,true
SELECT0_4_3_4_4,4740,HACTION_SELECT0_4_3_4_4,4740,HTML_PAGE_SELECT0_4_3_4_4,select0_4_3_4_4,true
SELECT0_4_4,4741,HACTION_SELECT0_4_4,4741,HTML_PAGE_SELECT0_4_4,select0_4_4,true
SELECT0_4_4_1,4742,HACTION_SELECT0_4_4_1,4742,HTML_PAGE_SELECT0_4_4_1,select0_4_4_1,true
SELECT0_4_4_1_1,4743,HACTION_SELECT0_4_4_1_1,4743,HTML_PAGE_SELECT0_4_4_1_1,select0_4_4_1_1,true
SELECT0_4_4_1_2,4744,HACTION_SELECT0_4_4_1_2,4744,HTML_PAGE_SELECT0_4_4_1_2,select0_4_4_1_2,true
SELECT0_4_4_1_3,4745,HACTION_SELECT0_4_4_1_3,4745,HTML_PAGE_SELECT0_4_4_1_3,select0_4_4_1_3,true
SELECT0_4_4_1_4,4746,HACTION_SELECT0_4_4_1_4,4746,HTML_PAGE_SELECT0_4_4_1_4,select0_4_4_1_4,true
SELECT0_4_4_2,4747,HACTION_SELECT0_4_4_2,4747,HTML_PAGE_SELECT0_4_4_2,select0_4_4_2,true
SELECT0_4_4_2_1,4748,HACTION_SELECT0_4_4_2_1,4748,HTML_PAGE_SELECT0_4_4_2_1,select0_4_4_2_1,true
SELECT0_4_4_2_2,4749,HACTION_SELECT0_4_4_2_2,4749,HTML_PAGE_SELECT0_4_4_2_2,select0_4_4_2_2,true
SELECT0_4_4_2_3,4750,HACTION_SELECT0_4_4_2_3,4750,HTML_PAGE_SELECT0_4_4_2_3,select0_4_4_2_3,true
SELECT0_4_4_2_4,4751,HACTION_SELECT0_4_4_2_4,4751,HTML_PAGE_SELECT0_4_4_2_4,select0_4_4_2_4,true
SELECT0_4_4_3,4752,HACTION_SELECT0_4_4_3,4752,HTML_PAGE_SELECT0_4_4_3,select0_4_4_3,true
SELECT0_4_4_3_1,4753,HACTION_SELECT0_4_4_3_1,4753,HTML_PAGE_SELECT0_4_4_3_1,select0_4_4_3_1,true
SELECT0_4_4_3_2,4754,HACTION_SELECT0_4_4_3_2,4754,HTML_PAGE_SELECT0_4_4_3_2,select0_4_4_3_2,true
SELECT0_4_4_3_3,4755,HACTION_SELECT0_4_4_3_3,4755,HTML_PAGE_SELECT0_4_4_3_3,select0_4_4_3_3,true
SELECT0_4_4_3_4,4756,HACTION_SELECT0_4_4_3_4,4756,HTML_PAGE_SELECT0_4_4_3_4,select0_4_4_3_4,true
SELECT0_4_4_4,4757,HACTION_SELECT0_4_4_4,4757,HTML_PAGE_SELECT0_4_4_4,select0_4_4_4,true
SELECT0_4_4_4_1,4758,HACTION_SELECT0_4_4_4_1,4758,HTML_PAGE_SELECT0_4_4_4_1,select0_4_4_4_1,true
SELECT0_4_4_4_2,4759,HACTION_SELECT0_4_4_4_2,4759,HTML_PAGE_SELECT0_4_4_4_2,select0_4_4_4_2,true
SELECT0_4_4_4_3,4760,HACTION_SELECT0_4_4_4_3,4760,HTML_PAGE_SELECT0_4_4_4_3,select0_4_4_4_3,true
SELECT0_4_4_4_4,4761,HACTION_SELECT0_4_4_4_4,4761,HTML_PAGE_SELECT0_4_4_4_4,select0_4_4_4_4,true
SELECT1,1011,HACTION_SELECT1,1011,HTML_PAGE_SELECT1,select1,true
SELECT10,4080,HACTION_SELECT10,4080,HTML_PAGE_SELECT10,select10,true
SELECT10_1,4081,HACTION_SELECT10_1,4081,HTML_PAGE_SELECT10_1,select10_1,true
SELECT10_1_1,4082,HACTION_SELECT10_1_1,4082,HTML_PAGE_SELECT10_1_1,select10_1_1,true
SELECT10_1_1_1,4083,HACTION_SELECT10_1_1_1,4083,HTML_PAGE_SELECT10_1_1_1,select10_1_1_1,true
SELECT10_1_1_1_1,4084,HACTION_SELECT10_1_1_1_1,4084,HTML_PAGE_SELECT10_1_1_1_1,select10_1_1_1_1,true
SELECT10_1_1_1_2,4085,HACTION_SELECT10_1_1_1_2,4085,HTML_PAGE_SELECT10_1_1_1_2,select10_1_1_1_2,true
SELECT10_1_1_1_3,4086,HACTION_SELECT10_1_1_1_3,4086,HTML_PAGE_SELECT10_1_1_1_3,select10_1_1_1_3,true
SELECT10_1_1_1_4,4087,HACTION_SELECT10_1_1_1_4,4087,HTML_PAGE_SELECT10_1_1_1_4,select10_1_1_1_4,true
SELECT10_1_1_2,4088,HACTION_SELECT10_1_1_2,4088,HTML_PAGE_SELECT10_1_1_2,select10_1_1_2,true
SELECT10_1_1_2_1,4089,HACTION_SELECT10_1_1_2_1,4089,HTML_PAGE_SELECT10_1_1_2_1,select10_1_1_2_1,true
SELECT10_1_1_2_2,4090,HACTION_SELECT10_1_1_2_2,4090,HTML_PAGE_SELECT10_1_1_2_2,select10_1_1_2_2,true
SELECT10_1_1_2_3,4091,HACTION_SELECT10_1_1_2_3,4091,HTML_PAGE_SELECT10_1_1_2_3,select10_1_1_2_3,true
SELECT10_1_1_2_4,4092,HACTION_SELECT10_1_1_2_4,4092,HTML_PAGE_SELECT10_1_1_2_4,select10_1_1_2_4,true
SELECT10_1_1_3,4093,HACTION_SELECT10_1_1_3,4093,HTML_PAGE_SELECT10_1_1_3,select10_1_1_3,true
SELECT10_1_1_3_1,4094,HACTION_SELECT10_1_1_3_1,4094,HTML_PAGE_SELECT10_1_1_3_1,select10_1_1_3_1,true
SELECT10_1_1_3_2,4095,HACTION_SELECT10_1_1_3_2,4095,HTML_PAGE_SELECT10_1_1_3_2,select10_1_1_3_2,true
SELECT10_1_1_3_3,4096,HACTION_SELECT10_1_1_3_3,4096,HTML_PAGE_SELECT10_1_1_3_3,select10_1_1_3_3,true
SELECT10_1_1_3_4,4097,HACTION_SELECT10_1_1_3_4,4097,HTML_PAGE_SELECT10_1_1_3_4,select10_1_1_3_4,true
SELECT10_1_1_4,4098,HACTION_SELECT10_1_1_4,4098,HTML_PAGE_SELECT10_1_1_4,select10_1_1_4,true
SELECT10_1_1_4_1,4099,HACTION_SELECT10_1_1_4_1,4099,HTML_PAGE_SELECT10_1_1_4_1,select10_1_1_4_1,true
SELECT10_1_1_4_2,4100,HACTION_SELECT10_1_1_4_2,4100,HTML_PAGE_SELECT10_1_1_4_2,select10_1_1_4_2,true
SELECT10_1_1_4_3,4101,HACTION_SELECT10_1_1_4_3,4101,HTML_PAGE_SELECT10_1_1_4_3,select10_1_1_4_3,true
SELECT10_1_1_4_4,4102,HACTION_SELECT10_1_1_4_4,4102,HTML_PAGE_SELECT10_1_1_4_4,select10_1_1_4_4,true
SELECT10_1_2,4103,HACTION_SELECT10_1_2,4103,HTML_PAGE_SELECT10_1_2,select10_1_2,true
SELECT10_1_2_1,4104,HACTION_SELECT10_1_2_1,4104,HTML_PAGE_SELECT10_1_2_1,select10_1_2_1,true
SELECT10_1_2_1_1,4105,HACTION_SELECT10_1_2_1_1,4105,HTML_PAGE_SELECT10_1_2_1_1,select10_1_2_1_1,true
SELECT10_1_2_1_2,4106,HACTION_SELECT10_1_2_1_2,4106,HTML_PAGE_SELECT10_1_2_1_2,select10_1_2_1_2,true
SELECT10_1_2_1_3,4107,HACTION_SELECT10_1_2_1_3,4107,HTML_PAGE_SELECT10_1_2_1_3,select10_1_2_1_3,true
SELECT10_1_2_1_4,4108,HACTION_SELECT10_1_2_1_4,4108,HTML_PAGE_SELECT10_1_2_1_4,select10_1_2_1_4,true
SELECT10_1_2_2,4109,HACTION_SELECT10_1_2_2,4109,HTML_PAGE_SELECT10_1_2_2,select10_1_2_2,true
SELECT10_1_2_2_1,4110,HACTION_SELECT10_1_2_2_1,4110,HTML_PAGE_SELECT10_1_2_2_1,select10_1_2_2_1,true
SELECT10_1_2_2_2,4111,HACTION_SELECT10_1_2_2_2,4111,HTML_PAGE_SELECT10_1_2_2_2,select10_1_2_2_2,true
SELECT10_1_2_2_3,4112,HACTION_SELECT10_1_2_2_3,4112,HTML_PAGE_SELECT10_1_2_2_3,select10_1_2_2_3,true
SELECT10_1_2_2_4,4113,HACTION_SELECT10_1_2_2_4,4113,HTML_PAGE_SELECT10_1_2_2_4,select10_1_2_2_4,true
SELECT10_1_2_3,4114,HACTION_SELECT10_1_2_3,4114,HTML_PAGE_SELECT10_1_2_3,select10_1_2_3,true
SELECT10_1_2_3_1,4115,HACTION_SELECT10_1_2_3_1,4115,HTML_PAGE_SELECT10_1_2_3_1,select10_1_2_3_1,true
SELECT10_1_2_3_2,4116,HACTION_SELECT10_1_2_3_2,4116,HTML_PAGE_SELECT10_1_2_3_2,select10_1_2_3_2,true
SELECT10_1_2_3_3,4117,HACTION_SELECT10_1_2_3_3,4117,HTML_PAGE_SELECT10_1_2_3_3,select10_1_2_3_3,true
SELECT10_1_2_3_4,4118,HACTION_SELECT10_1_2_3_4,4118,HTML_PAGE_SELECT10_1_2_3_4,select10_1_2_3_4,true
SELECT10_1_2_4,4119,HACTION_SELECT10_1_2_4,4119,HTML_PAGE_SELECT10_1_2_4,select10_1_2_4,true
SELECT10_1_2_4_1,4120,HACTION_SELECT10_1_2_4_1,4120,HTML_PAGE_SELECT10_1_2_4_1,select10_1_2_4_1,true
SELECT10_1_2_4_2,4121,HACTION_SELECT10_1_2_4_2,4121,HTML_PAGE_SELECT10_1_2_4_2,select10_1_2_4_2,true
SELECT10_1_2_4_3,4122,HACTION_SELECT10_1_2_4_3,4122,HTML_PAGE_SELECT10_1_2_4_3,select10_1_2_4_3,true
SELECT10_1_2_4_4,4123,HACTION_SELECT10_1_2_4_4,4123,HTML_PAGE_SELECT10_1_2_4_4,select10_1_2_4_4,true
SELECT10_1_3,4124,HACTION_SELECT10_1_3,4124,HTML_PAGE_SELECT10_1_3,select10_1_3,true
SELECT10_1_3_1,4125,HACTION_SELECT10_1_3_1,4125,HTML_PAGE_SELECT10_1_3_1,select10_1_3_1,true
SELECT10_1_3_1_1,4126,HACTION_SELECT10_1_3_1_1,4126,HTML_PAGE_SELECT10_1_3_1_1,select10_1_3_1_1,true
SELECT10_1_3_1_2,4127,HACTION_SELECT10_1_3_1_2,4127,HTML_PAGE_SELECT10_1_3_1_2,select10_1_3_1_2,true
SELECT10_1_3_1_3,4128,HACTION_SELECT10_1_3_1_3,4128,HTML_PAGE_SELECT10_1_3_1_3,select10_1_3_1_3,true
SELECT10_1_3_1_4,4129,HACTION_SELECT10_1_3_1_4,4129,HTML_PAGE_SELECT10_1_3_1_4,select10_1_3_1_4,true
SELECT10_1_3_2,4130,HACTION_SELECT10_1_3_2,4130,HTML_PAGE_SELECT10_1_3_2,select10_1_3_2,true
SELECT10_1_3_2_1,4131,HACTION_SELECT10_1_3_2_1,4131,HTML_PAGE_SELECT10_1_3_2_1,select10_1_3_2_1,true
SELECT10_1_3_2_2,4132,HACTION_SELECT10_1_3_2_2,4132,HTML_PAGE_SELECT10_1_3_2_2,select10_1_3_2_2,true
SELECT10_1_3_2_3,4133,HACTION_SELECT10_1_3_2_3,4133,HTML_PAGE_SELECT10_1_3_2_3,select10_1_3_2_3,true
SELECT10_1_3_2_4,4134,HACTION_SELECT10_1_3_2_4,4134,HTML_PAGE_SELECT10_1_3_2_4,select10_1_3_2_4,true
SELECT10_1_3_3,4135,HACTION_SELECT10_1_3_3,4135,HTML_PAGE_SELECT10_1_3_3,select10_1_3_3,true
SELECT10_1_3_3_1,4136,HACTION_SELECT10_1_3_3_1,4136,HTML_PAGE_SELECT10_1_3_3_1,select10_1_3_3_1,true
SELECT10_1_3_3_2,4137,HACTION_SELECT10_1_3_3_2,4137,HTML_PAGE_SELECT10_1_3_3_2,select10_1_3_3_2,true
SELECT10_1_3_3_3,4138,HACTION_SELECT10_1_3_3_3,4138,HTML_PAGE_SELECT10_1_3_3_3,select10_1_3_3_3,true
SELECT10_1_3_3_4,4139,HACTION_SELECT10_1_3_3_4,4139,HTML_PAGE_SELECT10_1_3_3_4,select10_1_3_3_4,true
SELECT10_1_3_4,4140,HACTION_SELECT10_1_3_4,4140,HTML_PAGE_SELECT10_1_3_4,select10_1_3_4,true
SELECT10_1_3_4_1,4141,HACTION_SELECT10_1_3_4_1,4141,HTML_PAGE_SELECT10_1_3_4_1,select10_1_3_4_1,true
SELECT10_1_3_4_2,4142,HACTION_SELECT10_1_3_4_2,4142,HTML_PAGE_SELECT10_1_3_4_2,select10_1_3_4_2,true
SELECT10_1_3_4_3,4143,HACTION_SELECT10_1_3_4_3,4143,HTML_PAGE_SELECT10_1_3_4_3,select10_1_3_4_3,true
SELECT10_1_3_4_4,4144,HACTION_SELECT10_1_3_4_4,4144,HTML_PAGE_SELECT10_1_3_4_4,select10_1_3_4_4,true
SELECT10_1_4,4145,HACTION_SELECT10_1_4,4145,HTML_PAGE_SELECT10_1_4,select10_1_4,true
SELECT10_1_4_1,4146,HACTION_SELECT10_1_4_1,4146,HTML_PAGE_SELECT10_1_4_1,select10_1_4_1,true
SELECT10_1_4_1_1,4147,HACTION_SELECT10_1_4_1_1,4147,HTML_PAGE_SELECT10_1_4_1_1,select10_1_4_1_1,true
SELECT10_1_4_1_2,4148,HACTION_SELECT10_1_4_1_2,4148,HTML_PAGE_SELECT10_1_4_1_2,select10_1_4_1_2,true
SELECT10_1_4_1_3,4149,HACTION_SELECT10_1_4_1_3,4149,HTML_PAGE_SELECT10_1_4_1_3,select10_1_4_1_3,true
SELECT10_1_4_1_4,4150,HACTION_SELECT10_1_4_1_4,4150,HTML_PAGE_SELECT10_1_4_1_4,select10_1_4_1_4,true
SELECT10_1_4_2,4151,HACTION_SELECT10_1_4_2,4151,HTML_PAGE_SELECT10_1_4_2,select10_1_4_2,true
SELECT10_1_4_2_1,4152,HACTION_SELECT10_1_4_2_1,4152,HTML_PAGE_SELECT10_1_4_2_1,select10_1_4_2_1,true
SELECT10_1_4_2_2,4153,HACTION_SELECT10_1_4_2_2,4153,HTML_PAGE_SELECT10_1_4_2_2,select10_1_4_2_2,true
SELECT10_1_4_2_3,4154,HACTION_SELECT10_1_4_2_3,4154,HTML_PAGE_SELECT10_1_4_2_3,select10_1_4_2_3,true
SELECT10_1_4_2_4,4155,HACTION_SELECT10_1_4_2_4,4155,HTML_PAGE_SELECT10_1_4_2_4,select10_1_4_2_4,true
SELECT10_1_4_3,4156,HACTION_SELECT10_1_4_3,4156,HTML_PAGE_SELECT10_1_4_3,select10_1_4_3,true
SELECT10_1_4_3_1,4157,HACTION_SELECT10_1_4_3_1,4157,HTML_PAGE_SELECT10_1_4_3_1,select10_1_4_3_1,true
SELECT10_1_4_3_2,4158,HACTION_SELECT10_1_4_3_2,4158,HTML_PAGE_SELECT10_1_4_3_2,select10_1_4_3_2,true
SELECT10_1_4_3_3,4159,HACTION_SELECT10_1_4_3_3,4159,HTML_PAGE_SELECT10_1_4_3_3,select10_1_4_3_3,true
SELECT10_1_4_3_4,4160,HACTION_SELECT10_1_4_3_4,4160,HTML_PAGE_SELECT10_1_4_3_4,select10_1_4_3_4,true
SELECT10_1_4_4,4161,HACTION_SELECT10_1_4_4,4161,HTML_PAGE_SELECT10_1_4_4,select10_1_4_4,true
SELECT10_1_4_4_1,4162,HACTION_SELECT10_1_4_4_1,4162,HTML_PAGE_SELECT10_1_4_4_1,select10_1_4_4_1,true
SELECT10_1_4_4_2,4163,HACTION_SELECT10_1_4_4_2,4163,HTML_PAGE_SELECT10_1_4_4_2,select10_1_4_4_2,true
SELECT10_1_4_4_3,4164,HACTION_SELECT10_1_4_4_3,4164,HTML_PAGE_SELECT10_1_4_4_3,select10_1_4_4_3,true
SELECT10_1_4_4_4,4165,HACTION_SELECT10_1_4_4_4,4165,HTML_PAGE_SELECT10_1_4_4_4,select10_1_4_4_4,true
SELECT10_2,4166,HACTION_SELECT10_2,4166,HTML_PAGE_SELECT10_2,select10_2,true
SELECT10_2_1,4167,HACTION_SELECT10_2_1,4167,HTML_PAGE_SELECT10_2_1,select10_2_1,true
SELECT10_2_1_1,4168,HACTION_SELECT10_2_1_1,4168,HTML_PAGE_SELECT10_2_1_1,select10_2_1_1,true
SELECT10_2_1_1_1,4169,HACTION_SELECT10_2_1_1_1,4169,HTML_PAGE_SELECT10_2_1_1_1,select10_2_1_1_1,true
SELECT10_2_1_1_2,4170,HACTION_SELECT10_2_1_1_2,4170,HTML_PAGE_SELECT10_2_1_1_2,select10_2_1_1_2,true
SELECT10_2_1_1_3,4171,HACTION_SELECT10_2_1_1_3,4171,HTML_PAGE_SELECT10_2_1_1_3,select10_2_1_1_3,true
SELECT10_2_1_1_4,4172,HACTION_SELECT10_2_1_1_4,4172,HTML_PAGE_SELECT10_2_1_1_4,select10_2_1_1_4,true
SELECT10_2_1_2,4173,HACTION_SELECT10_2_1_2,4173,HTML_PAGE_SELECT10_2_1_2,select10_2_1_2,true
SELECT10_2_1_2_1,4174,HACTION_SELECT10_2_1_2_1,4174,HTML_PAGE_SELECT10_2_1_2_1,select10_2_1_2_1,true
SELECT10_2_1_2_2,4175,HACTION_SELECT10_2_1_2_2,4175,HTML_PAGE_SELECT10_2_1_2_2,select10_2_1_2_2,true
SELECT10_2_1_2_3,4176,HACTION_SELECT10_2_1_2_3,4176,HTML_PAGE_SELECT10_2_1_2_3,select10_2_1_2_3,true
SELECT10_2_1_2_4,4177,HACTION_SELECT10_2_1_2_4,4177,HTML_PAGE_SELECT10_2_1_2_4,select10_2_1_2_4,true
SELECT10_2_1_3,4178,HACTION_SELECT10_2_1_3,4178,HTML_PAGE_SELECT10_2_1_3,select10_2_1_3,true
SELECT10_2_1_3_1,4179,HACTION_SELECT10_2_1_3_1,4179,HTML_PAGE_SELECT10_2_1_3_1,select10_2_1_3_1,true
SELECT10_2_1_3_2,4180,HACTION_SELECT10_2_1_3_2,4180,HTML_PAGE_SELECT10_2_1_3_2,select10_2_1_3_2,true
SELECT10_2_1_3_3,4181,HACTION_SELECT10_2_1_3_3,4181,HTML_PAGE_SELECT10_2_1_3_3,select10_2_1_3_3,true
SELECT10_2_1_3_4,4182,HACTION_SELECT10_2_1_3_4,4182,HTML_PAGE_SELECT10_2_1_3_4,select10_2_1_3_4,true
SELECT10_2_1_4,4183,HACTION_SELECT10_2_1_4,4183,HTML_PAGE_SELECT10_2_1_4,select10_2_1_4,true
SELECT10_2_1_4_1,4184,HACTION_SELECT10_2_1_4_1,4184,HTML_PAGE_SELECT10_2_1_4_1,select10_2_1_4_1,true
SELECT10_2_1_4_2,4185,HACTION_SELECT10_2_1_4_2,4185,HTML_PAGE_SELECT10_2_1_4_2,select10_2_1_4_2,true
SELECT10_2_1_4_3,4186,HACTION_SELECT10_2_1_4_3,4186,HTML_PAGE_SELECT10_2_1_4_3,select10_2_1_4_3,true
SELECT10_2_1_4_4,4187,HACTION_SELECT10_2_1_4_4,4187,HTML_PAGE_SELECT10_2_1_4_4,select10_2_1_4_4,true
SELECT10_2_2,4188,HACTION_SELECT10_2_2,4188,HTML_PAGE_SELECT10_2_2,select10_2_2,true
SELECT10_2_2_1,4189,HACTION_SELECT10_2_2_1,4189,HTML_PAGE_SELECT10_2_2_1,select10_2_2_1,true
SELECT10_2_2_1_1,4190,HACTION_SELECT10_2_2_1_1,4190,HTML_PAGE_SELECT10_2_2_1_1,select10_2_2_1_1,true
SELECT10_2_2_1_2,4191,HACTION_SELECT10_2_2_1_2,4191,HTML_PAGE_SELECT10_2_2_1_2,select10_2_2_1_2,true
SELECT10_2_2_1_3,4192,HACTION_SELECT10_2_2_1_3,4192,HTML_PAGE_SELECT10_2_2_1_3,select10_2_2_1_3,true
SELECT10_2_2_1_4,4193,HACTION_SELECT10_2_2_1_4,4193,HTML_PAGE_SELECT10_2_2_1_4,select10_2_2_1_4,true
SELECT10_2_2_2,4194,HACTION_SELECT10_2_2_2,4194,HTML_PAGE_SELECT10_2_2_2,select10_2_2_2,true
SELECT10_2_2_2_1,4195,HACTION_SELECT10_2_2_2_1,4195,HTML_PAGE_SELECT10_2_2_2_1,select10_2_2_2_1,true
SELECT10_2_2_2_2,4196,HACTION_SELECT10_2_2_2_2,4196,HTML_PAGE_SELECT10_2_2_2_2,select10_2_2_2_2,true
SELECT10_2_2_2_3,4197,HACTION_SELECT10_2_2_2_3,4197,HTML_PAGE_SELECT10_2_2_2_3,select10_2_2_2_3,true
SELECT10_2_2_2_4,4198,HACTION_SELECT10_2_2_2_4,4198,HTML_PAGE_SELECT10_2_2_2_4,select10_2_2_2_4,true
SELECT10_2_2_3,4199,HACTION_SELECT10_2_2_3,4199,HTML_PAGE_SELECT10_2_2_3,select10_2_2_3,true
SELECT10_2_2_3_1,4200,HACTION_SELECT10_2_2_3_1,4200,HTML_PAGE_SELECT10_2_2_3_1,select10_2_2_3_1,true
SELECT10_2_2_3_2,4201,HACTION_SELECT10_2_2_3_2,4201,HTML_PAGE_SELECT10_2_2_3_2,select10_2_2_3_2,true
SELECT10_2_2_3_3,4202,HACTION_SELECT10_2_2_3_3,4202,HTML_PAGE_SELECT10_2_2_3_3,select10_2_2_3_3,true
SELECT10_2_2_3_4,4203,HACTION_SELECT10_2_2_3_4,4203,HTML_PAGE_SELECT10_2_2_3_4,select10_2_2_3_4,true
SELECT10_2_2_4,4204,HACTION_SELECT10_2_2_4,4204,HTML_PAGE_SELECT10_2_2_4,select10_2_2_4,true
SELECT10_2_2_4_1,4205,HACTION_SELECT10_2_2_4_1,4205,HTML_PAGE_SELECT10_2_2_4_1,select10_2_2_4_1,true
SELECT10_2_2_4_2,4206,HACTION_SELECT10_2_2_4_2,4206,HTML_PAGE_SELECT10_2_2_4_2,select10_2_2_4_2,true
SELECT10_2_2_4_3,4207,HACTION_SELECT10_2_2_4_3,4207,HTML_PAGE_SELECT10_2_2_4_3,select10_2_2_4_3,true
SELECT10_2_2_4_4,4208,HACTION_SELECT10_2_2_4_4,4208,HTML_PAGE_SELECT10_2_2_4_4,select10_2_2_4_4,true
SELECT10_2_3,4209,HACTION_SELECT10_2_3,4209,HTML_PAGE_SELECT10_2_3,select10_2_3,true
SELECT10_2_3_1,4210,HACTION_SELECT10_2_3_1,4210,HTML_PAGE_SELECT10_2_3_1,select10_2_3_1,true
SELECT10_2_3_1_1,4211,HACTION_SELECT10_2_3_1_1,4211,HTML_PAGE_SELECT10_2_3_1_1,select10_2_3_1_1,true
SELECT10_2_3_1_2,4212,HACTION_SELECT10_2_3_1_2,4212,HTML_PAGE_SELECT10_2_3_1_2,select10_2_3_1_2,true
SELECT10_2_3_1_3,4213,HACTION_SELECT10_2_3_1_3,4213,HTML_PAGE_SELECT10_2_3_1_3,select10_2_3_1_3,true
SELECT10_2_3_1_4,4214,HACTION_SELECT10_2_3_1_4,4214,HTML_PAGE_SELECT10_2_3_1_4,select10_2_3_1_4,true
SELECT10_2_3_2,4215,HACTION_SELECT10_2_3_2,4215,HTML_PAGE_SELECT10_2_3_2,select10_2_3_2,true
SELECT10_2_3_2_1,4216,HACTION_SELECT10_2_3_2_1,4216,HTML_PAGE_SELECT10_2_3_2_1,select10_2_3_2_1,true
SELECT10_2_3_2_2,4217,HACTION_SELECT10_2_3_2_2,4217,HTML_PAGE_SELECT10_2_3_2_2,select10_2_3_2_2,true
SELECT10_2_3_2_3,4218,HACTION_SELECT10_2_3_2_3,4218,HTML_PAGE_SELECT10_2_3_2_3,select10_2_3_2_3,true
SELECT10_2_3_2_4,4219,HACTION_SELECT10_2_3_2_4,4219,HTML_PAGE_SELECT10_2_3_2_4,select10_2_3_2_4,true
SELECT10_2_3_3,4220,HACTION_SELECT10_2_3_3,4220,HTML_PAGE_SELECT10_2_3_3,select10_2_3_3,true
SELECT10_2_3_3_1,4221,HACTION_SELECT10_2_3_3_1,4221,HTML_PAGE_SELECT10_2_3_3_1,select10_2_3_3_1,true
SELECT10_2_3_3_2,4222,HACTION_SELECT10_2_3_3_2,4222,HTML_PAGE_SELECT10_2_3_3_2,select10_2_3_3_2,true
SELECT10_2_3_3_3,4223,HACTION_SELECT10_2_3_3_3,4223,HTML_PAGE_SELECT10_2_3_3_3,select10_2_3_3_3,true
SELECT10_2_3_3_4,4224,HACTION_SELECT10_2_3_3_4,4224,HTML_PAGE_SELECT10_2_3_3_4,select10_2_3_3_4,true
SELECT10_2_3_4,4225,HACTION_SELECT10_2_3_4,4225,HTML_PAGE_SELECT10_2_3_4,select10_2_3_4,true
SELECT10_2_3_4_1,4226,HACTION_SELECT10_2_3_4_1,4226,HTML_PAGE_SELECT10_2_3_4_1,select10_2_3_4_1,true
SELECT10_2_3_4_2,4227,HACTION_SELECT10_2_3_4_2,4227,HTML_PAGE_SELECT10_2_3_4_2,select10_2_3_4_2,true
SELECT10_2_3_4_3,4228,HACTION_SELECT10_2_3_4_3,4228,HTML_PAGE_SELECT10_2_3_4_3,select10_2_3_4_3,true
SELECT10_2_3_4_4,4229,HACTION_SELECT10_2_3_4_4,4229,HTML_PAGE_SELECT10_2_3_4_4,select10_2_3_4_4,true
SELECT10_2_4,4230,HACTION_SELECT10_2_4,4230,HTML_PAGE_SELECT10_2_4,select10_2_4,true
SELECT10_2_4_1,4231,HACTION_SELECT10_2_4_1,4231,HTML_PAGE_SELECT10_2_4_1,select10_2_4_1,true
SELECT10_2_4_1_1,4232,HACTION_SELECT10_2_4_1_1,4232,HTML_PAGE_SELECT10_2_4_1_1,select10_2_4_1_1,true
SELECT10_2_4_1_2,4233,HACTION_SELECT10_2_4_1_2,4233,HTML_PAGE_SELECT10_2_4_1_2,select10_2_4_1_2,true
SELECT10_2_4_1_3,4234,HACTION_SELECT10_2_4_1_3,4234,HTML_PAGE_SELECT10_2_4_1_3,select10_2_4_1_3,true
SELECT10_2_4_1_4,4235,HACTION_SELECT10_2_4_1_4,4235,HTML_PAGE_SELECT10_2_4_1_4,select10_2_4_1_4,true
SELECT10_2_4_2,4236,HACTION_SELECT10_2_4_2,4236,HTML_PAGE_SELECT10_2_4_2,select10_2_4_2,true
SELECT10_2_4_2_1,4237,HACTION_SELECT10_2_4_2_1,4237,HTML_PAGE_SELECT10_2_4_2_1,select10_2_4_2_1,true
SELECT10_2_4_2_2,4238,HACTION_SELECT10_2_4_2_2,4238,HTML_PAGE_SELECT10_2_4_2_2,select10_2_4_2_2,true
SELECT10_2_4_2_3,4239,HACTION_SELECT10_2_4_2_3,4239,HTML_PAGE_SELECT10_2_4_2_3,select10_2_4_2_3,true
SELECT10_2_4_2_4,4240,HACTION_SELECT10_2_4_2_4,4240,HTML_PAGE_SELECT10_2_4_2_4,select10_2_4_2_4,true
SELECT10_2_4_3,4241,HACTION_SELECT10_2_4_3,4241,HTML_PAGE_SELECT10_2_4_3,select10_2_4_3,true
SELECT10_2_4_3_1,4242,HACTION_SELECT10_2_4_3_1,4242,HTML_PAGE_SELECT10_2_4_3_1,select10_2_4_3_1,true
SELECT10_2_4_3_2,4243,HACTION_SELECT10_2_4_3_2,4243,HTML_PAGE_SELECT10_2_4_3_2,select10_2_4_3_2,true
SELECT10_2_4_3_3,4244,HACTION_SELECT10_2_4_3_3,4244,HTML_PAGE_SELECT10_2_4_3_3,select10_2_4_3_3,true
SELECT10_2_4_3_4,4245,HACTION_SELECT10_2_4_3_4,4245,HTML_PAGE_SELECT10_2_4_3_4,select10_2_4_3_4,true
SELECT10_2_4_4,4246,HACTION_SELECT10_2_4_4,4246,HTML_PAGE_SELECT10_2_4_4,select10_2_4_4,true
SELECT10_2_4_4_1,4247,HACTION_SELECT10_2_4_4_1,4247,HTML_PAGE_SELECT10_2_4_4_1,select10_2_4_4_1,true
SELECT10_2_4_4_2,4248,HACTION_SELECT10_2_4_4_2,4248,HTML_PAGE_SELECT10_2_4_4_2,select10_2_4_4_2,true
SELECT10_2_4_4_3,4249,HACTION_SELECT10_2_4_4_3,4249,HTML_PAGE_SELECT10_2_4_4_3,select10_2_4_4_3,true
SELECT10_2_4_4_4,4250,HACTION_SELECT10_2_4_4_4,4250,HTML_PAGE_SELECT10_2_4_4_4,select10_2_4_4_4,true
SELECT10_3,4251,HACTION_SELECT10_3,4251,HTML_PAGE_SELECT10_3,select10_3,true
SELECT10_3_1,4252,HACTION_SELECT10_3_1,4252,HTML_PAGE_SELECT10_3_1,select10_3_1,true
SELECT10_3_1_1,4253,HACTION_SELECT10_3_1_1,4253,HTML_PAGE_SELECT10_3_1_1,select10_3_1_1,true
SELECT10_3_1_1_1,4254,HACTION_SELECT10_3_1_1_1,4254,HTML_PAGE_SELECT10_3_1_1_1,select10_3_1_1_1,true
SELECT10_3_1_1_2,4255,HACTION_SELECT10_3_1_1_2,4255,HTML_PAGE_SELECT10_3_1_1_2,select10_3_1_1_2,true
SELECT10_3_1_1_3,4256,HACTION_SELECT10_3_1_1_3,4256,HTML_PAGE_SELECT10_3_1_1_3,select10_3_1_1_3,true
SELECT10_3_1_1_4,4257,HACTION_SELECT10_3_1_1_4,4257,HTML_PAGE_SELECT10_3_1_1_4,select10_3_1_1_4,true
SELECT10_3_1_2,4258,HACTION_SELECT10_3_1_2,4258,HTML_PAGE_SELECT10_3_1_2,select10_3_1_2,true
SELECT10_3_1_2_1,4259,HACTION_SELECT10_3_1_2_1,4259,HTML_PAGE_SELECT10_3_1_2_1,select10_3_1_2_1,true
SELECT10_3_1_2_2,4260,HACTION_SELECT10_3_1_2_2,4260,HTML_PAGE_SELECT10_3_1_2_2,select10_3_1_2_2,true
SELECT10_3_1_2_3,4261,HACTION_SELECT10_3_1_2_3,4261,HTML_PAGE_SELECT10_3_1_2_3,select10_3_1_2_3,true
SELECT10_3_1_2_4,4262,HACTION_SELECT10_3_1_2_4,4262,HTML_PAGE_SELECT10_3_1_2_4,select10_3_1_2_4,true
SELECT10_3_1_3,4263,HACTION_SELECT10_3_1_3,4263,HTML_PAGE_SELECT10_3_1_3,select10_3_1_3,true
SELECT10_3_1_3_1,4264,HACTION_SELECT10_3_1_3_1,4264,HTML_PAGE_SELECT10_3_1_3_1,select10_3_1_3_1,true
SELECT10_3_1_3_2,4265,HACTION_SELECT10_3_1_3_2,4265,HTML_PAGE_SELECT10_3_1_3_2,select10_3_1_3_2,true
SELECT10_3_1_3_3,4266,HACTION_SELECT10_3_1_3_3,4266,HTML_PAGE_SELECT10_3_1_3_3,select10_3_1_3_3,true
SELECT10_3_1_3_4,4267,HACTION_SELECT10_3_1_3_4,4267,HTML_PAGE_SELECT10_3_1_3_4,select10_3_1_3_4,true
SELECT10_3_1_4,4268,HACTION_SELECT10_3_1_4,4268,HTML_PAGE_SELECT10_3_1_4,select10_3_1_4,true
SELECT10_3_1_4_1,4269,HACTION_SELECT10_3_1_4_1,4269,HTML_PAGE_SELECT10_3_1_4_1,select10_3_1_4_1,true
SELECT10_3_1_4_2,4270,HACTION_SELECT10_3_1_4_2,4270,HTML_PAGE_SELECT10_3_1_4_2,select10_3_1_4_2,true
SELECT10_3_1_4_3,4271,HACTION_SELECT10_3_1_4_3,4271,HTML_PAGE_SELECT10_3_1_4_3,select10_3_1_4_3,true
SELECT10_3_1_4_4,4272,HACTION_SELECT10_3_1_4_4,4272,HTML_PAGE_SELECT10_3_1_4_4,select10_3_1_4_4,true
SELECT10_3_2,4273,HACTION_SELECT10_3_2,4273,HTML_PAGE_SELECT10_3_2,select10_3_2,true
SELECT10_3_2_1,4274,HACTION_SELECT10_3_2_1,4274,HTML_PAGE_SELECT10_3_2_1,select10_3_2_1,true
SELECT10_3_2_1_1,4275,HACTION_SELECT10_3_2_1_1,4275,HTML_PAGE_SELECT10_3_2_1_1,select10_3_2_1_1,true
SELECT10_3_2_1_2,4276,HACTION_SELECT10_3_2_1_2,4276,HTML_PAGE_SELECT10_3_2_1_2,select10_3_2_1_2,true
SELECT10_3_2_1_3,4277,HACTION_SELECT10_3_2_1_3,4277,HTML_PAGE_SELECT10_3_2_1_3,select10_3_2_1_3,true
SELECT10_3_2_1_4,4278,HACTION_SELECT10_3_2_1_4,4278,HTML_PAGE_SELECT10_3_2_1_4,select10_3_2_1_4,true
SELECT10_3_2_2,4279,HACTION_SELECT10_3_2_2,4279,HTML_PAGE_SELECT10_3_2_2,select10_3_2_2,true
SELECT10_3_2_2_1,4280,HACTION_SELECT10_3_2_2_1,4280,HTML_PAGE_SELECT10_3_2_2_1,select10_3_2_2_1,true
SELECT10_3_2_2_2,4281,HACTION_SELECT10_3_2_2_2,4281,HTML_PAGE_SELECT10_3_2_2_2,select10_3_2_2_2,true
SELECT10_3_2_2_3,4282,HACTION_SELECT10_3_2_2_3,4282,HTML_PAGE_SELECT10_3_2_2_3,select10_3_2_2_3,true
SELECT10_3_2_2_4,4283,HACTION_SELECT10_3_2_2_4,4283,HTML_PAGE_SELECT10_3_2_2_4,select10_3_2_2_4,true
SELECT10_3_2_3,4284,HACTION_SELECT10_3_2_3,4284,HTML_PAGE_SELECT10_3_2_3,select10_3_2_3,true
SELECT10_3_2_3_1,4285,HACTION_SELECT10_3_2_3_1,4285,HTML_PAGE_SELECT10_3_2_3_1,select10_3_2_3_1,true
SELECT10_3_2_3_2,4286,HACTION_SELECT10_3_2_3_2,4286,HTML_PAGE_SELECT10_3_2_3_2,select10_3_2_3_2,true
SELECT10_3_2_3_3,4287,HACTION_SELECT10_3_2_3_3,4287,HTML_PAGE_SELECT10_3_2_3_3,select10_3_2_3_3,true
SELECT10_3_2_3_4,4288,HACTION_SELECT10_3_2_3_4,4288,HTML_PAGE_SELECT10_3_2_3_4,select10_3_2_3_4,true
SELECT10_3_2_4,4289,HACTION_SELECT10_3_2_4,4289,HTML_PAGE_SELECT10_3_2_4,select10_3_2_4,true
SELECT10_3_2_4_1,4290,HACTION_SELECT10_3_2_4_1,4290,HTML_PAGE_SELECT10_3_2_4_1,select10_3_2_4_1,true
SELECT10_3_2_4_2,4291,HACTION_SELECT10_3_2_4_2,4291,HTML_PAGE_SELECT10_3_2_4_2,select10_3_2_4_2,true
SELECT10_3_2_4_3,4292,HACTION_SELECT10_3_2_4_3,4292,HTML_PAGE_SELECT10_3_2_4_3,select10_3_2_4_3,true
SELECT10_3_2_4_4,4293,HACTION_SELECT10_3_2_4_4,4293,HTML_PAGE_SELECT10_3_2_4_4,select10_3_2_4_4,true
SELECT10_3_3,4294,HACTION_SELECT10_3_3,4294,HTML_PAGE_SELECT10_3_3,select10_3_3,true
SELECT10_3_3_1,4295,HACTION_SELECT10_3_3_1,4295,HTML_PAGE_SELECT10_3_3_1,select10_3_3_1,true
SELECT10_3_3_1_1,4296,HACTION_SELECT10_3_3_1_1,4296,HTML_PAGE_SELECT10_3_3_1_1,select10_3_3_1_1,true
SELECT10_3_3_1_2,4297,HACTION_SELECT10_3_3_1_2,4297,HTML_PAGE_SELECT10_3_3_1_2,select10_3_3_1_2,true
SELECT10_3_3_1_3,4298,HACTION_SELECT10_3_3_1_3,4298,HTML_PAGE_SELECT10_3_3_1_3,select10_3_3_1_3,true
SELECT10_3_3_1_4,4299,HACTION_SELECT10_3_3_1_4,4299,HTML_PAGE_SELECT10_3_3_1_4,select10_3_3_1_4,true
SELECT10_3_3_2,4300,HACTION_SELECT10_3_3_2,4300,HTML_PAGE_SELECT10_3_3_2,select10_3_3_2,true
SELECT10_3_3_2_1,4301,HACTION_SELECT10_3_3_2_1,4301,HTML_PAGE_SELECT10_3_3_2_1,select10_3_3_2_1,true
SELECT10_3_3_2_2,4302,HACTION_SELECT10_3_3_2_2,4302,HTML_PAGE_SELECT10_3_3_2_2,select10_3_3_2_2,true
SELECT10_3_3_2_3,4303,HACTION_SELECT10_3_3_2_3,4303,HTML_PAGE_SELECT10_3_3_2_3,select10_3_3_2_3,true
SELECT10_3_3_2_4,4304,HACTION_SELECT10_3_3_2_4,4304,HTML_PAGE_SELECT10_3_3_2_4,select10_3_3_2_4,true
SELECT10_3_3_3,4305,HACTION_SELECT10_3_3_3,4305,HTML_PAGE_SELECT10_3_3_3,select10_3_3_3,true
SELECT10_3_3_3_1,4306,HACTION_SELECT10_3_3_3_1,4306,HTML_PAGE_SELECT10_3_3_3_1,select10_3_3_3_1,true
SELECT10_3_3_3_2,4307,HACTION_SELECT10_3_3_3_2,4307,HTML_PAGE_SELECT10_3_3_3_2,select10_3_3_3_2,true
SELECT10_3_3_3_3,4308,HACTION_SELECT10_3_3_3_3,4308,HTML_PAGE_SELECT10_3_3_3_3,select10_3_3_3_3,true
SELECT10_3_3_3_4,4309,HACTION_SELECT10_3_3_3_4,4309,HTML_PAGE_SELECT10_3_3_3_4,select10_3_3_3_4,true
SELECT10_3_3_4,4310,HACTION_SELECT10_3_3_4,4310,HTML_PAGE_SELECT10_3_3_4,select10_3_3_4,true
SELECT10_3_3_4_1,4311,HACTION_SELECT10_3_3_4_1,4311,HTML_PAGE_SELECT10_3_3_4_1,select10_3_3_4_1,true
SELECT10_3_3_4_2,4312,HACTION_SELECT10_3_3_4_2,4312,HTML_PAGE_SELECT10_3_3_4_2,select10_3_3_4_2,true
SELECT10_3_3_4_3,4313,HACTION_SELECT10_3_3_4_3,4313,HTML_PAGE_SELECT10_3_3_4_3,select10_3_3_4_3,true
SELECT10_3_3_4_4,4314,HACTION_SELECT10_3_3_4_4,4314,HTML_PAGE_SELECT10_3_3_4_4,select10_3_3_4_4,true
SELECT10_3_4,4315,HACTION_SELECT10_3_4,4315,HTML_PAGE_SELECT10_3_4,select10_3_4,true
SELECT10_3_4_1,4316,HACTION_SELECT10_3_4_1,4316,HTML_PAGE_SELECT10_3_4_1,select10_3_4_1,true
SELECT10_3_4_1_1,4317,HACTION_SELECT10_3_4_1_1,4317,HTML_PAGE_SELECT10_3_4_1_1,select10_3_4_1_1,true
SELECT10_3_4_1_2,4318,HACTION_SELECT10_3_4_1_2,4318,HTML_PAGE_SELECT10_3_4_1_2,select10_3_4_1_2,true
SELECT10_3_4_1_3,4319,HACTION_SELECT10_3_4_1_3,4319,HTML_PAGE_SELECT10_3_4_1_3,select10_3_4_1_3,true
SELECT10_3_4_1_4,4320,HACTION_SELECT10_3_4_1_4,4320,HTML_PAGE_SELECT10_3_4_1_4,select10_3_4_1_4,true
SELECT10_3_4_2,4321,HACTION_SELECT10_3_4_2,4321,HTML_PAGE_SELECT10_3_4_2,select10_3_4_2,true
SELECT10_3_4_2_1,4322,HACTION_SELECT10_3_4_2_1,4322,HTML_PAGE_SELECT10_3_4_2_1,select10_3_4_2_1,true
SELECT10_3_4_2_2,4323,HACTION_SELECT10_3_4_2_2,4323,HTML_PAGE_SELECT10_3_4_2_2,select10_3_4_2_2,true
SELECT10_3_4_2_3,4324,HACTION_SELECT10_3_4_2_3,4324,HTML_PAGE_SELECT10_3_4_2_3,select10_3_4_2_3,true
SELECT10_3_4_2_4,4325,HACTION_SELECT10_3_4_2_4,4325,HTML_PAGE_SELECT10_3_4_2_4,select10_3_4_2_4,true
SELECT10_3_4_3,4326,HACTION_SELECT10_3_4_3,4326,HTML_PAGE_SELECT10_3_4_3,select10_3_4_3,true
SELECT10_3_4_3_1,4327,HACTION_SELECT10_3_4_3_1,4327,HTML_PAGE_SELECT10_3_4_3_1,select10_3_4_3_1,true
SELECT10_3_4_3_2,4328,HACTION_SELECT10_3_4_3_2,4328,HTML_PAGE_SELECT10_3_4_3_2,select10_3_4_3_2,true
SELECT10_3_4_3_3,4329,HACTION_SELECT10_3_4_3_3,4329,HTML_PAGE_SELECT10_3_4_3_3,select10_3_4_3_3,true
SELECT10_3_4_3_4,4330,HACTION_SELECT10_3_4_3_4,4330,HTML_PAGE_SELECT10_3_4_3_4,select10_3_4_3_4,true
SELECT10_3_4_4,4331,HACTION_SELECT10_3_4_4,4331,HTML_PAGE_SELECT10_3_4_4,select10_3_4_4,true
SELECT10_3_4_4_1,4332,HACTION_SELECT10_3_4_4_1,4332,HTML_PAGE_SELECT10_3_4_4_1,select10_3_4_4_1,true
SELECT10_3_4_4_2,4333,HACTION_SELECT10_3_4_4_2,4333,HTML_PAGE_SELECT10_3_4_4_2,select10_3_4_4_2,true
SELECT10_3_4_4_3,4334,HACTION_SELECT10_3_4_4_3,4334,HTML_PAGE_SELECT10_3_4_4_3,select10_3_4_4_3,true
SELECT10_3_4_4_4,4335,HACTION_SELECT10_3_4_4_4,4335,HTML_PAGE_SELECT10_3_4_4_4,select10_3_4_4_4,true
SELECT10_4,4336,HACTION_SELECT10_4,4336,HTML_PAGE_SELECT10_4,select10_4,true
SELECT10_4_1,4337,HACTION_SELECT10_4_1,4337,HTML_PAGE_SELECT10_4_1,select10_4_1,true
SELECT10_4_1_1,4338,HACTION_SELECT10_4_1_1,4338,HTML_PAGE_SELECT10_4_1_1,select10_4_1_1,true
SELECT10_4_1_1_1,4339,HACTION_SELECT10_4_1_1_1,4339,HTML_PAGE_SELECT10_4_1_1_1,select10_4_1_1_1,true
SELECT10_4_1_1_2,4340,HACTION_SELECT10_4_1_1_2,4340,HTML_PAGE_SELECT10_4_1_1_2,select10_4_1_1_2,true
SELECT10_4_1_1_3,4341,HACTION_SELECT10_4_1_1_3,4341,HTML_PAGE_SELECT10_4_1_1_3,select10_4_1_1_3,true
SELECT10_4_1_1_4,4342,HACTION_SELECT10_4_1_1_4,4342,HTML_PAGE_SELECT10_4_1_1_4,select10_4_1_1_4,true
SELECT10_4_1_2,4343,HACTION_SELECT10_4_1_2,4343,HTML_PAGE_SELECT10_4_1_2,select10_4_1_2,true
SELECT10_4_1_2_1,4344,HACTION_SELECT10_4_1_2_1,4344,HTML_PAGE_SELECT10_4_1_2_1,select10_4_1_2_1,true
SELECT10_4_1_2_2,4345,HACTION_SELECT10_4_1_2_2,4345,HTML_PAGE_SELECT10_4_1_2_2,select10_4_1_2_2,true
SELECT10_4_1_2_3,4346,HACTION_SELECT10_4_1_2_3,4346,HTML_PAGE_SELECT10_4_1_2_3,select10_4_1_2_3,true
SELECT10_4_1_2_4,4347,HACTION_SELECT10_4_1_2_4,4347,HTML_PAGE_SELECT10_4_1_2_4,select10_4_1_2_4,true
SELECT10_4_1_3,4348,HACTION_SELECT10_4_1_3,4348,HTML_PAGE_SELECT10_4_1_3,select10_4_1_3,true
SELECT10_4_1_3_1,4349,HACTION_SELECT10_4_1_3_1,4349,HTML_PAGE_SELECT10_4_1_3_1,select10_4_1_3_1,true
SELECT10_4_1_3_2,4350,HACTION_SELECT10_4_1_3_2,4350,HTML_PAGE_SELECT10_4_1_3_2,select10_4_1_3_2,true
SELECT10_4_1_3_3,4351,HACTION_SELECT10_4_1_3_3,4351,HTML_PAGE_SELECT10_4_1_3_3,select10_4_1_3_3,true
SELECT10_4_1_3_4,4352,HACTION_SELECT10_4_1_3_4,4352,HTML_PAGE_SELECT10_4_1_3_4,select10_4_1_3_4,true
SELECT10_4_1_4,4353,HACTION_SELECT10_4_1_4,4353,HTML_PAGE_SELECT10_4_1_4,select10_4_1_4,true
SELECT10_4_1_4_1,4354,HACTION_SELECT10_4_1_4_1,4354,HTML_PAGE_SELECT10_4_1_4_1,select10_4_1_4_1,true
SELECT10_4_1_4_2,4355,HACTION_SELECT10_4_1_4_2,4355,HTML_PAGE_SELECT10_4_1_4_2,select10_4_1_4_2,true
SELECT10_4_1_4_3,4356,HACTION_SELECT10_4_1_4_3,4356,HTML_PAGE_SELECT10_4_1_4_3,select10_4_1_4_3,true
SELECT10_4_1_4_4,4357,HACTION_SELECT10_4_1_4_4,4357,HTML_PAGE_SELECT10_4_1_4_4,select10_4_1_4_4,true
SELECT10_4_2,4358,HACTION_SELECT10_4_2,4358,HTML_PAGE_SELECT10_4_2,select10_4_2,true
SELECT10_4_2_1,4359,HACTION_SELECT10_4_2_1,4359,HTML_PAGE_SELECT10_4_2_1,select10_4_2_1,true
SELECT10_4_2_1_1,4360,HACTION_SELECT10_4_2_1_1,4360,HTML_PAGE_SELECT10_4_2_1_1,select10_4_2_1_1,true
SELECT10_4_2_1_2,4361,HACTION_SELECT10_4_2_1_2,4361,HTML_PAGE_SELECT10_4_2_1_2,select10_4_2_1_2,true
SELECT10_4_2_1_3,4362,HACTION_SELECT10_4_2_1_3,4362,HTML_PAGE_SELECT10_4_2_1_3,select10_4_2_1_3,true
SELECT10_4_2_1_4,4363,HACTION_SELECT10_4_2_1_4,4363,HTML_PAGE_SELECT10_4_2_1_4,select10_4_2_1_4,true
SELECT10_4_2_2,4364,HACTION_SELECT10_4_2_2,4364,HTML_PAGE_SELECT10_4_2_2,select10_4_2_2,true
SELECT10_4_2_2_1,4365,HACTION_SELECT10_4_2_2_1,4365,HTML_PAGE_SELECT10_4_2_2_1,select10_4_2_2_1,true
SELECT10_4_2_2_2,4366,HACTION_SELECT10_4_2_2_2,4366,HTML_PAGE_SELECT10_4_2_2_2,select10_4_2_2_2,true
SELECT10_4_2_2_3,4367,HACTION_SELECT10_4_2_2_3,4367,HTML_PAGE_SELECT10_4_2_2_3,select10_4_2_2_3,true
SELECT10_4_2_2_4,4368,HACTION_SELECT10_4_2_2_4,4368,HTML_PAGE_SELECT10_4_2_2_4,select10_4_2_2_4,true
SELECT10_4_2_3,4369,HACTION_SELECT10_4_2_3,4369,HTML_PAGE_SELECT10_4_2_3,select10_4_2_3,true
SELECT10_4_2_3_1,4370,HACTION_SELECT10_4_2_3_1,4370,HTML_PAGE_SELECT10_4_2_3_1,select10_4_2_3_1,true
SELECT10_4_2_3_2,4371,HACTION_SELECT10_4_2_3_2,4371,HTML_PAGE_SELECT10_4_2_3_2,select10_4_2_3_2,true
SELECT10_4_2_3_3,4372,HACTION_SELECT10_4_2_3_3,4372,HTML_PAGE_SELECT10_4_2_3_3,select10_4_2_3_3,true
SELECT10_4_2_3_4,4373,HACTION_SELECT10_4_2_3_4,4373,HTML_PAGE_SELECT10_4_2_3_4,select10_4_2_3_4,true
SELECT10_4_2_4,4374,HACTION_SELECT10_4_2_4,4374,HTML_PAGE_SELECT10_4_2_4,select10_4_2_4,true
SELECT10_4_2_4_1,4375,HACTION_SELECT10_4_2_4_1,4375,HTML_PAGE_SELECT10_4_2_4_1,select10_4_2_4_1,true
SELECT10_4_2_4_2,4376,HACTION_SELECT10_4_2_4_2,4376,HTML_PAGE_SELECT10_4_2_4_2,select10_4_2_4_2,true
SELECT10_4_2_4_3,4377,HACTION_SELECT10_4_2_4_3,4377,HTML_PAGE_SELECT10_4_2_4_3,select10_4_2_4_3,true
SELECT10_4_2_4_4,4378,HACTION_SELECT10_4_2_4_4,4378,HTML_PAGE_SELECT10_4_2_4_4,select10_4_2_4_4,true
SELECT10_4_3,4379,HACTION_SELECT10_4_3,4379,HTML_PAGE_SELECT10_4_3,select10_4_3,true
SELECT10_4_3_1,4380,HACTION_SELECT10_4_3_1,4380,HTML_PAGE_SELECT10_4_3_1,select10_4_3_1,true
SELECT10_4_3_1_1,4381,HACTION_SELECT10_4_3_1_1,4381,HTML_PAGE_SELECT10_4_3_1_1,select10_4_3_1_1,true
SELECT10_4_3_1_2,4382,HACTION_SELECT10_4_3_1_2,4382,HTML_PAGE_SELECT10_4_3_1_2,select10_4_3_1_2,true
SELECT10_4_3_1_3,4383,HACTION_SELECT10_4_3_1_3,4383,HTML_PAGE_SELECT10_4_3_1_3,select10_4_3_1_3,true
SELECT10_4_3_1_4,4384,HACTION_SELECT10_4_3_1_4,4384,HTML_PAGE_SELECT10_4_3_1_4,select10_4_3_1_4,true
SELECT10_4_3_2,4385,HACTION_SELECT10_4_3_2,4385,HTML_PAGE_SELECT10_4_3_2,select10_4_3_2,true
SELECT10_4_3_2_1,4386,HACTION_SELECT10_4_3_2_1,4386,HTML_PAGE_SELECT10_4_3_2_1,select10_4_3_2_1,true
SELECT10_4_3_2_2,4387,HACTION_SELECT10_4_3_2_2,4387,HTML_PAGE_SELECT10_4_3_2_2,select10_4_3_2_2,true
SELECT10_4_3_2_3,4388,HACTION_SELECT10_4_3_2_3,4388,HTML_PAGE_SELECT10_4_3_2_3,select10_4_3_2_3,true
SELECT10_4_3_2_4,4389,HACTION_SELECT10_4_3_2_4,4389,HTML_PAGE_SELECT10_4_3_2_4,select10_4_3_2_4,true
SELECT10_4_3_3,4390,HACTION_SELECT10_4_3_3,4390,HTML_PAGE_SELECT10_4_3_3,select10_4_3_3,true
SELECT10_4_3_3_1,4391,HACTION_SELECT10_4_3_3_1,4391,HTML_PAGE_SELECT10_4_3_3_1,select10_4_3_3_1,true
SELECT10_4_3_3_2,4392,HACTION_SELECT10_4_3_3_2,4392,HTML_PAGE_SELECT10_4_3_3_2,select10_4_3_3_2,true
SELECT10_4_3_3_3,4393,HACTION_SELECT10_4_3_3_3,4393,HTML_PAGE_SELECT10_4_3_3_3,select10_4_3_3_3,true
SELECT10_4_3_3_4,4394,HACTION_SELECT10_4_3_3_4,4394,HTML_PAGE_SELECT10_4_3_3_4,select10_4_3_3_4,true
SELECT10_4_3_4,4395,HACTION_SELECT10_4_3_4,4395,HTML_PAGE_SELECT10_4_3_4,select10_4_3_4,true
SELECT10_4_3_4_1,4396,HACTION_SELECT10_4_3_4_1,4396,HTML_PAGE_SELECT10_4_3_4_1,select10_4_3_4_1,true
SELECT10_4_3_4_2,4397,HACTION_SELECT10_4_3_4_2,4397,HTML_PAGE_SELECT10_4_3_4_2,select10_4_3_4_2,true
SELECT10_4_3_4_3,4398,HACTION_SELECT10_4_3_4_3,4398,HTML_PAGE_SELECT10_4_3_4_3,select10_4_3_4_3,true
SELECT10_4_3_4_4,4399,HACTION_SELECT10_4_3_4_4,4399,HTML_PAGE_SELECT10_4_3_4_4,select10_4_3_4_4,true
SELECT10_4_4,4400,HACTION_SELECT10_4_4,4400,HTML_PAGE_SELECT10_4_4,select10_4_4,true
SELECT10_4_4_1,4401,HACTION_SELECT10_4_4_1,4401,HTML_PAGE_SELECT10_4_4_1,select10_4_4_1,true
SELECT10_4_4_1_1,4402,HACTION_SELECT10_4_4_1_1,4402,HTML_PAGE_SELECT10_4_4_1_1,select10_4_4_1_1,true
SELECT10_4_4_1_2,4403,HACTION_SELECT10_4_4_1_2,4403,HTML_PAGE_SELECT10_4_4_1_2,select10_4_4_1_2,true
SELECT10_4_4_1_3,4404,HACTION_SELECT10_4_4_1_3,4404,HTML_PAGE_SELECT10_4_4_1_3,select10_4_4_1_3,true
SELECT10_4_4_1_4,4405,HACTION_SELECT10_4_4_1_4,4405,HTML_PAGE_SELECT10_4_4_1_4,select10_4_4_1_4,true
SELECT10_4_4_2,4406,HACTION_SELECT10_4_4_2,4406,HTML_PAGE_SELECT10_4_4_2,select10_4_4_2,true
SELECT10_4_4_2_1,4407,HACTION_SELECT10_4_4_2_1,4407,HTML_PAGE_SELECT10_4_4_2_1,select10_4_4_2_1,true
SELECT10_4_4_2_2,4408,HACTION_SELECT10_4_4_2_2,4408,HTML_PAGE_SELECT10_4_4_2_2,select10_4_4_2_2,true
SELECT10_4_4_2_3,4409,HACTION_SELECT10_4_4_2_3,4409,HTML_PAGE_SELECT10_4_4_2_3,select10_4_4_2_3,true
SELECT10_4_4_2_4,4410,HACTION_SELECT10_4_4_2_4,4410,HTML_PAGE_SELECT10_4_4_2_4,select10_4_4_2_4,true
SELECT10_4_4_3,4411,HACTION_SELECT10_4_4_3,4411,HTML_PAGE_SELECT10_4_4_3,select10_4_4_3,true
SELECT10_4_4_3_1,4412,HACTION_SELECT10_4_4_3_1,4412,HTML_PAGE_SELECT10_4_4_3_1,select10_4_4_3_1,true
SELECT10_4_4_3_2,4413,HACTION_SELECT10_4_4_3_2,4413,HTML_PAGE_SELECT10_4_4_3_2,select10_4_4_3_2,true
SELECT10_4_4_3_3,4414,HACTION_SELECT10_4_4_3_3,4414,HTML_PAGE_SELECT10_4_4_3_3,select10_4_4_3_3,true
SELECT10_4_4_3_4,4415,HACTION_SELECT10_4_4_3_4,4415,HTML_PAGE_SELECT10_4_4_3_4,select10_4_4_3_4,true
SELECT10_4_4_4,4416,HACTION_SELECT10_4_4_4,4416,HTML_PAGE_SELECT10_4_4_4,select10_4_4_4,true
SELECT10_4_4_4_1,4417,HACTION_SELECT10_4_4_4_1,4417,HTML_PAGE_SELECT10_4_4_4_1,select10_4_4_4_1,true
SELECT10_4_4_4_2,4418,HACTION_SELECT10_4_4_4_2,4418,HTML_PAGE_SELECT10_4_4_4_2,select10_4_4_4_2,true
SELECT10_4_4_4_3,4419,HACTION_SELECT10_4_4_4_3,4419,HTML_PAGE_SELECT10_4_4_4_3,select10_4_4_4_3,true
SELECT10_4_4_4_4,4420,HACTION_SELECT10_4_4_4_4,4420,HTML_PAGE_SELECT10_4_4_4_4,select10_4_4_4_4,true
SELECT11,6500,HACTION_SELECT11,6500,HTML_PAGE_SELECT11,select11,true
SELECT11_1,6501,HACTION_SELECT11_1,6501,HTML_PAGE_SELECT11_1,select11_1,true
SELECT11_1_1,6502,HACTION_SELECT11_1_1,6502,HTML_PAGE_SELECT11_1_1,select11_1_1,true
SELECT11_1_1_1,6503,HACTION_SELECT11_1_1_1,6503,HTML_PAGE_SELECT11_1_1_1,select11_1_1_1,true
SELECT11_1_1_1_1,6504,HACTION_SELECT11_1_1_1_1,6504,HTML_PAGE_SELECT11_1_1_1_1,select11_1_1_1_1,true
SELECT11_1_1_1_2,6505,HACTION_SELECT11_1_1_1_2,6505,HTML_PAGE_SELECT11_1_1_1_2,select11_1_1_1_2,true
SELECT11_1_1_1_3,6506,HACTION_SELECT11_1_1_1_3,6506,HTML_PAGE_SELECT11_1_1_1_3,select11_1_1_1_3,true
SELECT11_1_1_1_4,6507,HACTION_SELECT11_1_1_1_4,6507,HTML_PAGE_SELECT11_1_1_1_4,select11_1_1_1_4,true
SELECT11_1_1_2,6508,HACTION_SELECT11_1_1_2,6508,HTML_PAGE_SELECT11_1_1_2,select11_1_1_2,true
SELECT11_1_1_2_1,6509,HACTION_SELECT11_1_1_2_1,6509,HTML_PAGE_SELECT11_1_1_2_1,select11_1_1_2_1,true
SELECT11_1_1_2_2,6510,HACTION_SELECT11_1_1_2_2,6510,HTML_PAGE_SELECT11_1_1_2_2,select11_1_1_2_2,true
SELECT11_1_1_2_3,6511,HACTION_SELECT11_1_1_2_3,6511,HTML_PAGE_SELECT11_1_1_2_3,select11_1_1_2_3,true
SELECT11_1_1_2_4,6512,HACTION_SELECT11_1_1_2_4,6512,HTML_PAGE_SELECT11_1_1_2_4,select11_1_1_2_4,true
SELECT11_1_1_3,6513,HACTION_SELECT11_1_1_3,6513,HTML_PAGE_SELECT11_1_1_3,select11_1_1_3,true
SELECT11_1_1_3_1,6514,HACTION_SELECT11_1_1_3_1,6514,HTML_PAGE_SELECT11_1_1_3_1,select11_1_1_3_1,true
SELECT11_1_1_3_2,6515,HACTION_SELECT11_1_1_3_2,6515,HTML_PAGE_SELECT11_1_1_3_2,select11_1_1_3_2,true
SELECT11_1_1_3_3,6516,HACTION_SELECT11_1_1_3_3,6516,HTML_PAGE_SELECT11_1_1_3_3,select11_1_1_3_3,true
SELECT11_1_1_3_4,6517,HACTION_SELECT11_1_1_3_4,6517,HTML_PAGE_SELECT11_1_1_3_4,select11_1_1_3_4,true
SELECT11_1_1_4,6518,HACTION_SELECT11_1_1_4,6518,HTML_PAGE_SELECT11_1_1_4,select11_1_1_4,true
SELECT11_1_1_4_1,6519,HACTION_SELECT11_1_1_4_1,6519,HTML_PAGE_SELECT11_1_1_4_1,select11_1_1_4_1,true
SELECT11_1_1_4_2,6520,HACTION_SELECT11_1_1_4_2,6520,HTML_PAGE_SELECT11_1_1_4_2,select11_1_1_4_2,true
SELECT11_1_1_4_3,6521,HACTION_SELECT11_1_1_4_3,6521,HTML_PAGE_SELECT11_1_1_4_3,select11_1_1_4_3,true
SELECT11_1_1_4_4,6522,HACTION_SELECT11_1_1_4_4,6522,HTML_PAGE_SELECT11_1_1_4_4,select11_1_1_4_4,true
SELECT11_1_2,6523,HACTION_SELECT11_1_2,6523,HTML_PAGE_SELECT11_1_2,select11_1_2,true
SELECT11_1_2_1,6524,HACTION_SELECT11_1_2_1,6524,HTML_PAGE_SELECT11_1_2_1,select11_1_2_1,true
SELECT11_1_2_1_1,6525,HACTION_SELECT11_1_2_1_1,6525,HTML_PAGE_SELECT11_1_2_1_1,select11_1_2_1_1,true
SELECT11_1_2_1_2,6526,HACTION_SELECT11_1_2_1_2,6526,HTML_PAGE_SELECT11_1_2_1_2,select11_1_2_1_2,true
SELECT11_1_2_1_3,6527,HACTION_SELECT11_1_2_1_3,6527,HTML_PAGE_SELECT11_1_2_1_3,select11_1_2_1_3,true
SELECT11_1_2_1_4,6528,HACTION_SELECT11_1_2_1_4,6528,HTML_PAGE_SELECT11_1_2_1_4,select11_1_2_1_4,true
SELECT11_1_2_2,6529,HACTION_SELECT11_1_2_2,6529,HTML_PAGE_SELECT11_1_2_2,select11_1_2_2,true
SELECT11_1_2_2_1,6530,HACTION_SELECT11_1_2_2_1,6530,HTML_PAGE_SELECT11_1_2_2_1,select11_1_2_2_1,true
SELECT11_1_2_2_2,6531,HACTION_SELECT11_1_2_2_2,6531,HTML_PAGE_SELECT11_1_2_2_2,select11_1_2_2_2,true
SELECT11_1_2_2_3,6532,HACTION_SELECT11_1_2_2_3,6532,HTML_PAGE_SELECT11_1_2_2_3,select11_1_2_2_3,true
SELECT11_1_2_2_4,6533,HACTION_SELECT11_1_2_2_4,6533,HTML_PAGE_SELECT11_1_2_2_4,select11_1_2_2_4,true
SELECT11_1_2_3,6534,HACTION_SELECT11_1_2_3,6534,HTML_PAGE_SELECT11_1_2_3,select11_1_2_3,true
SELECT11_1_2_3_1,6535,HACTION_SELECT11_1_2_3_1,6535,HTML_PAGE_SELECT11_1_2_3_1,select11_1_2_3_1,true
SELECT11_1_2_3_2,6536,HACTION_SELECT11_1_2_3_2,6536,HTML_PAGE_SELECT11_1_2_3_2,select11_1_2_3_2,true
SELECT11_1_2_3_3,6537,HACTION_SELECT11_1_2_3_3,6537,HTML_PAGE_SELECT11_1_2_3_3,select11_1_2_3_3,true
SELECT11_1_2_3_4,6538,HACTION_SELECT11_1_2_3_4,6538,HTML_PAGE_SELECT11_1_2_3_4,select11_1_2_3_4,true
SELECT11_1_2_4,6539,HACTION_SELECT11_1_2_4,6539,HTML_PAGE_SELECT11_1_2_4,select11_1_2_4,true
SELECT11_1_2_4_1,6540,HACTION_SELECT11_1_2_4_1,6540,HTML_PAGE_SELECT11_1_2_4_1,select11_1_2_4_1,true
SELECT11_1_2_4_2,6541,HACTION_SELECT11_1_2_4_2,6541,HTML_PAGE_SELECT11_1_2_4_2,select11_1_2_4_2,true
SELECT11_1_2_4_3,6542,HACTION_SELECT11_1_2_4_3,6542,HTML_PAGE_SELECT11_1_2_4_3,select11_1_2_4_3,true
SELECT11_1_2_4_4,6543,HACTION_SELECT11_1_2_4_4,6543,HTML_PAGE_SELECT11_1_2_4_4,select11_1_2_4_4,true
SELECT11_1_3,6544,HACTION_SELECT11_1_3,6544,HTML_PAGE_SELECT11_1_3,select11_1_3,true
SELECT11_1_3_1,6545,HACTION_SELECT11_1_3_1,6545,HTML_PAGE_SELECT11_1_3_1,select11_1_3_1,true
SELECT11_1_3_1_1,6546,HACTION_SELECT11_1_3_1_1,6546,HTML_PAGE_SELECT11_1_3_1_1,select11_1_3_1_1,true
SELECT11_1_3_1_2,6547,HACTION_SELECT11_1_3_1_2,6547,HTML_PAGE_SELECT11_1_3_1_2,select11_1_3_1_2,true
SELECT11_1_3_1_3,6548,HACTION_SELECT11_1_3_1_3,6548,HTML_PAGE_SELECT11_1_3_1_3,select11_1_3_1_3,true
SELECT11_1_3_1_4,6549,HACTION_SELECT11_1_3_1_4,6549,HTML_PAGE_SELECT11_1_3_1_4,select11_1_3_1_4,true
SELECT11_1_3_2,6550,HACTION_SELECT11_1_3_2,6550,HTML_PAGE_SELECT11_1_3_2,select11_1_3_2,true
SELECT11_1_3_2_1,6551,HACTION_SELECT11_1_3_2_1,6551,HTML_PAGE_SELECT11_1_3_2_1,select11_1_3_2_1,true
SELECT11_1_3_2_2,6552,HACTION_SELECT11_1_3_2_2,6552,HTML_PAGE_SELECT11_1_3_2_2,select11_1_3_2_2,true
SELECT11_1_3_2_3,6553,HACTION_SELECT11_1_3_2_3,6553,HTML_PAGE_SELECT11_1_3_2_3,select11_1_3_2_3,true
SELECT11_1_3_2_4,6554,HACTION_SELECT11_1_3_2_4,6554,HTML_PAGE_SELECT11_1_3_2_4,select11_1_3_2_4,true
SELECT11_1_3_3,6555,HACTION_SELECT11_1_3_3,6555,HTML_PAGE_SELECT11_1_3_3,select11_1_3_3,true
SELECT11_1_3_3_1,6556,HACTION_SELECT11_1_3_3_1,6556,HTML_PAGE_SELECT11_1_3_3_1,select11_1_3_3_1,true
SELECT11_1_3_3_2,6557,HACTION_SELECT11_1_3_3_2,6557,HTML_PAGE_SELECT11_1_3_3_2,select11_1_3_3_2,true
SELECT11_1_3_3_3,6558,HACTION_SELECT11_1_3_3_3,6558,HTML_PAGE_SELECT11_1_3_3_3,select11_1_3_3_3,true
SELECT11_1_3_3_4,6559,HACTION_SELECT11_1_3_3_4,6559,HTML_PAGE_SELECT11_1_3_3_4,select11_1_3_3_4,true
SELECT11_1_3_4,6560,HACTION_SELECT11_1_3_4,6560,HTML_PAGE_SELECT11_1_3_4,select11_1_3_4,true
SELECT11_1_3_4_1,6561,HACTION_SELECT11_1_3_4_1,6561,HTML_PAGE_SELECT11_1_3_4_1,select11_1_3_4_1,true
SELECT11_1_3_4_2,6562,HACTION_SELECT11_1_3_4_2,6562,HTML_PAGE_SELECT11_1_3_4_2,select11_1_3_4_2,true
SELECT11_1_3_4_3,6563,HACTION_SELECT11_1_3_4_3,6563,HTML_PAGE_SELECT11_1_3_4_3,select11_1_3_4_3,true
SELECT11_1_3_4_4,6564,HACTION_SELECT11_1_3_4_4,6564,HTML_PAGE_SELECT11_1_3_4_4,select11_1_3_4_4,true
SELECT11_1_4,6565,HACTION_SELECT11_1_4,6565,HTML_PAGE_SELECT11_1_4,select11_1_4,true
SELECT11_1_4_1,6566,HACTION_SELECT11_1_4_1,6566,HTML_PAGE_SELECT11_1_4_1,select11_1_4_1,true
SELECT11_1_4_1_1,6567,HACTION_SELECT11_1_4_1_1,6567,HTML_PAGE_SELECT11_1_4_1_1,select11_1_4_1_1,true
SELECT11_1_4_1_2,6568,HACTION_SELECT11_1_4_1_2,6568,HTML_PAGE_SELECT11_1_4_1_2,select11_1_4_1_2,true
SELECT11_1_4_1_3,6569,HACTION_SELECT11_1_4_1_3,6569,HTML_PAGE_SELECT11_1_4_1_3,select11_1_4_1_3,true
SELECT11_1_4_1_4,6570,HACTION_SELECT11_1_4_1_4,6570,HTML_PAGE_SELECT11_1_4_1_4,select11_1_4_1_4,true
SELECT11_1_4_2,6571,HACTION_SELECT11_1_4_2,6571,HTML_PAGE_SELECT11_1_4_2,select11_1_4_2,true
SELECT11_1_4_2_1,6572,HACTION_SELECT11_1_4_2_1,6572,HTML_PAGE_SELECT11_1_4_2_1,select11_1_4_2_1,true
SELECT11_1_4_2_2,6573,HACTION_SELECT11_1_4_2_2,6573,HTML_PAGE_SELECT11_1_4_2_2,select11_1_4_2_2,true
SELECT11_1_4_2_3,6574,HACTION_SELECT11_1_4_2_3,6574,HTML_PAGE_SELECT11_1_4_2_3,select11_1_4_2_3,true
SELECT11_1_4_2_4,6575,HACTION_SELECT11_1_4_2_4,6575,HTML_PAGE_SELECT11_1_4_2_4,select11_1_4_2_4,true
SELECT11_1_4_3,6576,HACTION_SELECT11_1_4_3,6576,HTML_PAGE_SELECT11_1_4_3,select11_1_4_3,true
SELECT11_1_4_3_1,6577,HACTION_SELECT11_1_4_3_1,6577,HTML_PAGE_SELECT11_1_4_3_1,select11_1_4_3_1,true
SELECT11_1_4_3_2,6578,HACTION_SELECT11_1_4_3_2,6578,HTML_PAGE_SELECT11_1_4_3_2,select11_1_4_3_2,true
SELECT11_1_4_3_3,6579,HACTION_SELECT11_1_4_3_3,6579,HTML_PAGE_SELECT11_1_4_3_3,select11_1_4_3_3,true
SELECT11_1_4_3_4,6580,HACTION_SELECT11_1_4_3_4,6580,HTML_PAGE_SELECT11_1_4_3_4,select11_1_4_3_4,true
SELECT11_1_4_4,6581,HACTION_SELECT11_1_4_4,6581,HTML_PAGE_SELECT11_1_4_4,select11_1_4_4,true
SELECT11_1_4_4_1,6582,HACTION_SELECT11_1_4_4_1,6582,HTML_PAGE_SELECT11_1_4_4_1,select11_1_4_4_1,true
SELECT11_1_4_4_2,6583,HACTION_SELECT11_1_4_4_2,6583,HTML_PAGE_SELECT11_1_4_4_2,select11_1_4_4_2,true
SELECT11_1_4_4_3,6584,HACTION_SELECT11_1_4_4_3,6584,HTML_PAGE_SELECT11_1_4_4_3,select11_1_4_4_3,true
SELECT11_1_4_4_4,6585,HACTION_SELECT11_1_4_4_4,6585,HTML_PAGE_SELECT11_1_4_4_4,select11_1_4_4_4,true
SELECT11_2,6586,HACTION_SELECT11_2,6586,HTML_PAGE_SELECT11_2,select11_2,true
SELECT11_2_1,6587,HACTION_SELECT11_2_1,6587,HTML_PAGE_SELECT11_2_1,select11_2_1,true
SELECT11_2_1_1,6588,HACTION_SELECT11_2_1_1,6588,HTML_PAGE_SELECT11_2_1_1,select11_2_1_1,true
SELECT11_2_1_1_1,6589,HACTION_SELECT11_2_1_1_1,6589,HTML_PAGE_SELECT11_2_1_1_1,select11_2_1_1_1,true
SELECT11_2_1_1_2,6590,HACTION_SELECT11_2_1_1_2,6590,HTML_PAGE_SELECT11_2_1_1_2,select11_2_1_1_2,true
SELECT11_2_1_1_3,6591,HACTION_SELECT11_2_1_1_3,6591,HTML_PAGE_SELECT11_2_1_1_3,select11_2_1_1_3,true
SELECT11_2_1_1_4,6592,HACTION_SELECT11_2_1_1_4,6592,HTML_PAGE_SELECT11_2_1_1_4,select11_2_1_1_4,true
SELECT11_2_1_2,6593,HACTION_SELECT11_2_1_2,6593,HTML_PAGE_SELECT11_2_1_2,select11_2_1_2,true
SELECT11_2_1_2_1,6594,HACTION_SELECT11_2_1_2_1,6594,HTML_PAGE_SELECT11_2_1_2_1,select11_2_1_2_1,true
SELECT11_2_1_2_2,6595,HACTION_SELECT11_2_1_2_2,6595,HTML_PAGE_SELECT11_2_1_2_2,select11_2_1_2_2,true
SELECT11_2_1_2_3,6596,HACTION_SELECT11_2_1_2_3,6596,HTML_PAGE_SELECT11_2_1_2_3,select11_2_1_2_3,true
SELECT11_2_1_2_4,6597,HACTION_SELECT11_2_1_2_4,6597,HTML_PAGE_SELECT11_2_1_2_4,select11_2_1_2_4,true
SELECT11_2_1_3,6598,HACTION_SELECT11_2_1_3,6598,HTML_PAGE_SELECT11_2_1_3,select11_2_1_3,true
SELECT11_2_1_3_1,6599,HACTION_SELECT11_2_1_3_1,6599,HTML_PAGE_SELECT11_2_1_3_1,select11_2_1_3_1,true
SELECT11_2_1_3_2,6600,HACTION_SELECT11_2_1_3_2,6600,HTML_PAGE_SELECT11_2_1_3_2,select11_2_1_3_2,true
SELECT11_2_1_3_3,6601,HACTION_SELECT11_2_1_3_3,6601,HTML_PAGE_SELECT11_2_1_3_3,select11_2_1_3_3,true
SELECT11_2_1_3_4,6602,HACTION_SELECT11_2_1_3_4,6602,HTML_PAGE_SELECT11_2_1_3_4,select11_2_1_3_4,true
SELECT11_2_1_4,6603,HACTION_SELECT11_2_1_4,6603,HTML_PAGE_SELECT11_2_1_4,select11_2_1_4,true
SELECT11_2_1_4_1,6604,HACTION_SELECT11_2_1_4_1,6604,HTML_PAGE_SELECT11_2_1_4_1,select11_2_1_4_1,true
SELECT11_2_1_4_2,6605,HACTION_SELECT11_2_1_4_2,6605,HTML_PAGE_SELECT11_2_1_4_2,select11_2_1_4_2,true
SELECT11_2_1_4_3,6606,HACTION_SELECT11_2_1_4_3,6606,HTML_PAGE_SELECT11_2_1_4_3,select11_2_1_4_3,true
SELECT11_2_1_4_4,6607,HACTION_SELECT11_2_1_4_4,6607,HTML_PAGE_SELECT11_2_1_4_4,select11_2_1_4_4,true
SELECT11_2_2,6608,HACTION_SELECT11_2_2,6608,HTML_PAGE_SELECT11_2_2,select11_2_2,true
SELECT11_2_2_1,6609,HACTION_SELECT11_2_2_1,6609,HTML_PAGE_SELECT11_2_2_1,select11_2_2_1,true
SELECT11_2_2_1_1,6610,HACTION_SELECT11_2_2_1_1,6610,HTML_PAGE_SELECT11_2_2_1_1,select11_2_2_1_1,true
SELECT11_2_2_1_2,6611,HACTION_SELECT11_2_2_1_2,6611,HTML_PAGE_SELECT11_2_2_1_2,select11_2_2_1_2,true
SELECT11_2_2_1_3,6612,HACTION_SELECT11_2_2_1_3,6612,HTML_PAGE_SELECT11_2_2_1_3,select11_2_2_1_3,true
SELECT11_2_2_1_4,6613,HACTION_SELECT11_2_2_1_4,6613,HTML_PAGE_SELECT11_2_2_1_4,select11_2_2_1_4,true
SELECT11_2_2_2,6614,HACTION_SELECT11_2_2_2,6614,HTML_PAGE_SELECT11_2_2_2,select11_2_2_2,true
SELECT11_2_2_2_1,6615,HACTION_SELECT11_2_2_2_1,6615,HTML_PAGE_SELECT11_2_2_2_1,select11_2_2_2_1,true
SELECT11_2_2_2_2,6616,HACTION_SELECT11_2_2_2_2,6616,HTML_PAGE_SELECT11_2_2_2_2,select11_2_2_2_2,true
SELECT11_2_2_2_3,6617,HACTION_SELECT11_2_2_2_3,6617,HTML_PAGE_SELECT11_2_2_2_3,select11_2_2_2_3,true
SELECT11_2_2_2_4,6618,HACTION_SELECT11_2_2_2_4,6618,HTML_PAGE_SELECT11_2_2_2_4,select11_2_2_2_4,true
SELECT11_2_2_3,6619,HACTION_SELECT11_2_2_3,6619,HTML_PAGE_SELECT11_2_2_3,select11_2_2_3,true
SELECT11_2_2_3_1,6620,HACTION_SELECT11_2_2_3_1,6620,HTML_PAGE_SELECT11_2_2_3_1,select11_2_2_3_1,true
SELECT11_2_2_3_2,6621,HACTION_SELECT11_2_2_3_2,6621,HTML_PAGE_SELECT11_2_2_3_2,select11_2_2_3_2,true
SELECT11_2_2_3_3,6622,HACTION_SELECT11_2_2_3_3,6622,HTML_PAGE_SELECT11_2_2_3_3,select11_2_2_3_3,true
SELECT11_2_2_3_4,6623,HACTION_SELECT11_2_2_3_4,6623,HTML_PAGE_SELECT11_2_2_3_4,select11_2_2_3_4,true
SELECT11_2_2_4,6624,HACTION_SELECT11_2_2_4,6624,HTML_PAGE_SELECT11_2_2_4,select11_2_2_4,true
SELECT11_2_2_4_1,6625,HACTION_SELECT11_2_2_4_1,6625,HTML_PAGE_SELECT11_2_2_4_1,select11_2_2_4_1,true
SELECT11_2_2_4_2,6626,HACTION_SELECT11_2_2_4_2,6626,HTML_PAGE_SELECT11_2_2_4_2,select11_2_2_4_2,true
SELECT11_2_2_4_3,6627,HACTION_SELECT11_2_2_4_3,6627,HTML_PAGE_SELECT11_2_2_4_3,select11_2_2_4_3,true
SELECT11_2_2_4_4,6628,HACTION_SELECT11_2_2_4_4,6628,HTML_PAGE_SELECT11_2_2_4_4,select11_2_2_4_4,true
SELECT11_2_3,6629,HACTION_SELECT11_2_3,6629,HTML_PAGE_SELECT11_2_3,select11_2_3,true
SELECT11_2_3_1,6630,HACTION_SELECT11_2_3_1,6630,HTML_PAGE_SELECT11_2_3_1,select11_2_3_1,true
SELECT11_2_3_1_1,6631,HACTION_SELECT11_2_3_1_1,6631,HTML_PAGE_SELECT11_2_3_1_1,select11_2_3_1_1,true
SELECT11_2_3_1_2,6632,HACTION_SELECT11_2_3_1_2,6632,HTML_PAGE_SELECT11_2_3_1_2,select11_2_3_1_2,true
SELECT11_2_3_1_3,6633,HACTION_SELECT11_2_3_1_3,6633,HTML_PAGE_SELECT11_2_3_1_3,select11_2_3_1_3,true
SELECT11_2_3_1_4,6634,HACTION_SELECT11_2_3_1_4,6634,HTML_PAGE_SELECT11_2_3_1_4,select11_2_3_1_4,true
SELECT11_2_3_2,6635,HACTION_SELECT11_2_3_2,6635,HTML_PAGE_SELECT11_2_3_2,select11_2_3_2,true
SELECT11_2_3_2_1,6636,HACTION_SELECT11_2_3_2_1,6636,HTML_PAGE_SELECT11_2_3_2_1,select11_2_3_2_1,true
SELECT11_2_3_2_2,6637,HACTION_SELECT11_2_3_2_2,6637,HTML_PAGE_SELECT11_2_3_2_2,select11_2_3_2_2,true
SELECT11_2_3_2_3,6638,HACTION_SELECT11_2_3_2_3,6638,HTML_PAGE_SELECT11_2_3_2_3,select11_2_3_2_3,true
SELECT11_2_3_2_4,6639,HACTION_SELECT11_2_3_2_4,6639,HTML_PAGE_SELECT11_2_3_2_4,select11_2_3_2_4,true
SELECT11_2_3_3,6640,HACTION_SELECT11_2_3_3,6640,HTML_PAGE_SELECT11_2_3_3,select11_2_3_3,true
SELECT11_2_3_3_1,6641,HACTION_SELECT11_2_3_3_1,6641,HTML_PAGE_SELECT11_2_3_3_1,select11_2_3_3_1,true
SELECT11_2_3_3_2,6642,HACTION_SELECT11_2_3_3_2,6642,HTML_PAGE_SELECT11_2_3_3_2,select11_2_3_3_2,true
SELECT11_2_3_3_3,6643,HACTION_SELECT11_2_3_3_3,6643,HTML_PAGE_SELECT11_2_3_3_3,select11_2_3_3_3,true
SELECT11_2_3_3_4,6644,HACTION_SELECT11_2_3_3_4,6644,HTML_PAGE_SELECT11_2_3_3_4,select11_2_3_3_4,true
SELECT11_2_3_4,6645,HACTION_SELECT11_2_3_4,6645,HTML_PAGE_SELECT11_2_3_4,select11_2_3_4,true
SELECT11_2_3_4_1,6646,HACTION_SELECT11_2_3_4_1,6646,HTML_PAGE_SELECT11_2_3_4_1,select11_2_3_4_1,true
SELECT11_2_3_4_2,6647,HACTION_SELECT11_2_3_4_2,6647,HTML_PAGE_SELECT11_2_3_4_2,select11_2_3_4_2,true
SELECT11_2_3_4_3,6648,HACTION_SELECT11_2_3_4_3,6648,HTML_PAGE_SELECT11_2_3_4_3,select11_2_3_4_3,true
SELECT11_2_3_4_4,6649,HACTION_SELECT11_2_3_4_4,6649,HTML_PAGE_SELECT11_2_3_4_4,select11_2_3_4_4,true
SELECT11_2_4,6650,HACTION_SELECT11_2_4,6650,HTML_PAGE_SELECT11_2_4,select11_2_4,true
SELECT11_2_4_1,6651,HACTION_SELECT11_2_4_1,6651,HTML_PAGE_SELECT11_2_4_1,select11_2_4_1,true
SELECT11_2_4_1_1,6652,HACTION_SELECT11_2_4_1_1,6652,HTML_PAGE_SELECT11_2_4_1_1,select11_2_4_1_1,true
SELECT11_2_4_1_2,6653,HACTION_SELECT11_2_4_1_2,6653,HTML_PAGE_SELECT11_2_4_1_2,select11_2_4_1_2,true
SELECT11_2_4_1_3,6654,HACTION_SELECT11_2_4_1_3,6654,HTML_PAGE_SELECT11_2_4_1_3,select11_2_4_1_3,true
SELECT11_2_4_1_4,6655,HACTION_SELECT11_2_4_1_4,6655,HTML_PAGE_SELECT11_2_4_1_4,select11_2_4_1_4,true
SELECT11_2_4_2,6656,HACTION_SELECT11_2_4_2,6656,HTML_PAGE_SELECT11_2_4_2,select11_2_4_2,true
SELECT11_2_4_2_1,6657,HACTION_SELECT11_2_4_2_1,6657,HTML_PAGE_SELECT11_2_4_2_1,select11_2_4_2_1,true
SELECT11_2_4_2_2,6658,HACTION_SELECT11_2_4_2_2,6658,HTML_PAGE_SELECT11_2_4_2_2,select11_2_4_2_2,true
SELECT11_2_4_2_3,6659,HACTION_SELECT11_2_4_2_3,6659,HTML_PAGE_SELECT11_2_4_2_3,select11_2_4_2_3,true
SELECT11_2_4_2_4,6660,HACTION_SELECT11_2_4_2_4,6660,HTML_PAGE_SELECT11_2_4_2_4,select11_2_4_2_4,true
SELECT11_2_4_3,6661,HACTION_SELECT11_2_4_3,6661,HTML_PAGE_SELECT11_2_4_3,select11_2_4_3,true
SELECT11_2_4_3_1,6662,HACTION_SELECT11_2_4_3_1,6662,HTML_PAGE_SELECT11_2_4_3_1,select11_2_4_3_1,true
SELECT11_2_4_3_2,6663,HACTION_SELECT11_2_4_3_2,6663,HTML_PAGE_SELECT11_2_4_3_2,select11_2_4_3_2,true
SELECT11_2_4_3_3,6664,HACTION_SELECT11_2_4_3_3,6664,HTML_PAGE_SELECT11_2_4_3_3,select11_2_4_3_3,true
SELECT11_2_4_3_4,6665,HACTION_SELECT11_2_4_3_4,6665,HTML_PAGE_SELECT11_2_4_3_4,select11_2_4_3_4,true
SELECT11_2_4_4,6666,HACTION_SELECT11_2_4_4,6666,HTML_PAGE_SELECT11_2_4_4,select11_2_4_4,true
SELECT11_2_4_4_1,6667,HACTION_SELECT11_2_4_4_1,6667,HTML_PAGE_SELECT11_2_4_4_1,select11_2_4_4_1,true
SELECT11_2_4_4_2,6668,HACTION_SELECT11_2_4_4_2,6668,HTML_PAGE_SELECT11_2_4_4_2,select11_2_4_4_2,true
SELECT11_2_4_4_3,6669,HACTION_SELECT11_2_4_4_3,6669,HTML_PAGE_SELECT11_2_4_4_3,select11_2_4_4_3,true
SELECT11_2_4_4_4,6670,HACTION_SELECT11_2_4_4_4,6670,HTML_PAGE_SELECT11_2_4_4_4,select11_2_4_4_4,true
SELECT11_3,6671,HACTION_SELECT11_3,6671,HTML_PAGE_SELECT11_3,select11_3,true
SELECT11_3_1,6672,HACTION_SELECT11_3_1,6672,HTML_PAGE_SELECT11_3_1,select11_3_1,true
SELECT11_3_1_1,6673,HACTION_SELECT11_3_1_1,6673,HTML_PAGE_SELECT11_3_1_1,select11_3_1_1,true
SELECT11_3_1_1_1,6674,HACTION_SELECT11_3_1_1_1,6674,HTML_PAGE_SELECT11_3_1_1_1,select11_3_1_1_1,true
SELECT11_3_1_1_2,6675,HACTION_SELECT11_3_1_1_2,6675,HTML_PAGE_SELECT11_3_1_1_2,select11_3_1_1_2,true
SELECT11_3_1_1_3,6676,HACTION_SELECT11_3_1_1_3,6676,HTML_PAGE_SELECT11_3_1_1_3,select11_3_1_1_3,true
SELECT11_3_1_1_4,6677,HACTION_SELECT11_3_1_1_4,6677,HTML_PAGE_SELECT11_3_1_1_4,select11_3_1_1_4,true
SELECT11_3_1_2,6678,HACTION_SELECT11_3_1_2,6678,HTML_PAGE_SELECT11_3_1_2,select11_3_1_2,true
SELECT11_3_1_2_1,6679,HACTION_SELECT11_3_1_2_1,6679,HTML_PAGE_SELECT11_3_1_2_1,select11_3_1_2_1,true
SELECT11_3_1_2_2,6680,HACTION_SELECT11_3_1_2_2,6680,HTML_PAGE_SELECT11_3_1_2_2,select11_3_1_2_2,true
SELECT11_3_1_2_3,6681,HACTION_SELECT11_3_1_2_3,6681,HTML_PAGE_SELECT11_3_1_2_3,select11_3_1_2_3,true
SELECT11_3_1_2_4,6682,HACTION_SELECT11_3_1_2_4,6682,HTML_PAGE_SELECT11_3_1_2_4,select11_3_1_2_4,true
SELECT11_3_1_3,6683,HACTION_SELECT11_3_1_3,6683,HTML_PAGE_SELECT11_3_1_3,select11_3_1_3,true
SELECT11_3_1_3_1,6684,HACTION_SELECT11_3_1_3_1,6684,HTML_PAGE_SELECT11_3_1_3_1,select11_3_1_3_1,true
SELECT11_3_1_3_2,6685,HACTION_SELECT11_3_1_3_2,6685,HTML_PAGE_SELECT11_3_1_3_2,select11_3_1_3_2,true
SELECT11_3_1_3_3,6686,HACTION_SELECT11_3_1_3_3,6686,HTML_PAGE_SELECT11_3_1_3_3,select11_3_1_3_3,true
SELECT11_3_1_3_4,6687,HACTION_SELECT11_3_1_3_4,6687,HTML_PAGE_SELECT11_3_1_3_4,select11_3_1_3_4,true
SELECT11_3_1_4,6688,HACTION_SELECT11_3_1_4,6688,HTML_PAGE_SELECT11_3_1_4,select11_3_1_4,true
SELECT11_3_1_4_1,6689,HACTION_SELECT11_3_1_4_1,6689,HTML_PAGE_SELECT11_3_1_4_1,select11_3_1_4_1,true
SELECT11_3_1_4_2,6690,HACTION_SELECT11_3_1_4_2,6690,HTML_PAGE_SELECT11_3_1_4_2,select11_3_1_4_2,true
SELECT11_3_1_4_3,6691,HACTION_SELECT11_3_1_4_3,6691,HTML_PAGE_SELECT11_3_1_4_3,select11_3_1_4_3,true
SELECT11_3_1_4_4,6692,HACTION_SELECT11_3_1_4_4,6692,HTML_PAGE_SELECT11_3_1_4_4,select11_3_1_4_4,true
SELECT11_3_2,6693,HACTION_SELECT11_3_2,6693,HTML_PAGE_SELECT11_3_2,select11_3_2,true
SELECT11_3_2_1,6694,HACTION_SELECT11_3_2_1,6694,HTML_PAGE_SELECT11_3_2_1,select11_3_2_1,true
SELECT11_3_2_1_1,6695,HACTION_SELECT11_3_2_1_1,6695,HTML_PAGE_SELECT11_3_2_1_1,select11_3_2_1_1,true
SELECT11_3_2_1_2,6696,HACTION_SELECT11_3_2_1_2,6696,HTML_PAGE_SELECT11_3_2_1_2,select11_3_2_1_2,true
SELECT11_3_2_1_3,6697,HACTION_SELECT11_3_2_1_3,6697,HTML_PAGE_SELECT11_3_2_1_3,select11_3_2_1_3,true
SELECT11_3_2_1_4,6698,HACTION_SELECT11_3_2_1_4,6698,HTML_PAGE_SELECT11_3_2_1_4,select11_3_2_1_4,true
SELECT11_3_2_2,6699,HACTION_SELECT11_3_2_2,6699,HTML_PAGE_SELECT11_3_2_2,select11_3_2_2,true
SELECT11_3_2_2_1,6700,HACTION_SELECT11_3_2_2_1,6700,HTML_PAGE_SELECT11_3_2_2_1,select11_3_2_2_1,true
SELECT11_3_2_2_2,6701,HACTION_SELECT11_3_2_2_2,6701,HTML_PAGE_SELECT11_3_2_2_2,select11_3_2_2_2,true
SELECT11_3_2_2_3,6702,HACTION_SELECT11_3_2_2_3,6702,HTML_PAGE_SELECT11_3_2_2_3,select11_3_2_2_3,true
SELECT11_3_2_2_4,6703,HACTION_SELECT11_3_2_2_4,6703,HTML_PAGE_SELECT11_3_2_2_4,select11_3_2_2_4,true
SELECT11_3_2_3,6704,HACTION_SELECT11_3_2_3,6704,HTML_PAGE_SELECT11_3_2_3,select11_3_2_3,true
SELECT11_3_2_3_1,6705,HACTION_SELECT11_3_2_3_1,6705,HTML_PAGE_SELECT11_3_2_3_1,select11_3_2_3_1,true
SELECT11_3_2_3_2,6706,HACTION_SELECT11_3_2_3_2,6706,HTML_PAGE_SELECT11_3_2_3_2,select11_3_2_3_2,true
SELECT11_3_2_3_3,6707,HACTION_SELECT11_3_2_3_3,6707,HTML_PAGE_SELECT11_3_2_3_3,select11_3_2_3_3,true
SELECT11_3_2_3_4,6708,HACTION_SELECT11_3_2_3_4,6708,HTML_PAGE_SELECT11_3_2_3_4,select11_3_2_3_4,true
SELECT11_3_2_4,6709,HACTION_SELECT11_3_2_4,6709,HTML_PAGE_SELECT11_3_2_4,select11_3_2_4,true
SELECT11_3_2_4_1,6710,HACTION_SELECT11_3_2_4_1,6710,HTML_PAGE_SELECT11_3_2_4_1,select11_3_2_4_1,true
SELECT11_3_2_4_2,6711,HACTION_SELECT11_3_2_4_2,6711,HTML_PAGE_SELECT11_3_2_4_2,select11_3_2_4_2,true
SELECT11_3_2_4_3,6712,HACTION_SELECT11_3_2_4_3,6712,HTML_PAGE_SELECT11_3_2_4_3,select11_3_2_4_3,true
SELECT11_3_2_4_4,6713,HACTION_SELECT11_3_2_4_4,6713,HTML_PAGE_SELECT11_3_2_4_4,select11_3_2_4_4,true
SELECT11_3_3,6714,HACTION_SELECT11_3_3,6714,HTML_PAGE_SELECT11_3_3,select11_3_3,true
SELECT11_3_3_1,6715,HACTION_SELECT11_3_3_1,6715,HTML_PAGE_SELECT11_3_3_1,select11_3_3_1,true
SELECT11_3_3_1_1,6716,HACTION_SELECT11_3_3_1_1,6716,HTML_PAGE_SELECT11_3_3_1_1,select11_3_3_1_1,true
SELECT11_3_3_1_2,6717,HACTION_SELECT11_3_3_1_2,6717,HTML_PAGE_SELECT11_3_3_1_2,select11_3_3_1_2,true
SELECT11_3_3_1_3,6718,HACTION_SELECT11_3_3_1_3,6718,HTML_PAGE_SELECT11_3_3_1_3,select11_3_3_1_3,true
SELECT11_3_3_1_4,6719,HACTION_SELECT11_3_3_1_4,6719,HTML_PAGE_SELECT11_3_3_1_4,select11_3_3_1_4,true
SELECT11_3_3_2,6720,HACTION_SELECT11_3_3_2,6720,HTML_PAGE_SELECT11_3_3_2,select11_3_3_2,true
SELECT11_3_3_2_1,6721,HACTION_SELECT11_3_3_2_1,6721,HTML_PAGE_SELECT11_3_3_2_1,select11_3_3_2_1,true
SELECT11_3_3_2_2,6722,HACTION_SELECT11_3_3_2_2,6722,HTML_PAGE_SELECT11_3_3_2_2,select11_3_3_2_2,true
SELECT11_3_3_2_3,6723,HACTION_SELECT11_3_3_2_3,6723,HTML_PAGE_SELECT11_3_3_2_3,select11_3_3_2_3,true
SELECT11_3_3_2_4,6724,HACTION_SELECT11_3_3_2_4,6724,HTML_PAGE_SELECT11_3_3_2_4,select11_3_3_2_4,true
SELECT11_3_3_3,6725,HACTION_SELECT11_3_3_3,6725,HTML_PAGE_SELECT11_3_3_3,select11_3_3_3,true
SELECT11_3_3_3_1,6726,HACTION_SELECT11_3_3_3_1,6726,HTML_PAGE_SELECT11_3_3_3_1,select11_3_3_3_1,true
SELECT11_3_3_3_2,6727,HACTION_SELECT11_3_3_3_2,6727,HTML_PAGE_SELECT11_3_3_3_2,select11_3_3_3_2,true
SELECT11_3_3_3_3,6728,HACTION_SELECT11_3_3_3_3,6728,HTML_PAGE_SELECT11_3_3_3_3,select11_3_3_3_3,true
SELECT11_3_3_3_4,6729,HACTION_SELECT11_3_3_3_4,6729,HTML_PAGE_SELECT11_3_3_3_4,select11_3_3_3_4,true
SELECT11_3_3_4,6730,HACTION_SELECT11_3_3_4,6730,HTML_PAGE_SELECT11_3_3_4,select11_3_3_4,true
SELECT11_3_3_4_1,6731,HACTION_SELECT11_3_3_4_1,6731,HTML_PAGE_SELECT11_3_3_4_1,select11_3_3_4_1,true
SELECT11_3_3_4_2,6732,HACTION_SELECT11_3_3_4_2,6732,HTML_PAGE_SELECT11_3_3_4_2,select11_3_3_4_2,true
SELECT11_3_3_4_3,6733,HACTION_SELECT11_3_3_4_3,6733,HTML_PAGE_SELECT11_3_3_4_3,select11_3_3_4_3,true
SELECT11_3_3_4_4,6734,HACTION_SELECT11_3_3_4_4,6734,HTML_PAGE_SELECT11_3_3_4_4,select11_3_3_4_4,true
SELECT11_3_4,6735,HACTION_SELECT11_3_4,6735,HTML_PAGE_SELECT11_3_4,select11_3_4,true
SELECT11_3_4_1,6736,HACTION_SELECT11_3_4_1,6736,HTML_PAGE_SELECT11_3_4_1,select11_3_4_1,true
SELECT11_3_4_1_1,6737,HACTION_SELECT11_3_4_1_1,6737,HTML_PAGE_SELECT11_3_4_1_1,select11_3_4_1_1,true
SELECT11_3_4_1_2,6738,HACTION_SELECT11_3_4_1_2,6738,HTML_PAGE_SELECT11_3_4_1_2,select11_3_4_1_2,true
SELECT11_3_4_1_3,6739,HACTION_SELECT11_3_4_1_3,6739,HTML_PAGE_SELECT11_3_4_1_3,select11_3_4_1_3,true
SELECT11_3_4_1_4,6740,HACTION_SELECT11_3_4_1_4,6740,HTML_PAGE_SELECT11_3_4_1_4,select11_3_4_1_4,true
SELECT11_3_4_2,6741,HACTION_SELECT11_3_4_2,6741,HTML_PAGE_SELECT11_3_4_2,select11_3_4_2,true
SELECT11_3_4_2_1,6742,HACTION_SELECT11_3_4_2_1,6742,HTML_PAGE_SELECT11_3_4_2_1,select11_3_4_2_1,true
SELECT11_3_4_2_2,6743,HACTION_SELECT11_3_4_2_2,6743,HTML_PAGE_SELECT11_3_4_2_2,select11_3_4_2_2,true
SELECT11_3_4_2_3,6744,HACTION_SELECT11_3_4_2_3,6744,HTML_PAGE_SELECT11_3_4_2_3,select11_3_4_2_3,true
SELECT11_3_4_2_4,6745,HACTION_SELECT11_3_4_2_4,6745,HTML_PAGE_SELECT11_3_4_2_4,select11_3_4_2_4,true
SELECT11_3_4_3,6746,HACTION_SELECT11_3_4_3,6746,HTML_PAGE_SELECT11_3_4_3,select11_3_4_3,true
SELECT11_3_4_3_1,6747,HACTION_SELECT11_3_4_3_1,6747,HTML_PAGE_SELECT11_3_4_3_1,select11_3_4_3_1,true
SELECT11_3_4_3_2,6748,HACTION_SELECT11_3_4_3_2,6748,HTML_PAGE_SELECT11_3_4_3_2,select11_3_4_3_2,true
SELECT11_3_4_3_3,6749,HACTION_SELECT11_3_4_3_3,6749,HTML_PAGE_SELECT11_3_4_3_3,select11_3_4_3_3,true
SELECT11_3_4_3_4,6750,HACTION_SELECT11_3_4_3_4,6750,HTML_PAGE_SELECT11_3_4_3_4,select11_3_4_3_4,true
SELECT11_3_4_4,6751,HACTION_SELECT11_3_4_4,6751,HTML_PAGE_SELECT11_3_4_4,select11_3_4_4,true
SELECT11_3_4_4_1,6752,HACTION_SELECT11_3_4_4_1,6752,HTML_PAGE_SELECT11_3_4_4_1,select11_3_4_4_1,true
SELECT11_3_4_4_2,6753,HACTION_SELECT11_3_4_4_2,6753,HTML_PAGE_SELECT11_3_4_4_2,select11_3_4_4_2,true
SELECT11_3_4_4_3,6754,HACTION_SELECT11_3_4_4_3,6754,HTML_PAGE_SELECT11_3_4_4_3,select11_3_4_4_3,true
SELECT11_3_4_4_4,6755,HACTION_SELECT11_3_4_4_4,6755,HTML_PAGE_SELECT11_3_4_4_4,select11_3_4_4_4,true
SELECT11_4,6756,HACTION_SELECT11_4,6756,HTML_PAGE_SELECT11_4,select11_4,true
SELECT11_4_1,6757,HACTION_SELECT11_4_1,6757,HTML_PAGE_SELECT11_4_1,select11_4_1,true
SELECT11_4_1_1,6758,HACTION_SELECT11_4_1_1,6758,HTML_PAGE_SELECT11_4_1_1,select11_4_1_1,true
SELECT11_4_1_1_1,6759,HACTION_SELECT11_4_1_1_1,6759,HTML_PAGE_SELECT11_4_1_1_1,select11_4_1_1_1,true
SELECT11_4_1_1_2,6760,HACTION_SELECT11_4_1_1_2,6760,HTML_PAGE_SELECT11_4_1_1_2,select11_4_1_1_2,true
SELECT11_4_1_1_3,6761,HACTION_SELECT11_4_1_1_3,6761,HTML_PAGE_SELECT11_4_1_1_3,select11_4_1_1_3,true
SELECT11_4_1_1_4,6762,HACTION_SELECT11_4_1_1_4,6762,HTML_PAGE_SELECT11_4_1_1_4,select11_4_1_1_4,true
SELECT11_4_1_2,6763,HACTION_SELECT11_4_1_2,6763,HTML_PAGE_SELECT11_4_1_2,select11_4_1_2,true
SELECT11_4_1_2_1,6764,HACTION_SELECT11_4_1_2_1,6764,HTML_PAGE_SELECT11_4_1_2_1,select11_4_1_2_1,true
SELECT11_4_1_2_2,6765,HACTION_SELECT11_4_1_2_2,6765,HTML_PAGE_SELECT11_4_1_2_2,select11_4_1_2_2,true
SELECT11_4_1_2_3,6766,HACTION_SELECT11_4_1_2_3,6766,HTML_PAGE_SELECT11_4_1_2_3,select11_4_1_2_3,true
SELECT11_4_1_2_4,6767,HACTION_SELECT11_4_1_2_4,6767,HTML_PAGE_SELECT11_4_1_2_4,select11_4_1_2_4,true
SELECT11_4_1_3,6768,HACTION_SELECT11_4_1_3,6768,HTML_PAGE_SELECT11_4_1_3,select11_4_1_3,true
SELECT11_4_1_3_1,6769,HACTION_SELECT11_4_1_3_1,6769,HTML_PAGE_SELECT11_4_1_3_1,select11_4_1_3_1,true
SELECT11_4_1_3_2,6770,HACTION_SELECT11_4_1_3_2,6770,HTML_PAGE_SELECT11_4_1_3_2,select11_4_1_3_2,true
SELECT11_4_1_3_3,6771,HACTION_SELECT11_4_1_3_3,6771,HTML_PAGE_SELECT11_4_1_3_3,select11_4_1_3_3,true
SELECT11_4_1_3_4,6772,HACTION_SELECT11_4_1_3_4,6772,HTML_PAGE_SELECT11_4_1_3_4,select11_4_1_3_4,true
SELECT11_4_1_4,6773,HACTION_SELECT11_4_1_4,6773,HTML_PAGE_SELECT11_4_1_4,select11_4_1_4,true
SELECT11_4_1_4_1,6774,HACTION_SELECT11_4_1_4_1,6774,HTML_PAGE_SELECT11_4_1_4_1,select11_4_1_4_1,true
SELECT11_4_1_4_2,6775,HACTION_SELECT11_4_1_4_2,6775,HTML_PAGE_SELECT11_4_1_4_2,select11_4_1_4_2,true
SELECT11_4_1_4_3,6776,HACTION_SELECT11_4_1_4_3,6776,HTML_PAGE_SELECT11_4_1_4_3,select11_4_1_4_3,true
SELECT11_4_1_4_4,6777,HACTION_SELECT11_4_1_4_4,6777,HTML_PAGE_SELECT11_4_1_4_4,select11_4_1_4_4,true
SELECT11_4_2,6778,HACTION_SELECT11_4_2,6778,HTML_PAGE_SELECT11_4_2,select11_4_2,true
SELECT11_4_2_1,6779,HACTION_SELECT11_4_2_1,6779,HTML_PAGE_SELECT11_4_2_1,select11_4_2_1,true
SELECT11_4_2_1_1,6780,HACTION_SELECT11_4_2_1_1,6780,HTML_PAGE_SELECT11_4_2_1_1,select11_4_2_1_1,true
SELECT11_4_2_1_2,6781,HACTION_SELECT11_4_2_1_2,6781,HTML_PAGE_SELECT11_4_2_1_2,select11_4_2_1_2,true
SELECT11_4_2_1_3,6782,HACTION_SELECT11_4_2_1_3,6782,HTML_PAGE_SELECT11_4_2_1_3,select11_4_2_1_3,true
SELECT11_4_2_1_4,6783,HACTION_SELECT11_4_2_1_4,6783,HTML_PAGE_SELECT11_4_2_1_4,select11_4_2_1_4,true
SELECT11_4_2_2,6784,HACTION_SELECT11_4_2_2,6784,HTML_PAGE_SELECT11_4_2_2,select11_4_2_2,true
SELECT11_4_2_2_1,6785,HACTION_SELECT11_4_2_2_1,6785,HTML_PAGE_SELECT11_4_2_2_1,select11_4_2_2_1,true
SELECT11_4_2_2_2,6786,HACTION_SELECT11_4_2_2_2,6786,HTML_PAGE_SELECT11_4_2_2_2,select11_4_2_2_2,true
SELECT11_4_2_2_3,6787,HACTION_SELECT11_4_2_2_3,6787,HTML_PAGE_SELECT11_4_2_2_3,select11_4_2_2_3,true
SELECT11_4_2_2_4,6788,HACTION_SELECT11_4_2_2_4,6788,HTML_PAGE_SELECT11_4_2_2_4,select11_4_2_2_4,true
SELECT11_4_2_3,6789,HACTION_SELECT11_4_2_3,6789,HTML_PAGE_SELECT11_4_2_3,select11_4_2_3,true
SELECT11_4_2_3_1,6790,HACTION_SELECT11_4_2_3_1,6790,HTML_PAGE_SELECT11_4_2_3_1,select11_4_2_3_1,true
SELECT11_4_2_3_2,6791,HACTION_SELECT11_4_2_3_2,6791,HTML_PAGE_SELECT11_4_2_3_2,select11_4_2_3_2,true
SELECT11_4_2_3_3,6792,HACTION_SELECT11_4_2_3_3,6792,HTML_PAGE_SELECT11_4_2_3_3,select11_4_2_3_3,true
SELECT11_4_2_3_4,6793,HACTION_SELECT11_4_2_3_4,6793,HTML_PAGE_SELECT11_4_2_3_4,select11_4_2_3_4,true
SELECT11_4_2_4,6794,HACTION_SELECT11_4_2_4,6794,HTML_PAGE_SELECT11_4_2_4,select11_4_2_4,true
SELECT11_4_2_4_1,6795,HACTION_SELECT11_4_2_4_1,6795,HTML_PAGE_SELECT11_4_2_4_1,select11_4_2_4_1,true
SELECT11_4_2_4_2,6796,HACTION_SELECT11_4_2_4_2,6796,HTML_PAGE_SELECT11_4_2_4_2,select11_4_2_4_2,true
SELECT11_4_2_4_3,6797,HACTION_SELECT11_4_2_4_3,6797,HTML_PAGE_SELECT11_4_2_4_3,select11_4_2_4_3,true
SELECT11_4_2_4_4,6798,HACTION_SELECT11_4_2_4_4,6798,HTML_PAGE_SELECT11_4_2_4_4,select11_4_2_4_4,true
SELECT11_4_3,6799,HACTION_SELECT11_4_3,6799,HTML_PAGE_SELECT11_4_3,select11_4_3,true
SELECT11_4_3_1,6800,HACTION_SELECT11_4_3_1,6800,HTML_PAGE_SELECT11_4_3_1,select11_4_3_1,true
SELECT11_4_3_1_1,6801,HACTION_SELECT11_4_3_1_1,6801,HTML_PAGE_SELECT11_4_3_1_1,select11_4_3_1_1,true
SELECT11_4_3_1_2,6802,HACTION_SELECT11_4_3_1_2,6802,HTML_PAGE_SELECT11_4_3_1_2,select11_4_3_1_2,true
SELECT11_4_3_1_3,6803,HACTION_SELECT11_4_3_1_3,6803,HTML_PAGE_SELECT11_4_3_1_3,select11_4_3_1_3,true
SELECT11_4_3_1_4,6804,HACTION_SELECT11_4_3_1_4,6804,HTML_PAGE_SELECT11_4_3_1_4,select11_4_3_1_4,true
SELECT11_4_3_2,6805,HACTION_SELECT11_4_3_2,6805,HTML_PAGE_SELECT11_4_3_2,select11_4_3_2,true
SELECT11_4_3_2_1,6806,HACTION_SELECT11_4_3_2_1,6806,HTML_PAGE_SELECT11_4_3_2_1,select11_4_3_2_1,true
SELECT11_4_3_2_2,6807,HACTION_SELECT11_4_3_2_2,6807,HTML_PAGE_SELECT11_4_3_2_2,select11_4_3_2_2,true
SELECT11_4_3_2_3,6808,HACTION_SELECT11_4_3_2_3,6808,HTML_PAGE_SELECT11_4_3_2_3,select11_4_3_2_3,true
SELECT11_4_3_2_4,6809,HACTION_SELECT11_4_3_2_4,6809,HTML_PAGE_SELECT11_4_3_2_4,select11_4_3_2_4,true
SELECT11_4_3_3,6810,HACTION_SELECT11_4_3_3,6810,HTML_PAGE_SELECT11_4_3_3,select11_4_3_3,true
SELECT11_4_3_3_1,6811,HACTION_SELECT11_4_3_3_1,6811,HTML_PAGE_SELECT11_4_3_3_1,select11_4_3_3_1,true
SELECT11_4_3_3_2,6812,HACTION_SELECT11_4_3_3_2,6812,HTML_PAGE_SELECT11_4_3_3_2,select11_4_3_3_2,true
SELECT11_4_3_3_3,6813,HACTION_SELECT11_4_3_3_3,6813,HTML_PAGE_SELECT11_4_3_3_3,select11_4_3_3_3,true
SELECT11_4_3_3_4,6814,HACTION_SELECT11_4_3_3_4,6814,HTML_PAGE_SELECT11_4_3_3_4,select11_4_3_3_4,true
SELECT11_4_3_4,6815,HACTION_SELECT11_4_3_4,6815,HTML_PAGE_SELECT11_4_3_4,select11_4_3_4,true
SELECT11_4_3_4_1,6816,HACTION_SELECT11_4_3_4_1,6816,HTML_PAGE_SELECT11_4_3_4_1,select11_4_3_4_1,true
SELECT11_4_3_4_2,6817,HACTION_SELECT11_4_3_4_2,6817,HTML_PAGE_SELECT11_4_3_4_2,select11_4_3_4_2,true
SELECT11_4_3_4_3,6818,HACTION_SELECT11_4_3_4_3,6818,HTML_PAGE_SELECT11_4_3_4_3,select11_4_3_4_3,true
SELECT11_4_3_4_4,6819,HACTION_SELECT11_4_3_4_4,6819,HTML_PAGE_SELECT11_4_3_4_4,select11_4_3_4_4,true
SELECT11_4_4,6820,HACTION_SELECT11_4_4,6820,HTML_PAGE_SELECT11_4_4,select11_4_4,true
SELECT11_4_4_1,6821,HACTION_SELECT11_4_4_1,6821,HTML_PAGE_SELECT11_4_4_1,select11_4_4_1,true
SELECT11_4_4_1_1,6822,HACTION_SELECT11_4_4_1_1,6822,HTML_PAGE_SELECT11_4_4_1_1,select11_4_4_1_1,true
SELECT11_4_4_1_2,6823,HACTION_SELECT11_4_4_1_2,6823,HTML_PAGE_SELECT11_4_4_1_2,select11_4_4_1_2,true
SELECT11_4_4_1_3,6824,HACTION_SELECT11_4_4_1_3,6824,HTML_PAGE_SELECT11_4_4_1_3,select11_4_4_1_3,true
SELECT11_4_4_1_4,6825,HACTION_SELECT11_4_4_1_4,6825,HTML_PAGE_SELECT11_4_4_1_4,select11_4_4_1_4,true
SELECT11_4_4_2,6826,HACTION_SELECT11_4_4_2,6826,HTML_PAGE_SELECT11_4_4_2,select11_4_4_2,true
SELECT11_4_4_2_1,6827,HACTION_SELECT11_4_4_2_1,6827,HTML_PAGE_SELECT11_4_4_2_1,select11_4_4_2_1,true
SELECT11_4_4_2_2,6828,HACTION_SELECT11_4_4_2_2,6828,HTML_PAGE_SELECT11_4_4_2_2,select11_4_4_2_2,true
SELECT11_4_4_2_3,6829,HACTION_SELECT11_4_4_2_3,6829,HTML_PAGE_SELECT11_4_4_2_3,select11_4_4_2_3,true
SELECT11_4_4_2_4,6830,HACTION_SELECT11_4_4_2_4,6830,HTML_PAGE_SELECT11_4_4_2_4,select11_4_4_2_4,true
SELECT11_4_4_3,6831,HACTION_SELECT11_4_4_3,6831,HTML_PAGE_SELECT11_4_4_3,select11_4_4_3,true
SELECT11_4_4_3_1,6832,HACTION_SELECT11_4_4_3_1,6832,HTML_PAGE_SELECT11_4_4_3_1,select11_4_4_3_1,true
SELECT11_4_4_3_2,6833,HACTION_SELECT11_4_4_3_2,6833,HTML_PAGE_SELECT11_4_4_3_2,select11_4_4_3_2,true
SELECT11_4_4_3_3,6834,HACTION_SELECT11_4_4_3_3,6834,HTML_PAGE_SELECT11_4_4_3_3,select11_4_4_3_3,true
SELECT11_4_4_3_4,6835,HACTION_SELECT11_4_4_3_4,6835,HTML_PAGE_SELECT11_4_4_3_4,select11_4_4_3_4,true
SELECT11_4_4_4,6836,HACTION_SELECT11_4_4_4,6836,HTML_PAGE_SELECT11_4_4_4,select11_4_4_4,true
SELECT11_4_4_4_1,6837,HACTION_SELECT11_4_4_4_1,6837,HTML_PAGE_SELECT11_4_4_4_1,select11_4_4_4_1,true
SELECT11_4_4_4_2,6838,HACTION_SELECT11_4_4_4_2,6838,HTML_PAGE_SELECT11_4_4_4_2,select11_4_4_4_2,true
SELECT11_4_4_4_3,6839,HACTION_SELECT11_4_4_4_3,6839,HTML_PAGE_SELECT11_4_4_4_3,select11_4_4_4_3,true
SELECT11_4_4_4_4,6840,HACTION_SELECT11_4_4_4_4,6840,HTML_PAGE_SELECT11_4_4_4_4,select11_4_4_4_4,true
SELECT12,6841,HACTION_SELECT12,6841,HTML_PAGE_SELECT12,select12,true
SELECT12_1,6842,HACTION_SELECT12_1,6842,HTML_PAGE_SELECT12_1,select12_1,true
SELECT12_1_1,6843,HACTION_SELECT12_1_1,6843,HTML_PAGE_SELECT12_1_1,select12_1_1,true
SELECT12_1_1_1,6844,HACTION_SELECT12_1_1_1,6844,HTML_PAGE_SELECT12_1_1_1,select12_1_1_1,true
SELECT12_1_1_1_1,6845,HACTION_SELECT12_1_1_1_1,6845,HTML_PAGE_SELECT12_1_1_1_1,select12_1_1_1_1,true
SELECT12_1_1_1_2,6846,HACTION_SELECT12_1_1_1_2,6846,HTML_PAGE_SELECT12_1_1_1_2,select12_1_1_1_2,true
SELECT12_1_1_1_3,6847,HACTION_SELECT12_1_1_1_3,6847,HTML_PAGE_SELECT12_1_1_1_3,select12_1_1_1_3,true
SELECT12_1_1_1_4,6848,HACTION_SELECT12_1_1_1_4,6848,HTML_PAGE_SELECT12_1_1_1_4,select12_1_1_1_4,true
SELECT12_1_1_2,6849,HACTION_SELECT12_1_1_2,6849,HTML_PAGE_SELECT12_1_1_2,select12_1_1_2,true
SELECT12_1_1_2_1,6850,HACTION_SELECT12_1_1_2_1,6850,HTML_PAGE_SELECT12_1_1_2_1,select12_1_1_2_1,true
SELECT12_1_1_2_2,6851,HACTION_SELECT12_1_1_2_2,6851,HTML_PAGE_SELECT12_1_1_2_2,select12_1_1_2_2,true
SELECT12_1_1_2_3,6852,HACTION_SELECT12_1_1_2_3,6852,HTML_PAGE_SELECT12_1_1_2_3,select12_1_1_2_3,true
SELECT12_1_1_2_4,6853,HACTION_SELECT12_1_1_2_4,6853,HTML_PAGE_SELECT12_1_1_2_4,select12_1_1_2_4,true
SELECT12_1_1_3,6854,HACTION_SELECT12_1_1_3,6854,HTML_PAGE_SELECT12_1_1_3,select12_1_1_3,true
SELECT12_1_1_3_1,6855,HACTION_SELECT12_1_1_3_1,6855,HTML_PAGE_SELECT12_1_1_3_1,select12_1_1_3_1,true
SELECT12_1_1_3_2,6856,HACTION_SELECT12_1_1_3_2,6856,HTML_PAGE_SELECT12_1_1_3_2,select12_1_1_3_2,true
SELECT12_1_1_3_3,6857,HACTION_SELECT12_1_1_3_3,6857,HTML_PAGE_SELECT12_1_1_3_3,select12_1_1_3_3,true
SELECT12_1_1_3_4,6858,HACTION_SELECT12_1_1_3_4,6858,HTML_PAGE_SELECT12_1_1_3_4,select12_1_1_3_4,true
SELECT12_1_1_4,6859,HACTION_SELECT12_1_1_4,6859,HTML_PAGE_SELECT12_1_1_4,select12_1_1_4,true
SELECT12_1_1_4_1,6860,HACTION_SELECT12_1_1_4_1,6860,HTML_PAGE_SELECT12_1_1_4_1,select12_1_1_4_1,true
SELECT12_1_1_4_2,6861,HACTION_SELECT12_1_1_4_2,6861,HTML_PAGE_SELECT12_1_1_4_2,select12_1_1_4_2,true
SELECT12_1_1_4_3,6862,HACTION_SELECT12_1_1_4_3,6862,HTML_PAGE_SELECT12_1_1_4_3,select12_1_1_4_3,true
SELECT12_1_1_4_4,6863,HACTION_SELECT12_1_1_4_4,6863,HTML_PAGE_SELECT12_1_1_4_4,select12_1_1_4_4,true
SELECT12_1_2,6864,HACTION_SELECT12_1_2,6864,HTML_PAGE_SELECT12_1_2,select12_1_2,true
SELECT12_1_2_1,6865,HACTION_SELECT12_1_2_1,6865,HTML_PAGE_SELECT12_1_2_1,select12_1_2_1,true
SELECT12_1_2_1_1,6866,HACTION_SELECT12_1_2_1_1,6866,HTML_PAGE_SELECT12_1_2_1_1,select12_1_2_1_1,true
SELECT12_1_2_1_2,6867,HACTION_SELECT12_1_2_1_2,6867,HTML_PAGE_SELECT12_1_2_1_2,select12_1_2_1_2,true
SELECT12_1_2_1_3,6868,HACTION_SELECT12_1_2_1_3,6868,HTML_PAGE_SELECT12_1_2_1_3,select12_1_2_1_3,true
SELECT12_1_2_1_4,6869,HACTION_SELECT12_1_2_1_4,6869,HTML_PAGE_SELECT12_1_2_1_4,select12_1_2_1_4,true
SELECT12_1_2_2,6870,HACTION_SELECT12_1_2_2,6870,HTML_PAGE_SELECT12_1_2_2,select12_1_2_2,true
SELECT12_1_2_2_1,6871,HACTION_SELECT12_1_2_2_1,6871,HTML_PAGE_SELECT12_1_2_2_1,select12_1_2_2_1,true
SELECT12_1_2_2_2,6872,HACTION_SELECT12_1_2_2_2,6872,HTML_PAGE_SELECT12_1_2_2_2,select12_1_2_2_2,true
SELECT12_1_2_2_3,6873,HACTION_SELECT12_1_2_2_3,6873,HTML_PAGE_SELECT12_1_2_2_3,select12_1_2_2_3,true
SELECT12_1_2_2_4,6874,HACTION_SELECT12_1_2_2_4,6874,HTML_PAGE_SELECT12_1_2_2_4,select12_1_2_2_4,true
SELECT12_1_2_3,6875,HACTION_SELECT12_1_2_3,6875,HTML_PAGE_SELECT12_1_2_3,select12_1_2_3,true
SELECT12_1_2_3_1,6876,HACTION_SELECT12_1_2_3_1,6876,HTML_PAGE_SELECT12_1_2_3_1,select12_1_2_3_1,true
SELECT12_1_2_3_2,6877,HACTION_SELECT12_1_2_3_2,6877,HTML_PAGE_SELECT12_1_2_3_2,select12_1_2_3_2,true
SELECT12_1_2_3_3,6878,HACTION_SELECT12_1_2_3_3,6878,HTML_PAGE_SELECT12_1_2_3_3,select12_1_2_3_3,true
SELECT12_1_2_3_4,6879,HACTION_SELECT12_1_2_3_4,6879,HTML_PAGE_SELECT12_1_2_3_4,select12_1_2_3_4,true
SELECT12_1_2_4,6880,HACTION_SELECT12_1_2_4,6880,HTML_PAGE_SELECT12_1_2_4,select12_1_2_4,true
SELECT12_1_2_4_1,6881,HACTION_SELECT12_1_2_4_1,6881,HTML_PAGE_SELECT12_1_2_4_1,select12_1_2_4_1,true
SELECT12_1_2_4_2,6882,HACTION_SELECT12_1_2_4_2,6882,HTML_PAGE_SELECT12_1_2_4_2,select12_1_2_4_2,true
SELECT12_1_2_4_3,6883,HACTION_SELECT12_1_2_4_3,6883,HTML_PAGE_SELECT12_1_2_4_3,select12_1_2_4_3,true
SELECT12_1_2_4_4,6884,HACTION_SELECT12_1_2_4_4,6884,HTML_PAGE_SELECT12_1_2_4_4,select12_1_2_4_4,true
SELECT12_1_3,6885,HACTION_SELECT12_1_3,6885,HTML_PAGE_SELECT12_1_3,select12_1_3,true
SELECT12_1_3_1,6886,HACTION_SELECT12_1_3_1,6886,HTML_PAGE_SELECT12_1_3_1,select12_1_3_1,true
SELECT12_1_3_1_1,6887,HACTION_SELECT12_1_3_1_1,6887,HTML_PAGE_SELECT12_1_3_1_1,select12_1_3_1_1,true
SELECT12_1_3_1_2,6888,HACTION_SELECT12_1_3_1_2,6888,HTML_PAGE_SELECT12_1_3_1_2,select12_1_3_1_2,true
SELECT12_1_3_1_3,6889,HACTION_SELECT12_1_3_1_3,6889,HTML_PAGE_SELECT12_1_3_1_3,select12_1_3_1_3,true
SELECT12_1_3_1_4,6890,HACTION_SELECT12_1_3_1_4,6890,HTML_PAGE_SELECT12_1_3_1_4,select12_1_3_1_4,true
SELECT12_1_3_2,6891,HACTION_SELECT12_1_3_2,6891,HTML_PAGE_SELECT12_1_3_2,select12_1_3_2,true
SELECT12_1_3_2_1,6892,HACTION_SELECT12_1_3_2_1,6892,HTML_PAGE_SELECT12_1_3_2_1,select12_1_3_2_1,true
SELECT12_1_3_2_2,6893,HACTION_SELECT12_1_3_2_2,6893,HTML_PAGE_SELECT12_1_3_2_2,select12_1_3_2_2,true
SELECT12_1_3_2_3,6894,HACTION_SELECT12_1_3_2_3,6894,HTML_PAGE_SELECT12_1_3_2_3,select12_1_3_2_3,true
SELECT12_1_3_2_4,6895,HACTION_SELECT12_1_3_2_4,6895,HTML_PAGE_SELECT12_1_3_2_4,select12_1_3_2_4,true
SELECT12_1_3_3,6896,HACTION_SELECT12_1_3_3,6896,HTML_PAGE_SELECT12_1_3_3,select12_1_3_3,true
SELECT12_1_3_3_1,6897,HACTION_SELECT12_1_3_3_1,6897,HTML_PAGE_SELECT12_1_3_3_1,select12_1_3_3_1,true
SELECT12_1_3_3_2,6898,HACTION_SELECT12_1_3_3_2,6898,HTML_PAGE_SELECT12_1_3_3_2,select12_1_3_3_2,true
SELECT12_1_3_3_3,6899,HACTION_SELECT12_1_3_3_3,6899,HTML_PAGE_SELECT12_1_3_3_3,select12_1_3_3_3,true
SELECT12_1_3_3_4,6900,HACTION_SELECT12_1_3_3_4,6900,HTML_PAGE_SELECT12_1_3_3_4,select12_1_3_3_4,true
SELECT12_1_3_4,6901,HACTION_SELECT12_1_3_4,6901,HTML_PAGE_SELECT12_1_3_4,select12_1_3_4,true
SELECT12_1_3_4_1,6902,HACTION_SELECT12_1_3_4_1,6902,HTML_PAGE_SELECT12_1_3_4_1,select12_1_3_4_1,true
SELECT12_1_3_4_2,6903,HACTION_SELECT12_1_3_4_2,6903,HTML_PAGE_SELECT12_1_3_4_2,select12_1_3_4_2,true
SELECT12_1_3_4_3,6904,HACTION_SELECT12_1_3_4_3,6904,HTML_PAGE_SELECT12_1_3_4_3,select12_1_3_4_3,true
SELECT12_1_3_4_4,6905,HACTION_SELECT12_1_3_4_4,6905,HTML_PAGE_SELECT12_1_3_4_4,select12_1_3_4_4,true
SELECT12_1_4,6906,HACTION_SELECT12_1_4,6906,HTML_PAGE_SELECT12_1_4,select12_1_4,true
SELECT12_1_4_1,6907,HACTION_SELECT12_1_4_1,6907,HTML_PAGE_SELECT12_1_4_1,select12_1_4_1,true
SELECT12_1_4_1_1,6908,HACTION_SELECT12_1_4_1_1,6908,HTML_PAGE_SELECT12_1_4_1_1,select12_1_4_1_1,true
SELECT12_1_4_1_2,6909,HACTION_SELECT12_1_4_1_2,6909,HTML_PAGE_SELECT12_1_4_1_2,select12_1_4_1_2,true
SELECT12_1_4_1_3,6910,HACTION_SELECT12_1_4_1_3,6910,HTML_PAGE_SELECT12_1_4_1_3,select12_1_4_1_3,true
SELECT12_1_4_1_4,6911,HACTION_SELECT12_1_4_1_4,6911,HTML_PAGE_SELECT12_1_4_1_4,select12_1_4_1_4,true
SELECT12_1_4_2,6912,HACTION_SELECT12_1_4_2,6912,HTML_PAGE_SELECT12_1_4_2,select12_1_4_2,true
SELECT12_1_4_2_1,6913,HACTION_SELECT12_1_4_2_1,6913,HTML_PAGE_SELECT12_1_4_2_1,select12_1_4_2_1,true
SELECT12_1_4_2_2,6914,HACTION_SELECT12_1_4_2_2,6914,HTML_PAGE_SELECT12_1_4_2_2,select12_1_4_2_2,true
SELECT12_1_4_2_3,6915,HACTION_SELECT12_1_4_2_3,6915,HTML_PAGE_SELECT12_1_4_2_3,select12_1_4_2_3,true
SELECT12_1_4_2_4,6916,HACTION_SELECT12_1_4_2_4,6916,HTML_PAGE_SELECT12_1_4_2_4,select12_1_4_2_4,true
SELECT12_1_4_3,6917,HACTION_SELECT12_1_4_3,6917,HTML_PAGE_SELECT12_1_4_3,select12_1_4_3,true
SELECT12_1_4_3_1,6918,HACTION_SELECT12_1_4_3_1,6918,HTML_PAGE_SELECT12_1_4_3_1,select12_1_4_3_1,true
SELECT12_1_4_3_2,6919,HACTION_SELECT12_1_4_3_2,6919,HTML_PAGE_SELECT12_1_4_3_2,select12_1_4_3_2,true
SELECT12_1_4_3_3,6920,HACTION_SELECT12_1_4_3_3,6920,HTML_PAGE_SELECT12_1_4_3_3,select12_1_4_3_3,true
SELECT12_1_4_3_4,6921,HACTION_SELECT12_1_4_3_4,6921,HTML_PAGE_SELECT12_1_4_3_4,select12_1_4_3_4,true
SELECT12_1_4_4,6922,HACTION_SELECT12_1_4_4,6922,HTML_PAGE_SELECT12_1_4_4,select12_1_4_4,true
SELECT12_1_4_4_1,6923,HACTION_SELECT12_1_4_4_1,6923,HTML_PAGE_SELECT12_1_4_4_1,select12_1_4_4_1,true
SELECT12_1_4_4_2,6924,HACTION_SELECT12_1_4_4_2,6924,HTML_PAGE_SELECT12_1_4_4_2,select12_1_4_4_2,true
SELECT12_1_4_4_3,6925,HACTION_SELECT12_1_4_4_3,6925,HTML_PAGE_SELECT12_1_4_4_3,select12_1_4_4_3,true
SELECT12_1_4_4_4,6926,HACTION_SELECT12_1_4_4_4,6926,HTML_PAGE_SELECT12_1_4_4_4,select12_1_4_4_4,true
SELECT12_2,6927,HACTION_SELECT12_2,6927,HTML_PAGE_SELECT12_2,select12_2,true
SELECT12_2_1,6928,HACTION_SELECT12_2_1,6928,HTML_PAGE_SELECT12_2_1,select12_2_1,true
SELECT12_2_1_1,6929,HACTION_SELECT12_2_1_1,6929,HTML_PAGE_SELECT12_2_1_1,select12_2_1_1,true
SELECT12_2_1_1_1,6930,HACTION_SELECT12_2_1_1_1,6930,HTML_PAGE_SELECT12_2_1_1_1,select12_2_1_1_1,true
SELECT12_2_1_1_2,6931,HACTION_SELECT12_2_1_1_2,6931,HTML_PAGE_SELECT12_2_1_1_2,select12_2_1_1_2,true
SELECT12_2_1_1_3,6932,HACTION_SELECT12_2_1_1_3,6932,HTML_PAGE_SELECT12_2_1_1_3,select12_2_1_1_3,true
SELECT12_2_1_1_4,6933,HACTION_SELECT12_2_1_1_4,6933,HTML_PAGE_SELECT12_2_1_1_4,select12_2_1_1_4,true
SELECT12_2_1_2,6934,HACTION_SELECT12_2_1_2,6934,HTML_PAGE_SELECT12_2_1_2,select12_2_1_2,true
SELECT12_2_1_2_1,6935,HACTION_SELECT12_2_1_2_1,6935,HTML_PAGE_SELECT12_2_1_2_1,select12_2_1_2_1,true
SELECT12_2_1_2_2,6936,HACTION_SELECT12_2_1_2_2,6936,HTML_PAGE_SELECT12_2_1_2_2,select12_2_1_2_2,true
SELECT12_2_1_2_3,6937,HACTION_SELECT12_2_1_2_3,6937,HTML_PAGE_SELECT12_2_1_2_3,select12_2_1_2_3,true
SELECT12_2_1_2_4,6938,HACTION_SELECT12_2_1_2_4,6938,HTML_PAGE_SELECT12_2_1_2_4,select12_2_1_2_4,true
SELECT12_2_1_3,6939,HACTION_SELECT12_2_1_3,6939,HTML_PAGE_SELECT12_2_1_3,select12_2_1_3,true
SELECT12_2_1_3_1,6940,HACTION_SELECT12_2_1_3_1,6940,HTML_PAGE_SELECT12_2_1_3_1,select12_2_1_3_1,true
SELECT12_2_1_3_2,6941,HACTION_SELECT12_2_1_3_2,6941,HTML_PAGE_SELECT12_2_1_3_2,select12_2_1_3_2,true
SELECT12_2_1_3_3,6942,HACTION_SELECT12_2_1_3_3,6942,HTML_PAGE_SELECT12_2_1_3_3,select12_2_1_3_3,true
SELECT12_2_1_3_4,6943,HACTION_SELECT12_2_1_3_4,6943,HTML_PAGE_SELECT12_2_1_3_4,select12_2_1_3_4,true
SELECT12_2_1_4,6944,HACTION_SELECT12_2_1_4,6944,HTML_PAGE_SELECT12_2_1_4,select12_2_1_4,true
SELECT12_2_1_4_1,6945,HACTION_SELECT12_2_1_4_1,6945,HTML_PAGE_SELECT12_2_1_4_1,select12_2_1_4_1,true
SELECT12_2_1_4_2,6946,HACTION_SELECT12_2_1_4_2,6946,HTML_PAGE_SELECT12_2_1_4_2,select12_2_1_4_2,true
SELECT12_2_1_4_3,6947,HACTION_SELECT12_2_1_4_3,6947,HTML_PAGE_SELECT12_2_1_4_3,select12_2_1_4_3,true
SELECT12_2_1_4_4,6948,HACTION_SELECT12_2_1_4_4,6948,HTML_PAGE_SELECT12_2_1_4_4,select12_2_1_4_4,true
SELECT12_2_2,6949,HACTION_SELECT12_2_2,6949,HTML_PAGE_SELECT12_2_2,select12_2_2,true
SELECT12_2_2_1,6950,HACTION_SELECT12_2_2_1,6950,HTML_PAGE_SELECT12_2_2_1,select12_2_2_1,true
SELECT12_2_2_1_1,6951,HACTION_SELECT12_2_2_1_1,6951,HTML_PAGE_SELECT12_2_2_1_1,select12_2_2_1_1,true
SELECT12_2_2_1_2,6952,HACTION_SELECT12_2_2_1_2,6952,HTML_PAGE_SELECT12_2_2_1_2,select12_2_2_1_2,true
SELECT12_2_2_1_3,6953,HACTION_SELECT12_2_2_1_3,6953,HTML_PAGE_SELECT12_2_2_1_3,select12_2_2_1_3,true
SELECT12_2_2_1_4,6954,HACTION_SELECT12_2_2_1_4,6954,HTML_PAGE_SELECT12_2_2_1_4,select12_2_2_1_4,true
SELECT12_2_2_2,6955,HACTION_SELECT12_2_2_2,6955,HTML_PAGE_SELECT12_2_2_2,select12_2_2_2,true
SELECT12_2_2_2_1,6956,HACTION_SELECT12_2_2_2_1,6956,HTML_PAGE_SELECT12_2_2_2_1,select12_2_2_2_1,true
SELECT12_2_2_2_2,6957,HACTION_SELECT12_2_2_2_2,6957,HTML_PAGE_SELECT12_2_2_2_2,select12_2_2_2_2,true
SELECT12_2_2_2_3,6958,HACTION_SELECT12_2_2_2_3,6958,HTML_PAGE_SELECT12_2_2_2_3,select12_2_2_2_3,true
SELECT12_2_2_2_4,6959,HACTION_SELECT12_2_2_2_4,6959,HTML_PAGE_SELECT12_2_2_2_4,select12_2_2_2_4,true
SELECT12_2_2_3,6960,HACTION_SELECT12_2_2_3,6960,HTML_PAGE_SELECT12_2_2_3,select12_2_2_3,true
SELECT12_2_2_3_1,6961,HACTION_SELECT12_2_2_3_1,6961,HTML_PAGE_SELECT12_2_2_3_1,select12_2_2_3_1,true
SELECT12_2_2_3_2,6962,HACTION_SELECT12_2_2_3_2,6962,HTML_PAGE_SELECT12_2_2_3_2,select12_2_2_3_2,true
SELECT12_2_2_3_3,6963,HACTION_SELECT12_2_2_3_3,6963,HTML_PAGE_SELECT12_2_2_3_3,select12_2_2_3_3,true
SELECT12_2_2_3_4,6964,HACTION_SELECT12_2_2_3_4,6964,HTML_PAGE_SELECT12_2_2_3_4,select12_2_2_3_4,true
SELECT12_2_2_4,6965,HACTION_SELECT12_2_2_4,6965,HTML_PAGE_SELECT12_2_2_4,select12_2_2_4,true
SELECT12_2_2_4_1,6966,HACTION_SELECT12_2_2_4_1,6966,HTML_PAGE_SELECT12_2_2_4_1,select12_2_2_4_1,true
SELECT12_2_2_4_2,6967,HACTION_SELECT12_2_2_4_2,6967,HTML_PAGE_SELECT12_2_2_4_2,select12_2_2_4_2,true
SELECT12_2_2_4_3,6968,HACTION_SELECT12_2_2_4_3,6968,HTML_PAGE_SELECT12_2_2_4_3,select12_2_2_4_3,true
SELECT12_2_2_4_4,6969,HACTION_SELECT12_2_2_4_4,6969,HTML_PAGE_SELECT12_2_2_4_4,select12_2_2_4_4,true
SELECT12_2_3,6970,HACTION_SELECT12_2_3,6970,HTML_PAGE_SELECT12_2_3,select12_2_3,true
SELECT12_2_3_1,6971,HACTION_SELECT12_2_3_1,6971,HTML_PAGE_SELECT12_2_3_1,select12_2_3_1,true
SELECT12_2_3_1_1,6972,HACTION_SELECT12_2_3_1_1,6972,HTML_PAGE_SELECT12_2_3_1_1,select12_2_3_1_1,true
SELECT12_2_3_1_2,6973,HACTION_SELECT12_2_3_1_2,6973,HTML_PAGE_SELECT12_2_3_1_2,select12_2_3_1_2,true
SELECT12_2_3_1_3,6974,HACTION_SELECT12_2_3_1_3,6974,HTML_PAGE_SELECT12_2_3_1_3,select12_2_3_1_3,true
SELECT12_2_3_1_4,6975,HACTION_SELECT12_2_3_1_4,6975,HTML_PAGE_SELECT12_2_3_1_4,select12_2_3_1_4,true
SELECT12_2_3_2,6976,HACTION_SELECT12_2_3_2,6976,HTML_PAGE_SELECT12_2_3_2,select12_2_3_2,true
SELECT12_2_3_2_1,6977,HACTION_SELECT12_2_3_2_1,6977,HTML_PAGE_SELECT12_2_3_2_1,select12_2_3_2_1,true
SELECT12_2_3_2_2,6978,HACTION_SELECT12_2_3_2_2,6978,HTML_PAGE_SELECT12_2_3_2_2,select12_2_3_2_2,true
SELECT12_2_3_2_3,6979,HACTION_SELECT12_2_3_2_3,6979,HTML_PAGE_SELECT12_2_3_2_3,select12_2_3_2_3,true
SELECT12_2_3_2_4,6980,HACTION_SELECT12_2_3_2_4,6980,HTML_PAGE_SELECT12_2_3_2_4,select12_2_3_2_4,true
SELECT12_2_3_3,6981,HACTION_SELECT12_2_3_3,6981,HTML_PAGE_SELECT12_2_3_3,select12_2_3_3,true
SELECT12_2_3_3_1,6982,HACTION_SELECT12_2_3_3_1,6982,HTML_PAGE_SELECT12_2_3_3_1,select12_2_3_3_1,true
SELECT12_2_3_3_2,6983,HACTION_SELECT12_2_3_3_2,6983,HTML_PAGE_SELECT12_2_3_3_2,select12_2_3_3_2,true
SELECT12_2_3_3_3,6984,HACTION_SELECT12_2_3_3_3,6984,HTML_PAGE_SELECT12_2_3_3_3,select12_2_3_3_3,true
SELECT12_2_3_3_4,6985,HACTION_SELECT12_2_3_3_4,6985,HTML_PAGE_SELECT12_2_3_3_4,select12_2_3_3_4,true
SELECT12_2_3_4,6986,HACTION_SELECT12_2_3_4,6986,HTML_PAGE_SELECT12_2_3_4,select12_2_3_4,true
SELECT12_2_3_4_1,6987,HACTION_SELECT12_2_3_4_1,6987,HTML_PAGE_SELECT12_2_3_4_1,select12_2_3_4_1,true
SELECT12_2_3_4_2,6988,HACTION_SELECT12_2_3_4_2,6988,HTML_PAGE_SELECT12_2_3_4_2,select12_2_3_4_2,true
SELECT12_2_3_4_3,6989,HACTION_SELECT12_2_3_4_3,6989,HTML_PAGE_SELECT12_2_3_4_3,select12_2_3_4_3,true
SELECT12_2_3_4_4,6990,HACTION_SELECT12_2_3_4_4,6990,HTML_PAGE_SELECT12_2_3_4_4,select12_2_3_4_4,true
SELECT12_2_4,6991,HACTION_SELECT12_2_4,6991,HTML_PAGE_SELECT12_2_4,select12_2_4,true
SELECT12_2_4_1,6992,HACTION_SELECT12_2_4_1,6992,HTML_PAGE_SELECT12_2_4_1,select12_2_4_1,true
SELECT12_2_4_1_1,6993,HACTION_SELECT12_2_4_1_1,6993,HTML_PAGE_SELECT12_2_4_1_1,select12_2_4_1_1,true
SELECT12_2_4_1_2,6994,HACTION_SELECT12_2_4_1_2,6994,HTML_PAGE_SELECT12_2_4_1_2,select12_2_4_1_2,true
SELECT12_2_4_1_3,6995,HACTION_SELECT12_2_4_1_3,6995,HTML_PAGE_SELECT12_2_4_1_3,select12_2_4_1_3,true
SELECT12_2_4_1_4,6996,HACTION_SELECT12_2_4_1_4,6996,HTML_PAGE_SELECT12_2_4_1_4,select12_2_4_1_4,true
SELECT12_2_4_2,6997,HACTION_SELECT12_2_4_2,6997,HTML_PAGE_SELECT12_2_4_2,select12_2_4_2,true
SELECT12_2_4_2_1,6998,HACTION_SELECT12_2_4_2_1,6998,HTML_PAGE_SELECT12_2_4_2_1,select12_2_4_2_1,true
SELECT12_2_4_2_2,6999,HACTION_SELECT12_2_4_2_2,6999,HTML_PAGE_SELECT12_2_4_2_2,select12_2_4_2_2,true
SELECT12_2_4_2_3,7000,HACTION_SELECT12_2_4_2_3,7000,HTML_PAGE_SELECT12_2_4_2_3,select12_2_4_2_3,true
SELECT12_2_4_2_4,7001,HACTION_SELECT12_2_4_2_4,7001,HTML_PAGE_SELECT12_2_4_2_4,select12_2_4_2_4,true
SELECT12_2_4_3,7002,HACTION_SELECT12_2_4_3,7002,HTML_PAGE_SELECT12_2_4_3,select12_2_4_3,true
SELECT12_2_4_3_1,7003,HACTION_SELECT12_2_4_3_1,7003,HTML_PAGE_SELECT12_2_4_3_1,select12_2_4_3_1,true
SELECT12_2_4_3_2,7004,HACTION_SELECT12_2_4_3_2,7004,HTML_PAGE_SELECT12_2_4_3_2,select12_2_4_3_2,true
SELECT12_2_4_3_3,7005,HACTION_SELECT12_2_4_3_3,7005,HTML_PAGE_SELECT12_2_4_3_3,select12_2_4_3_3,true
SELECT12_2_4_3_4,7006,HACTION_SELECT12_2_4_3_4,7006,HTML_PAGE_SELECT12_2_4_3_4,select12_2_4_3_4,true
SELECT12_2_4_4,7007,HACTION_SELECT12_2_4_4,7007,HTML_PAGE_SELECT12_2_4_4,select12_2_4_4,true
SELECT12_2_4_4_1,7008,HACTION_SELECT12_2_4_4_1,7008,HTML_PAGE_SELECT12_2_4_4_1,select12_2_4_4_1,true
SELECT12_2_4_4_2,7009,HACTION_SELECT12_2_4_4_2,7009,HTML_PAGE_SELECT12_2_4_4_2,select12_2_4_4_2,true
SELECT12_2_4_4_3,7010,HACTION_SELECT12_2_4_4_3,7010,HTML_PAGE_SELECT12_2_4_4_3,select12_2_4_4_3,true
SELECT12_2_4_4_4,7011,HACTION_SELECT12_2_4_4_4,7011,HTML_PAGE_SELECT12_2_4_4_4,select12_2_4_4_4,true
SELECT12_3,7012,HACTION_SELECT12_3,7012,HTML_PAGE_SELECT12_3,select12_3,true
SELECT12_3_1,7013,HACTION_SELECT12_3_1,7013,HTML_PAGE_SELECT12_3_1,select12_3_1,true
SELECT12_3_1_1,7014,HACTION_SELECT12_3_1_1,7014,HTML_PAGE_SELECT12_3_1_1,select12_3_1_1,true
SELECT12_3_1_1_1,7015,HACTION_SELECT12_3_1_1_1,7015,HTML_PAGE_SELECT12_3_1_1_1,select12_3_1_1_1,true
SELECT12_3_1_1_2,7016,HACTION_SELECT12_3_1_1_2,7016,HTML_PAGE_SELECT12_3_1_1_2,select12_3_1_1_2,true
SELECT12_3_1_1_3,7017,HACTION_SELECT12_3_1_1_3,7017,HTML_PAGE_SELECT12_3_1_1_3,select12_3_1_1_3,true
SELECT12_3_1_1_4,7018,HACTION_SELECT12_3_1_1_4,7018,HTML_PAGE_SELECT12_3_1_1_4,select12_3_1_1_4,true
SELECT12_3_1_2,7019,HACTION_SELECT12_3_1_2,7019,HTML_PAGE_SELECT12_3_1_2,select12_3_1_2,true
SELECT12_3_1_2_1,7020,HACTION_SELECT12_3_1_2_1,7020,HTML_PAGE_SELECT12_3_1_2_1,select12_3_1_2_1,true
SELECT12_3_1_2_2,7021,HACTION_SELECT12_3_1_2_2,7021,HTML_PAGE_SELECT12_3_1_2_2,select12_3_1_2_2,true
SELECT12_3_1_2_3,7022,HACTION_SELECT12_3_1_2_3,7022,HTML_PAGE_SELECT12_3_1_2_3,select12_3_1_2_3,true
SELECT12_3_1_2_4,7023,HACTION_SELECT12_3_1_2_4,7023,HTML_PAGE_SELECT12_3_1_2_4,select12_3_1_2_4,true
SELECT12_3_1_3,7024,HACTION_SELECT12_3_1_3,7024,HTML_PAGE_SELECT12_3_1_3,select12_3_1_3,true
SELECT12_3_1_3_1,7025,HACTION_SELECT12_3_1_3_1,7025,HTML_PAGE_SELECT12_3_1_3_1,select12_3_1_3_1,true
SELECT12_3_1_3_2,7026,HACTION_SELECT12_3_1_3_2,7026,HTML_PAGE_SELECT12_3_1_3_2,select12_3_1_3_2,true
SELECT12_3_1_3_3,7027,HACTION_SELECT12_3_1_3_3,7027,HTML_PAGE_SELECT12_3_1_3_3,select12_3_1_3_3,true
SELECT12_3_1_3_4,7028,HACTION_SELECT12_3_1_3_4,7028,HTML_PAGE_SELECT12_3_1_3_4,select12_3_1_3_4,true
SELECT12_3_1_4,7029,HACTION_SELECT12_3_1_4,7029,HTML_PAGE_SELECT12_3_1_4,select12_3_1_4,true
SELECT12_3_1_4_1,7030,HACTION_SELECT12_3_1_4_1,7030,HTML_PAGE_SELECT12_3_1_4_1,select12_3_1_4_1,true
SELECT12_3_1_4_2,7031,HACTION_SELECT12_3_1_4_2,7031,HTML_PAGE_SELECT12_3_1_4_2,select12_3_1_4_2,true
SELECT12_3_1_4_3,7032,HACTION_SELECT12_3_1_4_3,7032,HTML_PAGE_SELECT12_3_1_4_3,select12_3_1_4_3,true
SELECT12_3_1_4_4,7033,HACTION_SELECT12_3_1_4_4,7033,HTML_PAGE_SELECT12_3_1_4_4,select12_3_1_4_4,true
SELECT12_3_2,7034,HACTION_SELECT12_3_2,7034,HTML_PAGE_SELECT12_3_2,select12_3_2,true
SELECT12_3_2_1,7035,HACTION_SELECT12_3_2_1,7035,HTML_PAGE_SELECT12_3_2_1,select12_3_2_1,true
SELECT12_3_2_1_1,7036,HACTION_SELECT12_3_2_1_1,7036,HTML_PAGE_SELECT12_3_2_1_1,select12_3_2_1_1,true
SELECT12_3_2_1_2,7037,HACTION_SELECT12_3_2_1_2,7037,HTML_PAGE_SELECT12_3_2_1_2,select12_3_2_1_2,true
SELECT12_3_2_1_3,7038,HACTION_SELECT12_3_2_1_3,7038,HTML_PAGE_SELECT12_3_2_1_3,select12_3_2_1_3,true
SELECT12_3_2_1_4,7039,HACTION_SELECT12_3_2_1_4,7039,HTML_PAGE_SELECT12_3_2_1_4,select12_3_2_1_4,true
SELECT12_3_2_2,7040,HACTION_SELECT12_3_2_2,7040,HTML_PAGE_SELECT12_3_2_2,select12_3_2_2,true
SELECT12_3_2_2_1,7041,HACTION_SELECT12_3_2_2_1,7041,HTML_PAGE_SELECT12_3_2_2_1,select12_3_2_2_1,true
SELECT12_3_2_2_2,7042,HACTION_SELECT12_3_2_2_2,7042,HTML_PAGE_SELECT12_3_2_2_2,select12_3_2_2_2,true
SELECT12_3_2_2_3,7043,HACTION_SELECT12_3_2_2_3,7043,HTML_PAGE_SELECT12_3_2_2_3,select12_3_2_2_3,true
SELECT12_3_2_2_4,7044,HACTION_SELECT12_3_2_2_4,7044,HTML_PAGE_SELECT12_3_2_2_4,select12_3_2_2_4,true
SELECT12_3_2_3,7045,HACTION_SELECT12_3_2_3,7045,HTML_PAGE_SELECT12_3_2_3,select12_3_2_3,true
SELECT12_3_2_3_1,7046,HACTION_SELECT12_3_2_3_1,7046,HTML_PAGE_SELECT12_3_2_3_1,select12_3_2_3_1,true
SELECT12_3_2_3_2,7047,HACTION_SELECT12_3_2_3_2,7047,HTML_PAGE_SELECT12_3_2_3_2,select12_3_2_3_2,true
SELECT12_3_2_3_3,7048,HACTION_SELECT12_3_2_3_3,7048,HTML_PAGE_SELECT12_3_2_3_3,select12_3_2_3_3,true
SELECT12_3_2_3_4,7049,HACTION_SELECT12_3_2_3_4,7049,HTML_PAGE_SELECT12_3_2_3_4,select12_3_2_3_4,true
SELECT12_3_2_4,7050,HACTION_SELECT12_3_2_4,7050,HTML_PAGE_SELECT12_3_2_4,select12_3_2_4,true
SELECT12_3_2_4_1,7051,HACTION_SELECT12_3_2_4_1,7051,HTML_PAGE_SELECT12_3_2_4_1,select12_3_2_4_1,true
SELECT12_3_2_4_2,7052,HACTION_SELECT12_3_2_4_2,7052,HTML_PAGE_SELECT12_3_2_4_2,select12_3_2_4_2,true
SELECT12_3_2_4_3,7053,HACTION_SELECT12_3_2_4_3,7053,HTML_PAGE_SELECT12_3_2_4_3,select12_3_2_4_3,true
SELECT12_3_2_4_4,7054,HACTION_SELECT12_3_2_4_4,7054,HTML_PAGE_SELECT12_3_2_4_4,select12_3_2_4_4,true
SELECT12_3_3,7055,HACTION_SELECT12_3_3,7055,HTML_PAGE_SELECT12_3_3,select12_3_3,true
SELECT12_3_3_1,7056,HACTION_SELECT12_3_3_1,7056,HTML_PAGE_SELECT12_3_3_1,select12_3_3_1,true
SELECT12_3_3_1_1,7057,HACTION_SELECT12_3_3_1_1,7057,HTML_PAGE_SELECT12_3_3_1_1,select12_3_3_1_1,true
SELECT12_3_3_1_2,7058,HACTION_SELECT12_3_3_1_2,7058,HTML_PAGE_SELECT12_3_3_1_2,select12_3_3_1_2,true
SELECT12_3_3_1_3,7059,HACTION_SELECT12_3_3_1_3,7059,HTML_PAGE_SELECT12_3_3_1_3,select12_3_3_1_3,true
SELECT12_3_3_1_4,7060,HACTION_SELECT12_3_3_1_4,7060,HTML_PAGE_SELECT12_3_3_1_4,select12_3_3_1_4,true
SELECT12_3_3_2,7061,HACTION_SELECT12_3_3_2,7061,HTML_PAGE_SELECT12_3_3_2,select12_3_3_2,true
SELECT12_3_3_2_1,7062,HACTION_SELECT12_3_3_2_1,7062,HTML_PAGE_SELECT12_3_3_2_1,select12_3_3_2_1,true
SELECT12_3_3_2_2,7063,HACTION_SELECT12_3_3_2_2,7063,HTML_PAGE_SELECT12_3_3_2_2,select12_3_3_2_2,true
SELECT12_3_3_2_3,7064,HACTION_SELECT12_3_3_2_3,7064,HTML_PAGE_SELECT12_3_3_2_3,select12_3_3_2_3,true
SELECT12_3_3_2_4,7065,HACTION_SELECT12_3_3_2_4,7065,HTML_PAGE_SELECT12_3_3_2_4,select12_3_3_2_4,true
SELECT12_3_3_3,7066,HACTION_SELECT12_3_3_3,7066,HTML_PAGE_SELECT12_3_3_3,select12_3_3_3,true
SELECT12_3_3_3_1,7067,HACTION_SELECT12_3_3_3_1,7067,HTML_PAGE_SELECT12_3_3_3_1,select12_3_3_3_1,true
SELECT12_3_3_3_2,7068,HACTION_SELECT12_3_3_3_2,7068,HTML_PAGE_SELECT12_3_3_3_2,select12_3_3_3_2,true
SELECT12_3_3_3_3,7069,HACTION_SELECT12_3_3_3_3,7069,HTML_PAGE_SELECT12_3_3_3_3,select12_3_3_3_3,true
SELECT12_3_3_3_4,7070,HACTION_SELECT12_3_3_3_4,7070,HTML_PAGE_SELECT12_3_3_3_4,select12_3_3_3_4,true
SELECT12_3_3_4,7071,HACTION_SELECT12_3_3_4,7071,HTML_PAGE_SELECT12_3_3_4,select12_3_3_4,true
SELECT12_3_3_4_1,7072,HACTION_SELECT12_3_3_4_1,7072,HTML_PAGE_SELECT12_3_3_4_1,select12_3_3_4_1,true
SELECT12_3_3_4_2,7073,HACTION_SELECT12_3_3_4_2,7073,HTML_PAGE_SELECT12_3_3_4_2,select12_3_3_4_2,true
SELECT12_3_3_4_3,7074,HACTION_SELECT12_3_3_4_3,7074,HTML_PAGE_SELECT12_3_3_4_3,select12_3_3_4_3,true
SELECT12_3_3_4_4,7075,HACTION_SELECT12_3_3_4_4,7075,HTML_PAGE_SELECT12_3_3_4_4,select12_3_3_4_4,true
SELECT12_3_4,7076,HACTION_SELECT12_3_4,7076,HTML_PAGE_SELECT12_3_4,select12_3_4,true
SELECT12_3_4_1,7077,HACTION_SELECT12_3_4_1,7077,HTML_PAGE_SELECT12_3_4_1,select12_3_4_1,true
SELECT12_3_4_1_1,7078,HACTION_SELECT12_3_4_1_1,7078,HTML_PAGE_SELECT12_3_4_1_1,select12_3_4_1_1,true
SELECT12_3_4_1_2,7079,HACTION_SELECT12_3_4_1_2,7079,HTML_PAGE_SELECT12_3_4_1_2,select12_3_4_1_2,true
SELECT12_3_4_1_3,7080,HACTION_SELECT12_3_4_1_3,7080,HTML_PAGE_SELECT12_3_4_1_3,select12_3_4_1_3,true
SELECT12_3_4_1_4,7081,HACTION_SELECT12_3_4_1_4,7081,HTML_PAGE_SELECT12_3_4_1_4,select12_3_4_1_4,true
SELECT12_3_4_2,7082,HACTION_SELECT12_3_4_2,7082,HTML_PAGE_SELECT12_3_4_2,select12_3_4_2,true
SELECT12_3_4_2_1,7083,HACTION_SELECT12_3_4_2_1,7083,HTML_PAGE_SELECT12_3_4_2_1,select12_3_4_2_1,true
SELECT12_3_4_2_2,7084,HACTION_SELECT12_3_4_2_2,7084,HTML_PAGE_SELECT12_3_4_2_2,select12_3_4_2_2,true
SELECT12_3_4_2_3,7085,HACTION_SELECT12_3_4_2_3,7085,HTML_PAGE_SELECT12_3_4_2_3,select12_3_4_2_3,true
SELECT12_3_4_2_4,7086,HACTION_SELECT12_3_4_2_4,7086,HTML_PAGE_SELECT12_3_4_2_4,select12_3_4_2_4,true
SELECT12_3_4_3,7087,HACTION_SELECT12_3_4_3,7087,HTML_PAGE_SELECT12_3_4_3,select12_3_4_3,true
SELECT12_3_4_3_1,7088,HACTION_SELECT12_3_4_3_1,7088,HTML_PAGE_SELECT12_3_4_3_1,select12_3_4_3_1,true
SELECT12_3_4_3_2,7089,HACTION_SELECT12_3_4_3_2,7089,HTML_PAGE_SELECT12_3_4_3_2,select12_3_4_3_2,true
SELECT12_3_4_3_3,7090,HACTION_SELECT12_3_4_3_3,7090,HTML_PAGE_SELECT12_3_4_3_3,select12_3_4_3_3,true
SELECT12_3_4_3_4,7091,HACTION_SELECT12_3_4_3_4,7091,HTML_PAGE_SELECT12_3_4_3_4,select12_3_4_3_4,true
SELECT12_3_4_4,7092,HACTION_SELECT12_3_4_4,7092,HTML_PAGE_SELECT12_3_4_4,select12_3_4_4,true
SELECT12_3_4_4_1,7093,HACTION_SELECT12_3_4_4_1,7093,HTML_PAGE_SELECT12_3_4_4_1,select12_3_4_4_1,true
SELECT12_3_4_4_2,7094,HACTION_SELECT12_3_4_4_2,7094,HTML_PAGE_SELECT12_3_4_4_2,select12_3_4_4_2,true
SELECT12_3_4_4_3,7095,HACTION_SELECT12_3_4_4_3,7095,HTML_PAGE_SELECT12_3_4_4_3,select12_3_4_4_3,true
SELECT12_3_4_4_4,7096,HACTION_SELECT12_3_4_4_4,7096,HTML_PAGE_SELECT12_3_4_4_4,select12_3_4_4_4,true
SELECT12_4,7097,HACTION_SELECT12_4,7097,HTML_PAGE_SELECT12_4,select12_4,true
SELECT12_4_1,7098,HACTION_SELECT12_4_1,7098,HTML_PAGE_SELECT12_4_1,select12_4_1,true
SELECT12_4_1_1,7099,HACTION_SELECT12_4_1_1,7099,HTML_PAGE_SELECT12_4_1_1,select12_4_1_1,true
SELECT12_4_1_1_1,7100,HACTION_SELECT12_4_1_1_1,7100,HTML_PAGE_SELECT12_4_1_1_1,select12_4_1_1_1,true
SELECT12_4_1_1_2,7101,HACTION_SELECT12_4_1_1_2,7101,HTML_PAGE_SELECT12_4_1_1_2,select12_4_1_1_2,true
SELECT12_4_1_1_3,7102,HACTION_SELECT12_4_1_1_3,7102,HTML_PAGE_SELECT12_4_1_1_3,select12_4_1_1_3,true
SELECT12_4_1_1_4,7103,HACTION_SELECT12_4_1_1_4,7103,HTML_PAGE_SELECT12_4_1_1_4,select12_4_1_1_4,true
SELECT12_4_1_2,7104,HACTION_SELECT12_4_1_2,7104,HTML_PAGE_SELECT12_4_1_2,select12_4_1_2,true
SELECT12_4_1_2_1,7105,HACTION_SELECT12_4_1_2_1,7105,HTML_PAGE_SELECT12_4_1_2_1,select12_4_1_2_1,true
SELECT12_4_1_2_2,7106,HACTION_SELECT12_4_1_2_2,7106,HTML_PAGE_SELECT12_4_1_2_2,select12_4_1_2_2,true
SELECT12_4_1_2_3,7107,HACTION_SELECT12_4_1_2_3,7107,HTML_PAGE_SELECT12_4_1_2_3,select12_4_1_2_3,true
SELECT12_4_1_2_4,7108,HACTION_SELECT12_4_1_2_4,7108,HTML_PAGE_SELECT12_4_1_2_4,select12_4_1_2_4,true
SELECT12_4_1_3,7109,HACTION_SELECT12_4_1_3,7109,HTML_PAGE_SELECT12_4_1_3,select12_4_1_3,true
SELECT12_4_1_3_1,7110,HACTION_SELECT12_4_1_3_1,7110,HTML_PAGE_SELECT12_4_1_3_1,select12_4_1_3_1,true
SELECT12_4_1_3_2,7111,HACTION_SELECT12_4_1_3_2,7111,HTML_PAGE_SELECT12_4_1_3_2,select12_4_1_3_2,true
SELECT12_4_1_3_3,7112,HACTION_SELECT12_4_1_3_3,7112,HTML_PAGE_SELECT12_4_1_3_3,select12_4_1_3_3,true
SELECT12_4_1_3_4,7113,HACTION_SELECT12_4_1_3_4,7113,HTML_PAGE_SELECT12_4_1_3_4,select12_4_1_3_4,true
SELECT12_4_1_4,7114,HACTION_SELECT12_4_1_4,7114,HTML_PAGE_SELECT12_4_1_4,select12_4_1_4,true
SELECT12_4_1_4_1,7115,HACTION_SELECT12_4_1_4_1,7115,HTML_PAGE_SELECT12_4_1_4_1,select12_4_1_4_1,true
SELECT12_4_1_4_2,7116,HACTION_SELECT12_4_1_4_2,7116,HTML_PAGE_SELECT12_4_1_4_2,select12_4_1_4_2,true
SELECT12_4_1_4_3,7117,HACTION_SELECT12_4_1_4_3,7117,HTML_PAGE_SELECT12_4_1_4_3,select12_4_1_4_3,true
SELECT12_4_1_4_4,7118,HACTION_SELECT12_4_1_4_4,7118,HTML_PAGE_SELECT12_4_1_4_4,select12_4_1_4_4,true
SELECT12_4_2,7119,HACTION_SELECT12_4_2,7119,HTML_PAGE_SELECT12_4_2,select12_4_2,true
SELECT12_4_2_1,7120,HACTION_SELECT12_4_2_1,7120,HTML_PAGE_SELECT12_4_2_1,select12_4_2_1,true
SELECT12_4_2_1_1,7121,HACTION_SELECT12_4_2_1_1,7121,HTML_PAGE_SELECT12_4_2_1_1,select12_4_2_1_1,true
SELECT12_4_2_1_2,7122,HACTION_SELECT12_4_2_1_2,7122,HTML_PAGE_SELECT12_4_2_1_2,select12_4_2_1_2,true
SELECT12_4_2_1_3,7123,HACTION_SELECT12_4_2_1_3,7123,HTML_PAGE_SELECT12_4_2_1_3,select12_4_2_1_3,true
SELECT12_4_2_1_4,7124,HACTION_SELECT12_4_2_1_4,7124,HTML_PAGE_SELECT12_4_2_1_4,select12_4_2_1_4,true
SELECT12_4_2_2,7125,HACTION_SELECT12_4_2_2,7125,HTML_PAGE_SELECT12_4_2_2,select12_4_2_2,true
SELECT12_4_2_2_1,7126,HACTION_SELECT12_4_2_2_1,7126,HTML_PAGE_SELECT12_4_2_2_1,select12_4_2_2_1,true
SELECT12_4_2_2_2,7127,HACTION_SELECT12_4_2_2_2,7127,HTML_PAGE_SELECT12_4_2_2_2,select12_4_2_2_2,true
SELECT12_4_2_2_3,7128,HACTION_SELECT12_4_2_2_3,7128,HTML_PAGE_SELECT12_4_2_2_3,select12_4_2_2_3,true
SELECT12_4_2_2_4,7129,HACTION_SELECT12_4_2_2_4,7129,HTML_PAGE_SELECT12_4_2_2_4,select12_4_2_2_4,true
SELECT12_4_2_3,7130,HACTION_SELECT12_4_2_3,7130,HTML_PAGE_SELECT12_4_2_3,select12_4_2_3,true
SELECT12_4_2_3_1,7131,HACTION_SELECT12_4_2_3_1,7131,HTML_PAGE_SELECT12_4_2_3_1,select12_4_2_3_1,true
SELECT12_4_2_3_2,7132,HACTION_SELECT12_4_2_3_2,7132,HTML_PAGE_SELECT12_4_2_3_2,select12_4_2_3_2,true
SELECT12_4_2_3_3,7133,HACTION_SELECT12_4_2_3_3,7133,HTML_PAGE_SELECT12_4_2_3_3,select12_4_2_3_3,true
SELECT12_4_2_3_4,7134,HACTION_SELECT12_4_2_3_4,7134,HTML_PAGE_SELECT12_4_2_3_4,select12_4_2_3_4,true
SELECT12_4_2_4,7135,HACTION_SELECT12_4_2_4,7135,HTML_PAGE_SELECT12_4_2_4,select12_4_2_4,true
SELECT12_4_2_4_1,7136,HACTION_SELECT12_4_2_4_1,7136,HTML_PAGE_SELECT12_4_2_4_1,select12_4_2_4_1,true
SELECT12_4_2_4_2,7137,HACTION_SELECT12_4_2_4_2,7137,HTML_PAGE_SELECT12_4_2_4_2,select12_4_2_4_2,true
SELECT12_4_2_4_3,7138,HACTION_SELECT12_4_2_4_3,7138,HTML_PAGE_SELECT12_4_2_4_3,select12_4_2_4_3,true
SELECT12_4_2_4_4,7139,HACTION_SELECT12_4_2_4_4,7139,HTML_PAGE_SELECT12_4_2_4_4,select12_4_2_4_4,true
SELECT12_4_3,7140,HACTION_SELECT12_4_3,7140,HTML_PAGE_SELECT12_4_3,select12_4_3,true
SELECT12_4_3_1,7141,HACTION_SELECT12_4_3_1,7141,HTML_PAGE_SELECT12_4_3_1,select12_4_3_1,true
SELECT12_4_3_1_1,7142,HACTION_SELECT12_4_3_1_1,7142,HTML_PAGE_SELECT12_4_3_1_1,select12_4_3_1_1,true
SELECT12_4_3_1_2,7143,HACTION_SELECT12_4_3_1_2,7143,HTML_PAGE_SELECT12_4_3_1_2,select12_4_3_1_2,true
SELECT12_4_3_1_3,7144,HACTION_SELECT12_4_3_1_3,7144,HTML_PAGE_SELECT12_4_3_1_3,select12_4_3_1_3,true
SELECT12_4_3_1_4,7145,HACTION_SELECT12_4_3_1_4,7145,HTML_PAGE_SELECT12_4_3_1_4,select12_4_3_1_4,true
SELECT12_4_3_2,7146,HACTION_SELECT12_4_3_2,7146,HTML_PAGE_SELECT12_4_3_2,select12_4_3_2,true
SELECT12_4_3_2_1,7147,HACTION_SELECT12_4_3_2_1,7147,HTML_PAGE_SELECT12_4_3_2_1,select12_4_3_2_1,true
SELECT12_4_3_2_2,7148,HACTION_SELECT12_4_3_2_2,7148,HTML_PAGE_SELECT12_4_3_2_2,select12_4_3_2_2,true
SELECT12_4_3_2_3,7149,HACTION_SELECT12_4_3_2_3,7149,HTML_PAGE_SELECT12_4_3_2_3,select12_4_3_2_3,true
SELECT12_4_3_2_4,7150,HACTION_SELECT12_4_3_2_4,7150,HTML_PAGE_SELECT12_4_3_2_4,select12_4_3_2_4,true
SELECT12_4_3_3,7151,HACTION_SELECT12_4_3_3,7151,HTML_PAGE_SELECT12_4_3_3,select12_4_3_3,true
SELECT12_4_3_3_1,7152,HACTION_SELECT12_4_3_3_1,7152,HTML_PAGE_SELECT12_4_3_3_1,select12_4_3_3_1,true
SELECT12_4_3_3_2,7153,HACTION_SELECT12_4_3_3_2,7153,HTML_PAGE_SELECT12_4_3_3_2,select12_4_3_3_2,true
SELECT12_4_3_3_3,7154,HACTION_SELECT12_4_3_3_3,7154,HTML_PAGE_SELECT12_4_3_3_3,select12_4_3_3_3,true
SELECT12_4_3_3_4,7155,HACTION_SELECT12_4_3_3_4,7155,HTML_PAGE_SELECT12_4_3_3_4,select12_4_3_3_4,true
SELECT12_4_3_4,7156,HACTION_SELECT12_4_3_4,7156,HTML_PAGE_SELECT12_4_3_4,select12_4_3_4,true
SELECT12_4_3_4_1,7157,HACTION_SELECT12_4_3_4_1,7157,HTML_PAGE_SELECT12_4_3_4_1,select12_4_3_4_1,true
SELECT12_4_3_4_2,7158,HACTION_SELECT12_4_3_4_2,7158,HTML_PAGE_SELECT12_4_3_4_2,select12_4_3_4_2,true
SELECT12_4_3_4_3,7159,HACTION_SELECT12_4_3_4_3,7159,HTML_PAGE_SELECT12_4_3_4_3,select12_4_3_4_3,true
SELECT12_4_3_4_4,7160,HACTION_SELECT12_4_3_4_4,7160,HTML_PAGE_SELECT12_4_3_4_4,select12_4_3_4_4,true
SELECT12_4_4,7161,HACTION_SELECT12_4_4,7161,HTML_PAGE_SELECT12_4_4,select12_4_4,true
SELECT12_4_4_1,7162,HACTION_SELECT12_4_4_1,7162,HTML_PAGE_SELECT12_4_4_1,select12_4_4_1,true
SELECT12_4_4_1_1,7163,HACTION_SELECT12_4_4_1_1,7163,HTML_PAGE_SELECT12_4_4_1_1,select12_4_4_1_1,true
SELECT12_4_4_1_2,7164,HACTION_SELECT12_4_4_1_2,7164,HTML_PAGE_SELECT12_4_4_1_2,select12_4_4_1_2,true
SELECT12_4_4_1_3,7165,HACTION_SELECT12_4_4_1_3,7165,HTML_PAGE_SELECT12_4_4_1_3,select12_4_4_1_3,true
SELECT12_4_4_1_4,7166,HACTION_SELECT12_4_4_1_4,7166,HTML_PAGE_SELECT12_4_4_1_4,select12_4_4_1_4,true
SELECT12_4_4_2,7167,HACTION_SELECT12_4_4_2,7167,HTML_PAGE_SELECT12_4_4_2,select12_4_4_2,true
SELECT12_4_4_2_1,7168,HACTION_SELECT12_4_4_2_1,7168,HTML_PAGE_SELECT12_4_4_2_1,select12_4_4_2_1,true
SELECT12_4_4_2_2,7169,HACTION_SELECT12_4_4_2_2,7169,HTML_PAGE_SELECT12_4_4_2_2,select12_4_4_2_2,true
SELECT12_4_4_2_3,7170,HACTION_SELECT12_4_4_2_3,7170,HTML_PAGE_SELECT12_4_4_2_3,select12_4_4_2_3,true
SELECT12_4_4_2_4,7171,HACTION_SELECT12_4_4_2_4,7171,HTML_PAGE_SELECT12_4_4_2_4,select12_4_4_2_4,true
SELECT12_4_4_3,7172,HACTION_SELECT12_4_4_3,7172,HTML_PAGE_SELECT12_4_4_3,select12_4_4_3,true
SELECT12_4_4_3_1,7173,HACTION_SELECT12_4_4_3_1,7173,HTML_PAGE_SELECT12_4_4_3_1,select12_4_4_3_1,true
SELECT12_4_4_3_2,7174,HACTION_SELECT12_4_4_3_2,7174,HTML_PAGE_SELECT12_4_4_3_2,select12_4_4_3_2,true
SELECT12_4_4_3_3,7175,HACTION_SELECT12_4_4_3_3,7175,HTML_PAGE_SELECT12_4_4_3_3,select12_4_4_3_3,true
SELECT12_4_4_3_4,7176,HACTION_SELECT12_4_4_3_4,7176,HTML_PAGE_SELECT12_4_4_3_4,select12_4_4_3_4,true
SELECT12_4_4_4,7177,HACTION_SELECT12_4_4_4,7177,HTML_PAGE_SELECT12_4_4_4,select12_4_4_4,true
SELECT12_4_4_4_1,7178,HACTION_SELECT12_4_4_4_1,7178,HTML_PAGE_SELECT12_4_4_4_1,select12_4_4_4_1,true
SELECT12_4_4_4_2,7179,HACTION_SELECT12_4_4_4_2,7179,HTML_PAGE_SELECT12_4_4_4_2,select12_4_4_4_2,true
SELECT12_4_4_4_3,7180,HACTION_SELECT12_4_4_4_3,7180,HTML_PAGE_SELECT12_4_4_4_3,select12_4_4_4_3,true
SELECT12_4_4_4_4,7181,HACTION_SELECT12_4_4_4_4,7181,HTML_PAGE_SELECT12_4_4_4_4,select12_4_4_4_4,true
SELECT13,7182,HACTION_SELECT13,7182,HTML_PAGE_SELECT13,select13,true
SELECT13_1,7183,HACTION_SELECT13_1,7183,HTML_PAGE_SELECT13_1,select13_1,true
SELECT13_1_1,7184,HACTION_SELECT13_1_1,7184,HTML_PAGE_SELECT13_1_1,select13_1_1,true
SELECT13_1_1_1,7185,HACTION_SELECT13_1_1_1,7185,HTML_PAGE_SELECT13_1_1_1,select13_1_1_1,true
SELECT13_1_1_1_1,7186,HACTION_SELECT13_1_1_1_1,7186,HTML_PAGE_SELECT13_1_1_1_1,select13_1_1_1_1,true
SELECT13_1_1_1_2,7187,HACTION_SELECT13_1_1_1_2,7187,HTML_PAGE_SELECT13_1_1_1_2,select13_1_1_1_2,true
SELECT13_1_1_1_3,7188,HACTION_SELECT13_1_1_1_3,7188,HTML_PAGE_SELECT13_1_1_1_3,select13_1_1_1_3,true
SELECT13_1_1_1_4,7189,HACTION_SELECT13_1_1_1_4,7189,HTML_PAGE_SELECT13_1_1_1_4,select13_1_1_1_4,true
SELECT13_1_1_2,7190,HACTION_SELECT13_1_1_2,7190,HTML_PAGE_SELECT13_1_1_2,select13_1_1_2,true
SELECT13_1_1_2_1,7191,HACTION_SELECT13_1_1_2_1,7191,HTML_PAGE_SELECT13_1_1_2_1,select13_1_1_2_1,true
SELECT13_1_1_2_2,7192,HACTION_SELECT13_1_1_2_2,7192,HTML_PAGE_SELECT13_1_1_2_2,select13_1_1_2_2,true
SELECT13_1_1_2_3,7193,HACTION_SELECT13_1_1_2_3,7193,HTML_PAGE_SELECT13_1_1_2_3,select13_1_1_2_3,true
SELECT13_1_1_2_4,7194,HACTION_SELECT13_1_1_2_4,7194,HTML_PAGE_SELECT13_1_1_2_4,select13_1_1_2_4,true
SELECT13_1_1_3,7195,HACTION_SELECT13_1_1_3,7195,HTML_PAGE_SELECT13_1_1_3,select13_1_1_3,true
SELECT13_1_1_3_1,7196,HACTION_SELECT13_1_1_3_1,7196,HTML_PAGE_SELECT13_1_1_3_1,select13_1_1_3_1,true
SELECT13_1_1_3_2,7197,HACTION_SELECT13_1_1_3_2,7197,HTML_PAGE_SELECT13_1_1_3_2,select13_1_1_3_2,true
SELECT13_1_1_3_3,7198,HACTION_SELECT13_1_1_3_3,7198,HTML_PAGE_SELECT13_1_1_3_3,select13_1_1_3_3,true
SELECT13_1_1_3_4,7199,HACTION_SELECT13_1_1_3_4,7199,HTML_PAGE_SELECT13_1_1_3_4,select13_1_1_3_4,true
SELECT13_1_1_4,7200,HACTION_SELECT13_1_1_4,7200,HTML_PAGE_SELECT13_1_1_4,select13_1_1_4,true
SELECT13_1_1_4_1,7201,HACTION_SELECT13_1_1_4_1,7201,HTML_PAGE_SELECT13_1_1_4_1,select13_1_1_4_1,true
SELECT13_1_1_4_2,7202,HACTION_SELECT13_1_1_4_2,7202,HTML_PAGE_SELECT13_1_1_4_2,select13_1_1_4_2,true
SELECT13_1_1_4_3,7203,HACTION_SELECT13_1_1_4_3,7203,HTML_PAGE_SELECT13_1_1_4_3,select13_1_1_4_3,true
SELECT13_1_1_4_4,7204,HACTION_SELECT13_1_1_4_4,7204,HTML_PAGE_SELECT13_1_1_4_4,select13_1_1_4_4,true
SELECT13_1_2,7205,HACTION_SELECT13_1_2,7205,HTML_PAGE_SELECT13_1_2,select13_1_2,true
SELECT13_1_2_1,7206,HACTION_SELECT13_1_2_1,7206,HTML_PAGE_SELECT13_1_2_1,select13_1_2_1,true
SELECT13_1_2_1_1,7207,HACTION_SELECT13_1_2_1_1,7207,HTML_PAGE_SELECT13_1_2_1_1,select13_1_2_1_1,true
SELECT13_1_2_1_2,7208,HACTION_SELECT13_1_2_1_2,7208,HTML_PAGE_SELECT13_1_2_1_2,select13_1_2_1_2,true
SELECT13_1_2_1_3,7209,HACTION_SELECT13_1_2_1_3,7209,HTML_PAGE_SELECT13_1_2_1_3,select13_1_2_1_3,true
SELECT13_1_2_1_4,7210,HACTION_SELECT13_1_2_1_4,7210,HTML_PAGE_SELECT13_1_2_1_4,select13_1_2_1_4,true
SELECT13_1_2_2,7211,HACTION_SELECT13_1_2_2,7211,HTML_PAGE_SELECT13_1_2_2,select13_1_2_2,true
SELECT13_1_2_2_1,7212,HACTION_SELECT13_1_2_2_1,7212,HTML_PAGE_SELECT13_1_2_2_1,select13_1_2_2_1,true
SELECT13_1_2_2_2,7213,HACTION_SELECT13_1_2_2_2,7213,HTML_PAGE_SELECT13_1_2_2_2,select13_1_2_2_2,true
SELECT13_1_2_2_3,7214,HACTION_SELECT13_1_2_2_3,7214,HTML_PAGE_SELECT13_1_2_2_3,select13_1_2_2_3,true
SELECT13_1_2_2_4,7215,HACTION_SELECT13_1_2_2_4,7215,HTML_PAGE_SELECT13_1_2_2_4,select13_1_2_2_4,true
SELECT13_1_2_3,7216,HACTION_SELECT13_1_2_3,7216,HTML_PAGE_SELECT13_1_2_3,select13_1_2_3,true
SELECT13_1_2_3_1,7217,HACTION_SELECT13_1_2_3_1,7217,HTML_PAGE_SELECT13_1_2_3_1,select13_1_2_3_1,true
SELECT13_1_2_3_2,7218,HACTION_SELECT13_1_2_3_2,7218,HTML_PAGE_SELECT13_1_2_3_2,select13_1_2_3_2,true
SELECT13_1_2_3_3,7219,HACTION_SELECT13_1_2_3_3,7219,HTML_PAGE_SELECT13_1_2_3_3,select13_1_2_3_3,true
SELECT13_1_2_3_4,7220,HACTION_SELECT13_1_2_3_4,7220,HTML_PAGE_SELECT13_1_2_3_4,select13_1_2_3_4,true
SELECT13_1_2_4,7221,HACTION_SELECT13_1_2_4,7221,HTML_PAGE_SELECT13_1_2_4,select13_1_2_4,true
SELECT13_1_2_4_1,7222,HACTION_SELECT13_1_2_4_1,7222,HTML_PAGE_SELECT13_1_2_4_1,select13_1_2_4_1,true
SELECT13_1_2_4_2,7223,HACTION_SELECT13_1_2_4_2,7223,HTML_PAGE_SELECT13_1_2_4_2,select13_1_2_4_2,true
SELECT13_1_2_4_3,7224,HACTION_SELECT13_1_2_4_3,7224,HTML_PAGE_SELECT13_1_2_4_3,select13_1_2_4_3,true
SELECT13_1_2_4_4,7225,HACTION_SELECT13_1_2_4_4,7225,HTML_PAGE_SELECT13_1_2_4_4,select13_1_2_4_4,true
SELECT13_1_3,7226,HACTION_SELECT13_1_3,7226,HTML_PAGE_SELECT13_1_3,select13_1_3,true
SELECT13_1_3_1,7227,HACTION_SELECT13_1_3_1,7227,HTML_PAGE_SELECT13_1_3_1,select13_1_3_1,true
SELECT13_1_3_1_1,7228,HACTION_SELECT13_1_3_1_1,7228,HTML_PAGE_SELECT13_1_3_1_1,select13_1_3_1_1,true
SELECT13_1_3_1_2,7229,HACTION_SELECT13_1_3_1_2,7229,HTML_PAGE_SELECT13_1_3_1_2,select13_1_3_1_2,true
SELECT13_1_3_1_3,7230,HACTION_SELECT13_1_3_1_3,7230,HTML_PAGE_SELECT13_1_3_1_3,select13_1_3_1_3,true
SELECT13_1_3_1_4,7231,HACTION_SELECT13_1_3_1_4,7231,HTML_PAGE_SELECT13_1_3_1_4,select13_1_3_1_4,true
SELECT13_1_3_2,7232,HACTION_SELECT13_1_3_2,7232,HTML_PAGE_SELECT13_1_3_2,select13_1_3_2,true
SELECT13_1_3_2_1,7233,HACTION_SELECT13_1_3_2_1,7233,HTML_PAGE_SELECT13_1_3_2_1,select13_1_3_2_1,true
SELECT13_1_3_2_2,7234,HACTION_SELECT13_1_3_2_2,7234,HTML_PAGE_SELECT13_1_3_2_2,select13_1_3_2_2,true
SELECT13_1_3_2_3,7235,HACTION_SELECT13_1_3_2_3,7235,HTML_PAGE_SELECT13_1_3_2_3,select13_1_3_2_3,true
SELECT13_1_3_2_4,7236,HACTION_SELECT13_1_3_2_4,7236,HTML_PAGE_SELECT13_1_3_2_4,select13_1_3_2_4,true
SELECT13_1_3_3,7237,HACTION_SELECT13_1_3_3,7237,HTML_PAGE_SELECT13_1_3_3,select13_1_3_3,true
SELECT13_1_3_3_1,7238,HACTION_SELECT13_1_3_3_1,7238,HTML_PAGE_SELECT13_1_3_3_1,select13_1_3_3_1,true
SELECT13_1_3_3_2,7239,HACTION_SELECT13_1_3_3_2,7239,HTML_PAGE_SELECT13_1_3_3_2,select13_1_3_3_2,true
SELECT13_1_3_3_3,7240,HACTION_SELECT13_1_3_3_3,7240,HTML_PAGE_SELECT13_1_3_3_3,select13_1_3_3_3,true
SELECT13_1_3_3_4,7241,HACTION_SELECT13_1_3_3_4,7241,HTML_PAGE_SELECT13_1_3_3_4,select13_1_3_3_4,true
SELECT13_1_3_4,7242,HACTION_SELECT13_1_3_4,7242,HTML_PAGE_SELECT13_1_3_4,select13_1_3_4,true
SELECT13_1_3_4_1,7243,HACTION_SELECT13_1_3_4_1,7243,HTML_PAGE_SELECT13_1_3_4_1,select13_1_3_4_1,true
SELECT13_1_3_4_2,7244,HACTION_SELECT13_1_3_4_2,7244,HTML_PAGE_SELECT13_1_3_4_2,select13_1_3_4_2,true
SELECT13_1_3_4_3,7245,HACTION_SELECT13_1_3_4_3,7245,HTML_PAGE_SELECT13_1_3_4_3,select13_1_3_4_3,true
SELECT13_1_3_4_4,7246,HACTION_SELECT13_1_3_4_4,7246,HTML_PAGE_SELECT13_1_3_4_4,select13_1_3_4_4,true
SELECT13_1_4,7247,HACTION_SELECT13_1_4,7247,HTML_PAGE_SELECT13_1_4,select13_1_4,true
SELECT13_1_4_1,7248,HACTION_SELECT13_1_4_1,7248,HTML_PAGE_SELECT13_1_4_1,select13_1_4_1,true
SELECT13_1_4_1_1,7249,HACTION_SELECT13_1_4_1_1,7249,HTML_PAGE_SELECT13_1_4_1_1,select13_1_4_1_1,true
SELECT13_1_4_1_2,7250,HACTION_SELECT13_1_4_1_2,7250,HTML_PAGE_SELECT13_1_4_1_2,select13_1_4_1_2,true
SELECT13_1_4_1_3,7251,HACTION_SELECT13_1_4_1_3,7251,HTML_PAGE_SELECT13_1_4_1_3,select13_1_4_1_3,true
SELECT13_1_4_1_4,7252,HACTION_SELECT13_1_4_1_4,7252,HTML_PAGE_SELECT13_1_4_1_4,select13_1_4_1_4,true
SELECT13_1_4_2,7253,HACTION_SELECT13_1_4_2,7253,HTML_PAGE_SELECT13_1_4_2,select13_1_4_2,true
SELECT13_1_4_2_1,7254,HACTION_SELECT13_1_4_2_1,7254,HTML_PAGE_SELECT13_1_4_2_1,select13_1_4_2_1,true
SELECT13_1_4_2_2,7255,HACTION_SELECT13_1_4_2_2,7255,HTML_PAGE_SELECT13_1_4_2_2,select13_1_4_2_2,true
SELECT13_1_4_2_3,7256,HACTION_SELECT13_1_4_2_3,7256,HTML_PAGE_SELECT13_1_4_2_3,select13_1_4_2_3,true
SELECT13_1_4_2_4,7257,HACTION_SELECT13_1_4_2_4,7257,HTML_PAGE_SELECT13_1_4_2_4,select13_1_4_2_4,true
SELECT13_1_4_3,7258,HACTION_SELECT13_1_4_3,7258,HTML_PAGE_SELECT13_1_4_3,select13_1_4_3,true
SELECT13_1_4_3_1,7259,HACTION_SELECT13_1_4_3_1,7259,HTML_PAGE_SELECT13_1_4_3_1,select13_1_4_3_1,true
SELECT13_1_4_3_2,7260,HACTION_SELECT13_1_4_3_2,7260,HTML_PAGE_SELECT13_1_4_3_2,select13_1_4_3_2,true
SELECT13_1_4_3_3,7261,HACTION_SELECT13_1_4_3_3,7261,HTML_PAGE_SELECT13_1_4_3_3,select13_1_4_3_3,true
SELECT13_1_4_3_4,7262,HACTION_SELECT13_1_4_3_4,7262,HTML_PAGE_SELECT13_1_4_3_4,select13_1_4_3_4,true
SELECT13_1_4_4,7263,HACTION_SELECT13_1_4_4,7263,HTML_PAGE_SELECT13_1_4_4,select13_1_4_4,true
SELECT13_1_4_4_1,7264,HACTION_SELECT13_1_4_4_1,7264,HTML_PAGE_SELECT13_1_4_4_1,select13_1_4_4_1,true
SELECT13_1_4_4_2,7265,HACTION_SELECT13_1_4_4_2,7265,HTML_PAGE_SELECT13_1_4_4_2,select13_1_4_4_2,true
SELECT13_1_4_4_3,7266,HACTION_SELECT13_1_4_4_3,7266,HTML_PAGE_SELECT13_1_4_4_3,select13_1_4_4_3,true
SELECT13_1_4_4_4,7267,HACTION_SELECT13_1_4_4_4,7267,HTML_PAGE_SELECT13_1_4_4_4,select13_1_4_4_4,true
SELECT13_2,7268,HACTION_SELECT13_2,7268,HTML_PAGE_SELECT13_2,select13_2,true
SELECT13_2_1,7269,HACTION_SELECT13_2_1,7269,HTML_PAGE_SELECT13_2_1,select13_2_1,true
SELECT13_2_1_1,7270,HACTION_SELECT13_2_1_1,7270,HTML_PAGE_SELECT13_2_1_1,select13_2_1_1,true
SELECT13_2_1_1_1,7271,HACTION_SELECT13_2_1_1_1,7271,HTML_PAGE_SELECT13_2_1_1_1,select13_2_1_1_1,true
SELECT13_2_1_1_2,7272,HACTION_SELECT13_2_1_1_2,7272,HTML_PAGE_SELECT13_2_1_1_2,select13_2_1_1_2,true
SELECT13_2_1_1_3,7273,HACTION_SELECT13_2_1_1_3,7273,HTML_PAGE_SELECT13_2_1_1_3,select13_2_1_1_3,true
SELECT13_2_1_1_4,7274,HACTION_SELECT13_2_1_1_4,7274,HTML_PAGE_SELECT13_2_1_1_4,select13_2_1_1_4,true
SELECT13_2_1_2,7275,HACTION_SELECT13_2_1_2,7275,HTML_PAGE_SELECT13_2_1_2,select13_2_1_2,true
SELECT13_2_1_2_1,7276,HACTION_SELECT13_2_1_2_1,7276,HTML_PAGE_SELECT13_2_1_2_1,select13_2_1_2_1,true
SELECT13_2_1_2_2,7277,HACTION_SELECT13_2_1_2_2,7277,HTML_PAGE_SELECT13_2_1_2_2,select13_2_1_2_2,true
SELECT13_2_1_2_3,7278,HACTION_SELECT13_2_1_2_3,7278,HTML_PAGE_SELECT13_2_1_2_3,select13_2_1_2_3,true
SELECT13_2_1_2_4,7279,HACTION_SELECT13_2_1_2_4,7279,HTML_PAGE_SELECT13_2_1_2_4,select13_2_1_2_4,true
SELECT13_2_1_3,7280,HACTION_SELECT13_2_1_3,7280,HTML_PAGE_SELECT13_2_1_3,select13_2_1_3,true
SELECT13_2_1_3_1,7281,HACTION_SELECT13_2_1_3_1,7281,HTML_PAGE_SELECT13_2_1_3_1,select13_2_1_3_1,true
SELECT13_2_1_3_2,7282,HACTION_SELECT13_2_1_3_2,7282,HTML_PAGE_SELECT13_2_1_3_2,select13_2_1_3_2,true
SELECT13_2_1_3_3,7283,HACTION_SELECT13_2_1_3_3,7283,HTML_PAGE_SELECT13_2_1_3_3,select13_2_1_3_3,true
SELECT13_2_1_3_4,7284,HACTION_SELECT13_2_1_3_4,7284,HTML_PAGE_SELECT13_2_1_3_4,select13_2_1_3_4,true
SELECT13_2_1_4,7285,HACTION_SELECT13_2_1_4,7285,HTML_PAGE_SELECT13_2_1_4,select13_2_1_4,true
SELECT13_2_1_4_1,7286,HACTION_SELECT13_2_1_4_1,7286,HTML_PAGE_SELECT13_2_1_4_1,select13_2_1_4_1,true
SELECT13_2_1_4_2,7287,HACTION_SELECT13_2_1_4_2,7287,HTML_PAGE_SELECT13_2_1_4_2,select13_2_1_4_2,true
SELECT13_2_1_4_3,7288,HACTION_SELECT13_2_1_4_3,7288,HTML_PAGE_SELECT13_2_1_4_3,select13_2_1_4_3,true
SELECT13_2_1_4_4,7289,HACTION_SELECT13_2_1_4_4,7289,HTML_PAGE_SELECT13_2_1_4_4,select13_2_1_4_4,true
SELECT13_2_2,7290,HACTION_SELECT13_2_2,7290,HTML_PAGE_SELECT13_2_2,select13_2_2,true
SELECT13_2_2_1,7291,HACTION_SELECT13_2_2_1,7291,HTML_PAGE_SELECT13_2_2_1,select13_2_2_1,true
SELECT13_2_2_1_1,7292,HACTION_SELECT13_2_2_1_1,7292,HTML_PAGE_SELECT13_2_2_1_1,select13_2_2_1_1,true
SELECT13_2_2_1_2,7293,HACTION_SELECT13_2_2_1_2,7293,HTML_PAGE_SELECT13_2_2_1_2,select13_2_2_1_2,true
SELECT13_2_2_1_3,7294,HACTION_SELECT13_2_2_1_3,7294,HTML_PAGE_SELECT13_2_2_1_3,select13_2_2_1_3,true
SELECT13_2_2_1_4,7295,HACTION_SELECT13_2_2_1_4,7295,HTML_PAGE_SELECT13_2_2_1_4,select13_2_2_1_4,true
SELECT13_2_2_2,7296,HACTION_SELECT13_2_2_2,7296,HTML_PAGE_SELECT13_2_2_2,select13_2_2_2,true
SELECT13_2_2_2_1,7297,HACTION_SELECT13_2_2_2_1,7297,HTML_PAGE_SELECT13_2_2_2_1,select13_2_2_2_1,true
SELECT13_2_2_2_2,7298,HACTION_SELECT13_2_2_2_2,7298,HTML_PAGE_SELECT13_2_2_2_2,select13_2_2_2_2,true
SELECT13_2_2_2_3,7299,HACTION_SELECT13_2_2_2_3,7299,HTML_PAGE_SELECT13_2_2_2_3,select13_2_2_2_3,true
SELECT13_2_2_2_4,7300,HACTION_SELECT13_2_2_2_4,7300,HTML_PAGE_SELECT13_2_2_2_4,select13_2_2_2_4,true
SELECT13_2_2_3,7301,HACTION_SELECT13_2_2_3,7301,HTML_PAGE_SELECT13_2_2_3,select13_2_2_3,true
SELECT13_2_2_3_1,7302,HACTION_SELECT13_2_2_3_1,7302,HTML_PAGE_SELECT13_2_2_3_1,select13_2_2_3_1,true
SELECT13_2_2_3_2,7303,HACTION_SELECT13_2_2_3_2,7303,HTML_PAGE_SELECT13_2_2_3_2,select13_2_2_3_2,true
SELECT13_2_2_3_3,7304,HACTION_SELECT13_2_2_3_3,7304,HTML_PAGE_SELECT13_2_2_3_3,select13_2_2_3_3,true
SELECT13_2_2_3_4,7305,HACTION_SELECT13_2_2_3_4,7305,HTML_PAGE_SELECT13_2_2_3_4,select13_2_2_3_4,true
SELECT13_2_2_4,7306,HACTION_SELECT13_2_2_4,7306,HTML_PAGE_SELECT13_2_2_4,select13_2_2_4,true
SELECT13_2_2_4_1,7307,HACTION_SELECT13_2_2_4_1,7307,HTML_PAGE_SELECT13_2_2_4_1,select13_2_2_4_1,true
SELECT13_2_2_4_2,7308,HACTION_SELECT13_2_2_4_2,7308,HTML_PAGE_SELECT13_2_2_4_2,select13_2_2_4_2,true
SELECT13_2_2_4_3,7309,HACTION_SELECT13_2_2_4_3,7309,HTML_PAGE_SELECT13_2_2_4_3,select13_2_2_4_3,true
SELECT13_2_2_4_4,7310,HACTION_SELECT13_2_2_4_4,7310,HTML_PAGE_SELECT13_2_2_4_4,select13_2_2_4_4,true
SELECT13_2_3,7311,HACTION_SELECT13_2_3,7311,HTML_PAGE_SELECT13_2_3,select13_2_3,true
SELECT13_2_3_1,7312,HACTION_SELECT13_2_3_1,7312,HTML_PAGE_SELECT13_2_3_1,select13_2_3_1,true
SELECT13_2_3_1_1,7313,HACTION_SELECT13_2_3_1_1,7313,HTML_PAGE_SELECT13_2_3_1_1,select13_2_3_1_1,true
SELECT13_2_3_1_2,7314,HACTION_SELECT13_2_3_1_2,7314,HTML_PAGE_SELECT13_2_3_1_2,select13_2_3_1_2,true
SELECT13_2_3_1_3,7315,HACTION_SELECT13_2_3_1_3,7315,HTML_PAGE_SELECT13_2_3_1_3,select13_2_3_1_3,true
SELECT13_2_3_1_4,7316,HACTION_SELECT13_2_3_1_4,7316,HTML_PAGE_SELECT13_2_3_1_4,select13_2_3_1_4,true
SELECT13_2_3_2,7317,HACTION_SELECT13_2_3_2,7317,HTML_PAGE_SELECT13_2_3_2,select13_2_3_2,true
SELECT13_2_3_2_1,7318,HACTION_SELECT13_2_3_2_1,7318,HTML_PAGE_SELECT13_2_3_2_1,select13_2_3_2_1,true
SELECT13_2_3_2_2,7319,HACTION_SELECT13_2_3_2_2,7319,HTML_PAGE_SELECT13_2_3_2_2,select13_2_3_2_2,true
SELECT13_2_3_2_3,7320,HACTION_SELECT13_2_3_2_3,7320,HTML_PAGE_SELECT13_2_3_2_3,select13_2_3_2_3,true
SELECT13_2_3_2_4,7321,HACTION_SELECT13_2_3_2_4,7321,HTML_PAGE_SELECT13_2_3_2_4,select13_2_3_2_4,true
SELECT13_2_3_3,7322,HACTION_SELECT13_2_3_3,7322,HTML_PAGE_SELECT13_2_3_3,select13_2_3_3,true
SELECT13_2_3_3_1,7323,HACTION_SELECT13_2_3_3_1,7323,HTML_PAGE_SELECT13_2_3_3_1,select13_2_3_3_1,true
SELECT13_2_3_3_2,7324,HACTION_SELECT13_2_3_3_2,7324,HTML_PAGE_SELECT13_2_3_3_2,select13_2_3_3_2,true
SELECT13_2_3_3_3,7325,HACTION_SELECT13_2_3_3_3,7325,HTML_PAGE_SELECT13_2_3_3_3,select13_2_3_3_3,true
SELECT13_2_3_3_4,7326,HACTION_SELECT13_2_3_3_4,7326,HTML_PAGE_SELECT13_2_3_3_4,select13_2_3_3_4,true
SELECT13_2_3_4,7327,HACTION_SELECT13_2_3_4,7327,HTML_PAGE_SELECT13_2_3_4,select13_2_3_4,true
SELECT13_2_3_4_1,7328,HACTION_SELECT13_2_3_4_1,7328,HTML_PAGE_SELECT13_2_3_4_1,select13_2_3_4_1,true
SELECT13_2_3_4_2,7329,HACTION_SELECT13_2_3_4_2,7329,HTML_PAGE_SELECT13_2_3_4_2,select13_2_3_4_2,true
SELECT13_2_3_4_3,7330,HACTION_SELECT13_2_3_4_3,7330,HTML_PAGE_SELECT13_2_3_4_3,select13_2_3_4_3,true
SELECT13_2_3_4_4,7331,HACTION_SELECT13_2_3_4_4,7331,HTML_PAGE_SELECT13_2_3_4_4,select13_2_3_4_4,true
SELECT13_2_4,7332,HACTION_SELECT13_2_4,7332,HTML_PAGE_SELECT13_2_4,select13_2_4,true
SELECT13_2_4_1,7333,HACTION_SELECT13_2_4_1,7333,HTML_PAGE_SELECT13_2_4_1,select13_2_4_1,true
SELECT13_2_4_1_1,7334,HACTION_SELECT13_2_4_1_1,7334,HTML_PAGE_SELECT13_2_4_1_1,select13_2_4_1_1,true
SELECT13_2_4_1_2,7335,HACTION_SELECT13_2_4_1_2,7335,HTML_PAGE_SELECT13_2_4_1_2,select13_2_4_1_2,true
SELECT13_2_4_1_3,7336,HACTION_SELECT13_2_4_1_3,7336,HTML_PAGE_SELECT13_2_4_1_3,select13_2_4_1_3,true
SELECT13_2_4_1_4,7337,HACTION_SELECT13_2_4_1_4,7337,HTML_PAGE_SELECT13_2_4_1_4,select13_2_4_1_4,true
SELECT13_2_4_2,7338,HACTION_SELECT13_2_4_2,7338,HTML_PAGE_SELECT13_2_4_2,select13_2_4_2,true
SELECT13_2_4_2_1,7339,HACTION_SELECT13_2_4_2_1,7339,HTML_PAGE_SELECT13_2_4_2_1,select13_2_4_2_1,true
SELECT13_2_4_2_2,7340,HACTION_SELECT13_2_4_2_2,7340,HTML_PAGE_SELECT13_2_4_2_2,select13_2_4_2_2,true
SELECT13_2_4_2_3,7341,HACTION_SELECT13_2_4_2_3,7341,HTML_PAGE_SELECT13_2_4_2_3,select13_2_4_2_3,true
SELECT13_2_4_2_4,7342,HACTION_SELECT13_2_4_2_4,7342,HTML_PAGE_SELECT13_2_4_2_4,select13_2_4_2_4,true
SELECT13_2_4_3,7343,HACTION_SELECT13_2_4_3,7343,HTML_PAGE_SELECT13_2_4_3,select13_2_4_3,true
SELECT13_2_4_3_1,7344,HACTION_SELECT13_2_4_3_1,7344,HTML_PAGE_SELECT13_2_4_3_1,select13_2_4_3_1,true
SELECT13_2_4_3_2,7345,HACTION_SELECT13_2_4_3_2,7345,HTML_PAGE_SELECT13_2_4_3_2,select13_2_4_3_2,true
SELECT13_2_4_3_3,7346,HACTION_SELECT13_2_4_3_3,7346,HTML_PAGE_SELECT13_2_4_3_3,select13_2_4_3_3,true
SELECT13_2_4_3_4,7347,HACTION_SELECT13_2_4_3_4,7347,HTML_PAGE_SELECT13_2_4_3_4,select13_2_4_3_4,true
SELECT13_2_4_4,7348,HACTION_SELECT13_2_4_4,7348,HTML_PAGE_SELECT13_2_4_4,select13_2_4_4,true
SELECT13_2_4_4_1,7349,HACTION_SELECT13_2_4_4_1,7349,HTML_PAGE_SELECT13_2_4_4_1,select13_2_4_4_1,true
SELECT13_2_4_4_2,7350,HACTION_SELECT13_2_4_4_2,7350,HTML_PAGE_SELECT13_2_4_4_2,select13_2_4_4_2,true
SELECT13_2_4_4_3,7351,HACTION_SELECT13_2_4_4_3,7351,HTML_PAGE_SELECT13_2_4_4_3,select13_2_4_4_3,true
SELECT13_2_4_4_4,7352,HACTION_SELECT13_2_4_4_4,7352,HTML_PAGE_SELECT13_2_4_4_4,select13_2_4_4_4,true
SELECT13_3,7353,HACTION_SELECT13_3,7353,HTML_PAGE_SELECT13_3,select13_3,true
SELECT13_3_1,7354,HACTION_SELECT13_3_1,7354,HTML_PAGE_SELECT13_3_1,select13_3_1,true
SELECT13_3_1_1,7355,HACTION_SELECT13_3_1_1,7355,HTML_PAGE_SELECT13_3_1_1,select13_3_1_1,true
SELECT13_3_1_1_1,7356,HACTION_SELECT13_3_1_1_1,7356,HTML_PAGE_SELECT13_3_1_1_1,select13_3_1_1_1,true
SELECT13_3_1_1_2,7357,HACTION_SELECT13_3_1_1_2,7357,HTML_PAGE_SELECT13_3_1_1_2,select13_3_1_1_2,true
SELECT13_3_1_1_3,7358,HACTION_SELECT13_3_1_1_3,7358,HTML_PAGE_SELECT13_3_1_1_3,select13_3_1_1_3,true
SELECT13_3_1_1_4,7359,HACTION_SELECT13_3_1_1_4,7359,HTML_PAGE_SELECT13_3_1_1_4,select13_3_1_1_4,true
SELECT13_3_1_2,7360,HACTION_SELECT13_3_1_2,7360,HTML_PAGE_SELECT13_3_1_2,select13_3_1_2,true
SELECT13_3_1_2_1,7361,HACTION_SELECT13_3_1_2_1,7361,HTML_PAGE_SELECT13_3_1_2_1,select13_3_1_2_1,true
SELECT13_3_1_2_2,7362,HACTION_SELECT13_3_1_2_2,7362,HTML_PAGE_SELECT13_3_1_2_2,select13_3_1_2_2,true
SELECT13_3_1_2_3,7363,HACTION_SELECT13_3_1_2_3,7363,HTML_PAGE_SELECT13_3_1_2_3,select13_3_1_2_3,true
SELECT13_3_1_2_4,7364,HACTION_SELECT13_3_1_2_4,7364,HTML_PAGE_SELECT13_3_1_2_4,select13_3_1_2_4,true
SELECT13_3_1_3,7365,HACTION_SELECT13_3_1_3,7365,HTML_PAGE_SELECT13_3_1_3,select13_3_1_3,true
SELECT13_3_1_3_1,7366,HACTION_SELECT13_3_1_3_1,7366,HTML_PAGE_SELECT13_3_1_3_1,select13_3_1_3_1,true
SELECT13_3_1_3_2,7367,HACTION_SELECT13_3_1_3_2,7367,HTML_PAGE_SELECT13_3_1_3_2,select13_3_1_3_2,true
SELECT13_3_1_3_3,7368,HACTION_SELECT13_3_1_3_3,7368,HTML_PAGE_SELECT13_3_1_3_3,select13_3_1_3_3,true
SELECT13_3_1_3_4,7369,HACTION_SELECT13_3_1_3_4,7369,HTML_PAGE_SELECT13_3_1_3_4,select13_3_1_3_4,true
SELECT13_3_1_4,7370,HACTION_SELECT13_3_1_4,7370,HTML_PAGE_SELECT13_3_1_4,select13_3_1_4,true
SELECT13_3_1_4_1,7371,HACTION_SELECT13_3_1_4_1,7371,HTML_PAGE_SELECT13_3_1_4_1,select13_3_1_4_1,true
SELECT13_3_1_4_2,7372,HACTION_SELECT13_3_1_4_2,7372,HTML_PAGE_SELECT13_3_1_4_2,select13_3_1_4_2,true
SELECT13_3_1_4_3,7373,HACTION_SELECT13_3_1_4_3,7373,HTML_PAGE_SELECT13_3_1_4_3,select13_3_1_4_3,true
SELECT13_3_1_4_4,7374,HACTION_SELECT13_3_1_4_4,7374,HTML_PAGE_SELECT13_3_1_4_4,select13_3_1_4_4,true
SELECT13_3_2,7375,HACTION_SELECT13_3_2,7375,HTML_PAGE_SELECT13_3_2,select13_3_2,true
SELECT13_3_2_1,7376,HACTION_SELECT13_3_2_1,7376,HTML_PAGE_SELECT13_3_2_1,select13_3_2_1,true
SELECT13_3_2_1_1,7377,HACTION_SELECT13_3_2_1_1,7377,HTML_PAGE_SELECT13_3_2_1_1,select13_3_2_1_1,true
SELECT13_3_2_1_2,7378,HACTION_SELECT13_3_2_1_2,7378,HTML_PAGE_SELECT13_3_2_1_2,select13_3_2_1_2,true
SELECT13_3_2_1_3,7379,HACTION_SELECT13_3_2_1_3,7379,HTML_PAGE_SELECT13_3_2_1_3,select13_3_2_1_3,true
SELECT13_3_2_1_4,7380,HACTION_SELECT13_3_2_1_4,7380,HTML_PAGE_SELECT13_3_2_1_4,select13_3_2_1_4,true
SELECT13_3_2_2,7381,HACTION_SELECT13_3_2_2,7381,HTML_PAGE_SELECT13_3_2_2,select13_3_2_2,true
SELECT13_3_2_2_1,7382,HACTION_SELECT13_3_2_2_1,7382,HTML_PAGE_SELECT13_3_2_2_1,select13_3_2_2_1,true
SELECT13_3_2_2_2,7383,HACTION_SELECT13_3_2_2_2,7383,HTML_PAGE_SELECT13_3_2_2_2,select13_3_2_2_2,true
SELECT13_3_2_2_3,7384,HACTION_SELECT13_3_2_2_3,7384,HTML_PAGE_SELECT13_3_2_2_3,select13_3_2_2_3,true
SELECT13_3_2_2_4,7385,HACTION_SELECT13_3_2_2_4,7385,HTML_PAGE_SELECT13_3_2_2_4,select13_3_2_2_4,true
SELECT13_3_2_3,7386,HACTION_SELECT13_3_2_3,7386,HTML_PAGE_SELECT13_3_2_3,select13_3_2_3,true
SELECT13_3_2_3_1,7387,HACTION_SELECT13_3_2_3_1,7387,HTML_PAGE_SELECT13_3_2_3_1,select13_3_2_3_1,true
SELECT13_3_2_3_2,7388,HACTION_SELECT13_3_2_3_2,7388,HTML_PAGE_SELECT13_3_2_3_2,select13_3_2_3_2,true
SELECT13_3_2_3_3,7389,HACTION_SELECT13_3_2_3_3,7389,HTML_PAGE_SELECT13_3_2_3_3,select13_3_2_3_3,true
SELECT13_3_2_3_4,7390,HACTION_SELECT13_3_2_3_4,7390,HTML_PAGE_SELECT13_3_2_3_4,select13_3_2_3_4,true
SELECT13_3_2_4,7391,HACTION_SELECT13_3_2_4,7391,HTML_PAGE_SELECT13_3_2_4,select13_3_2_4,true
SELECT13_3_2_4_1,7392,HACTION_SELECT13_3_2_4_1,7392,HTML_PAGE_SELECT13_3_2_4_1,select13_3_2_4_1,true
SELECT13_3_2_4_2,7393,HACTION_SELECT13_3_2_4_2,7393,HTML_PAGE_SELECT13_3_2_4_2,select13_3_2_4_2,true
SELECT13_3_2_4_3,7394,HACTION_SELECT13_3_2_4_3,7394,HTML_PAGE_SELECT13_3_2_4_3,select13_3_2_4_3,true
SELECT13_3_2_4_4,7395,HACTION_SELECT13_3_2_4_4,7395,HTML_PAGE_SELECT13_3_2_4_4,select13_3_2_4_4,true
SELECT13_3_3,7396,HACTION_SELECT13_3_3,7396,HTML_PAGE_SELECT13_3_3,select13_3_3,true
SELECT13_3_3_1,7397,HACTION_SELECT13_3_3_1,7397,HTML_PAGE_SELECT13_3_3_1,select13_3_3_1,true
SELECT13_3_3_1_1,7398,HACTION_SELECT13_3_3_1_1,7398,HTML_PAGE_SELECT13_3_3_1_1,select13_3_3_1_1,true
SELECT13_3_3_1_2,7399,HACTION_SELECT13_3_3_1_2,7399,HTML_PAGE_SELECT13_3_3_1_2,select13_3_3_1_2,true
SELECT13_3_3_1_3,7400,HACTION_SELECT13_3_3_1_3,7400,HTML_PAGE_SELECT13_3_3_1_3,select13_3_3_1_3,true
SELECT13_3_3_1_4,7401,HACTION_SELECT13_3_3_1_4,7401,HTML_PAGE_SELECT13_3_3_1_4,select13_3_3_1_4,true
SELECT13_3_3_2,7402,HACTION_SELECT13_3_3_2,7402,HTML_PAGE_SELECT13_3_3_2,select13_3_3_2,true
SELECT13_3_3_2_1,7403,HACTION_SELECT13_3_3_2_1,7403,HTML_PAGE_SELECT13_3_3_2_1,select13_3_3_2_1,true
SELECT13_3_3_2_2,7404,HACTION_SELECT13_3_3_2_2,7404,HTML_PAGE_SELECT13_3_3_2_2,select13_3_3_2_2,true
SELECT13_3_3_2_3,7405,HACTION_SELECT13_3_3_2_3,7405,HTML_PAGE_SELECT13_3_3_2_3,select13_3_3_2_3,true
SELECT13_3_3_2_4,7406,HACTION_SELECT13_3_3_2_4,7406,HTML_PAGE_SELECT13_3_3_2_4,select13_3_3_2_4,true
SELECT13_3_3_3,7407,HACTION_SELECT13_3_3_3,7407,HTML_PAGE_SELECT13_3_3_3,select13_3_3_3,true
SELECT13_3_3_3_1,7408,HACTION_SELECT13_3_3_3_1,7408,HTML_PAGE_SELECT13_3_3_3_1,select13_3_3_3_1,true
SELECT13_3_3_3_2,7409,HACTION_SELECT13_3_3_3_2,7409,HTML_PAGE_SELECT13_3_3_3_2,select13_3_3_3_2,true
SELECT13_3_3_3_3,7410,HACTION_SELECT13_3_3_3_3,7410,HTML_PAGE_SELECT13_3_3_3_3,select13_3_3_3_3,true
SELECT13_3_3_3_4,7411,HACTION_SELECT13_3_3_3_4,7411,HTML_PAGE_SELECT13_3_3_3_4,select13_3_3_3_4,true
SELECT13_3_3_4,7412,HACTION_SELECT13_3_3_4,7412,HTML_PAGE_SELECT13_3_3_4,select13_3_3_4,true
SELECT13_3_3_4_1,7413,HACTION_SELECT13_3_3_4_1,7413,HTML_PAGE_SELECT13_3_3_4_1,select13_3_3_4_1,true
SELECT13_3_3_4_2,7414,HACTION_SELECT13_3_3_4_2,7414,HTML_PAGE_SELECT13_3_3_4_2,select13_3_3_4_2,true
SELECT13_3_3_4_3,7415,HACTION_SELECT13_3_3_4_3,7415,HTML_PAGE_SELECT13_3_3_4_3,select13_3_3_4_3,true
SELECT13_3_3_4_4,7416,HACTION_SELECT13_3_3_4_4,7416,HTML_PAGE_SELECT13_3_3_4_4,select13_3_3_4_4,true
SELECT13_3_4,7417,HACTION_SELECT13_3_4,7417,HTML_PAGE_SELECT13_3_4,select13_3_4,true
SELECT13_3_4_1,7418,HACTION_SELECT13_3_4_1,7418,HTML_PAGE_SELECT13_3_4_1,select13_3_4_1,true
SELECT13_3_4_1_1,7419,HACTION_SELECT13_3_4_1_1,7419,HTML_PAGE_SELECT13_3_4_1_1,select13_3_4_1_1,true
SELECT13_3_4_1_2,7420,HACTION_SELECT13_3_4_1_2,7420,HTML_PAGE_SELECT13_3_4_1_2,select13_3_4_1_2,true
SELECT13_3_4_1_3,7421,HACTION_SELECT13_3_4_1_3,7421,HTML_PAGE_SELECT13_3_4_1_3,select13_3_4_1_3,true
SELECT13_3_4_1_4,7422,HACTION_SELECT13_3_4_1_4,7422,HTML_PAGE_SELECT13_3_4_1_4,select13_3_4_1_4,true
SELECT13_3_4_2,7423,HACTION_SELECT13_3_4_2,7423,HTML_PAGE_SELECT13_3_4_2,select13_3_4_2,true
SELECT13_3_4_2_1,7424,HACTION_SELECT13_3_4_2_1,7424,HTML_PAGE_SELECT13_3_4_2_1,select13_3_4_2_1,true
SELECT13_3_4_2_2,7425,HACTION_SELECT13_3_4_2_2,7425,HTML_PAGE_SELECT13_3_4_2_2,select13_3_4_2_2,true
SELECT13_3_4_2_3,7426,HACTION_SELECT13_3_4_2_3,7426,HTML_PAGE_SELECT13_3_4_2_3,select13_3_4_2_3,true
SELECT13_3_4_2_4,7427,HACTION_SELECT13_3_4_2_4,7427,HTML_PAGE_SELECT13_3_4_2_4,select13_3_4_2_4,true
SELECT13_3_4_3,7428,HACTION_SELECT13_3_4_3,7428,HTML_PAGE_SELECT13_3_4_3,select13_3_4_3,true
SELECT13_3_4_3_1,7429,HACTION_SELECT13_3_4_3_1,7429,HTML_PAGE_SELECT13_3_4_3_1,select13_3_4_3_1,true
SELECT13_3_4_3_2,7430,HACTION_SELECT13_3_4_3_2,7430,HTML_PAGE_SELECT13_3_4_3_2,select13_3_4_3_2,true
SELECT13_3_4_3_3,7431,HACTION_SELECT13_3_4_3_3,7431,HTML_PAGE_SELECT13_3_4_3_3,select13_3_4_3_3,true
SELECT13_3_4_3_4,7432,HACTION_SELECT13_3_4_3_4,7432,HTML_PAGE_SELECT13_3_4_3_4,select13_3_4_3_4,true
SELECT13_3_4_4,7433,HACTION_SELECT13_3_4_4,7433,HTML_PAGE_SELECT13_3_4_4,select13_3_4_4,true
SELECT13_3_4_4_1,7434,HACTION_SELECT13_3_4_4_1,7434,HTML_PAGE_SELECT13_3_4_4_1,select13_3_4_4_1,true
SELECT13_3_4_4_2,7435,HACTION_SELECT13_3_4_4_2,7435,HTML_PAGE_SELECT13_3_4_4_2,select13_3_4_4_2,true
SELECT13_3_4_4_3,7436,HACTION_SELECT13_3_4_4_3,7436,HTML_PAGE_SELECT13_3_4_4_3,select13_3_4_4_3,true
SELECT13_3_4_4_4,7437,HACTION_SELECT13_3_4_4_4,7437,HTML_PAGE_SELECT13_3_4_4_4,select13_3_4_4_4,true
SELECT13_4,7438,HACTION_SELECT13_4,7438,HTML_PAGE_SELECT13_4,select13_4,true
SELECT13_4_1,7439,HACTION_SELECT13_4_1,7439,HTML_PAGE_SELECT13_4_1,select13_4_1,true
SELECT13_4_1_1,7440,HACTION_SELECT13_4_1_1,7440,HTML_PAGE_SELECT13_4_1_1,select13_4_1_1,true
SELECT13_4_1_1_1,7441,HACTION_SELECT13_4_1_1_1,7441,HTML_PAGE_SELECT13_4_1_1_1,select13_4_1_1_1,true
SELECT13_4_1_1_2,7442,HACTION_SELECT13_4_1_1_2,7442,HTML_PAGE_SELECT13_4_1_1_2,select13_4_1_1_2,true
SELECT13_4_1_1_3,7443,HACTION_SELECT13_4_1_1_3,7443,HTML_PAGE_SELECT13_4_1_1_3,select13_4_1_1_3,true
SELECT13_4_1_1_4,7444,HACTION_SELECT13_4_1_1_4,7444,HTML_PAGE_SELECT13_4_1_1_4,select13_4_1_1_4,true
SELECT13_4_1_2,7445,HACTION_SELECT13_4_1_2,7445,HTML_PAGE_SELECT13_4_1_2,select13_4_1_2,true
SELECT13_4_1_2_1,7446,HACTION_SELECT13_4_1_2_1,7446,HTML_PAGE_SELECT13_4_1_2_1,select13_4_1_2_1,true
SELECT13_4_1_2_2,7447,HACTION_SELECT13_4_1_2_2,7447,HTML_PAGE_SELECT13_4_1_2_2,select13_4_1_2_2,true
SELECT13_4_1_2_3,7448,HACTION_SELECT13_4_1_2_3,7448,HTML_PAGE_SELECT13_4_1_2_3,select13_4_1_2_3,true
SELECT13_4_1_2_4,7449,HACTION_SELECT13_4_1_2_4,7449,HTML_PAGE_SELECT13_4_1_2_4,select13_4_1_2_4,true
SELECT13_4_1_3,7450,HACTION_SELECT13_4_1_3,7450,HTML_PAGE_SELECT13_4_1_3,select13_4_1_3,true
SELECT13_4_1_3_1,7451,HACTION_SELECT13_4_1_3_1,7451,HTML_PAGE_SELECT13_4_1_3_1,select13_4_1_3_1,true
SELECT13_4_1_3_2,7452,HACTION_SELECT13_4_1_3_2,7452,HTML_PAGE_SELECT13_4_1_3_2,select13_4_1_3_2,true
SELECT13_4_1_3_3,7453,HACTION_SELECT13_4_1_3_3,7453,HTML_PAGE_SELECT13_4_1_3_3,select13_4_1_3_3,true
SELECT13_4_1_3_4,7454,HACTION_SELECT13_4_1_3_4,7454,HTML_PAGE_SELECT13_4_1_3_4,select13_4_1_3_4,true
SELECT13_4_1_4,7455,HACTION_SELECT13_4_1_4,7455,HTML_PAGE_SELECT13_4_1_4,select13_4_1_4,true
SELECT13_4_1_4_1,7456,HACTION_SELECT13_4_1_4_1,7456,HTML_PAGE_SELECT13_4_1_4_1,select13_4_1_4_1,true
SELECT13_4_1_4_2,7457,HACTION_SELECT13_4_1_4_2,7457,HTML_PAGE_SELECT13_4_1_4_2,select13_4_1_4_2,true
SELECT13_4_1_4_3,7458,HACTION_SELECT13_4_1_4_3,7458,HTML_PAGE_SELECT13_4_1_4_3,select13_4_1_4_3,true
SELECT13_4_1_4_4,7459,HACTION_SELECT13_4_1_4_4,7459,HTML_PAGE_SELECT13_4_1_4_4,select13_4_1_4_4,true
SELECT13_4_2,7460,HACTION_SELECT13_4_2,7460,HTML_PAGE_SELECT13_4_2,select13_4_2,true
SELECT13_4_2_1,7461,HACTION_SELECT13_4_2_1,7461,HTML_PAGE_SELECT13_4_2_1,select13_4_2_1,true
SELECT13_4_2_1_1,7462,HACTION_SELECT13_4_2_1_1,7462,HTML_PAGE_SELECT13_4_2_1_1,select13_4_2_1_1,true
SELECT13_4_2_1_2,7463,HACTION_SELECT13_4_2_1_2,7463,HTML_PAGE_SELECT13_4_2_1_2,select13_4_2_1_2,true
SELECT13_4_2_1_3,7464,HACTION_SELECT13_4_2_1_3,7464,HTML_PAGE_SELECT13_4_2_1_3,select13_4_2_1_3,true
SELECT13_4_2_1_4,7465,HACTION_SELECT13_4_2_1_4,7465,HTML_PAGE_SELECT13_4_2_1_4,select13_4_2_1_4,true
SELECT13_4_2_2,7466,HACTION_SELECT13_4_2_2,7466,HTML_PAGE_SELECT13_4_2_2,select13_4_2_2,true
SELECT13_4_2_2_1,7467,HACTION_SELECT13_4_2_2_1,7467,HTML_PAGE_SELECT13_4_2_2_1,select13_4_2_2_1,true
SELECT13_4_2_2_2,7468,HACTION_SELECT13_4_2_2_2,7468,HTML_PAGE_SELECT13_4_2_2_2,select13_4_2_2_2,true
SELECT13_4_2_2_3,7469,HACTION_SELECT13_4_2_2_3,7469,HTML_PAGE_SELECT13_4_2_2_3,select13_4_2_2_3,true
SELECT13_4_2_2_4,7470,HACTION_SELECT13_4_2_2_4,7470,HTML_PAGE_SELECT13_4_2_2_4,select13_4_2_2_4,true
SELECT13_4_2_3,7471,HACTION_SELECT13_4_2_3,7471,HTML_PAGE_SELECT13_4_2_3,select13_4_2_3,true
SELECT13_4_2_3_1,7472,HACTION_SELECT13_4_2_3_1,7472,HTML_PAGE_SELECT13_4_2_3_1,select13_4_2_3_1,true
SELECT13_4_2_3_2,7473,HACTION_SELECT13_4_2_3_2,7473,HTML_PAGE_SELECT13_4_2_3_2,select13_4_2_3_2,true
SELECT13_4_2_3_3,7474,HACTION_SELECT13_4_2_3_3,7474,HTML_PAGE_SELECT13_4_2_3_3,select13_4_2_3_3,true
SELECT13_4_2_3_4,7475,HACTION_SELECT13_4_2_3_4,7475,HTML_PAGE_SELECT13_4_2_3_4,select13_4_2_3_4,true
SELECT13_4_2_4,7476,HACTION_SELECT13_4_2_4,7476,HTML_PAGE_SELECT13_4_2_4,select13_4_2_4,true
SELECT13_4_2_4_1,7477,HACTION_SELECT13_4_2_4_1,7477,HTML_PAGE_SELECT13_4_2_4_1,select13_4_2_4_1,true
SELECT13_4_2_4_2,7478,HACTION_SELECT13_4_2_4_2,7478,HTML_PAGE_SELECT13_4_2_4_2,select13_4_2_4_2,true
SELECT13_4_2_4_3,7479,HACTION_SELECT13_4_2_4_3,7479,HTML_PAGE_SELECT13_4_2_4_3,select13_4_2_4_3,true
SELECT13_4_2_4_4,7480,HACTION_SELECT13_4_2_4_4,7480,HTML_PAGE_SELECT13_4_2_4_4,select13_4_2_4_4,true
SELECT13_4_3,7481,HACTION_SELECT13_4_3,7481,HTML_PAGE_SELECT13_4_3,select13_4_3,true
SELECT13_4_3_1,7482,HACTION_SELECT13_4_3_1,7482,HTML_PAGE_SELECT13_4_3_1,select13_4_3_1,true
SELECT13_4_3_1_1,7483,HACTION_SELECT13_4_3_1_1,7483,HTML_PAGE_SELECT13_4_3_1_1,select13_4_3_1_1,true
SELECT13_4_3_1_2,7484,HACTION_SELECT13_4_3_1_2,7484,HTML_PAGE_SELECT13_4_3_1_2,select13_4_3_1_2,true
SELECT13_4_3_1_3,7485,HACTION_SELECT13_4_3_1_3,7485,HTML_PAGE_SELECT13_4_3_1_3,select13_4_3_1_3,true
SELECT13_4_3_1_4,7486,HACTION_SELECT13_4_3_1_4,7486,HTML_PAGE_SELECT13_4_3_1_4,select13_4_3_1_4,true
SELECT13_4_3_2,7487,HACTION_SELECT13_4_3_2,7487,HTML_PAGE_SELECT13_4_3_2,select13_4_3_2,true
SELECT13_4_3_2_1,7488,HACTION_SELECT13_4_3_2_1,7488,HTML_PAGE_SELECT13_4_3_2_1,select13_4_3_2_1,true
SELECT13_4_3_2_2,7489,HACTION_SELECT13_4_3_2_2,7489,HTML_PAGE_SELECT13_4_3_2_2,select13_4_3_2_2,true
SELECT13_4_3_2_3,7490,HACTION_SELECT13_4_3_2_3,7490,HTML_PAGE_SELECT13_4_3_2_3,select13_4_3_2_3,true
SELECT13_4_3_2_4,7491,HACTION_SELECT13_4_3_2_4,7491,HTML_PAGE_SELECT13_4_3_2_4,select13_4_3_2_4,true
SELECT13_4_3_3,7492,HACTION_SELECT13_4_3_3,7492,HTML_PAGE_SELECT13_4_3_3,select13_4_3_3,true
SELECT13_4_3_3_1,7493,HACTION_SELECT13_4_3_3_1,7493,HTML_PAGE_SELECT13_4_3_3_1,select13_4_3_3_1,true
SELECT13_4_3_3_2,7494,HACTION_SELECT13_4_3_3_2,7494,HTML_PAGE_SELECT13_4_3_3_2,select13_4_3_3_2,true
SELECT13_4_3_3_3,7495,HACTION_SELECT13_4_3_3_3,7495,HTML_PAGE_SELECT13_4_3_3_3,select13_4_3_3_3,true
SELECT13_4_3_3_4,7496,HACTION_SELECT13_4_3_3_4,7496,HTML_PAGE_SELECT13_4_3_3_4,select13_4_3_3_4,true
SELECT13_4_3_4,7497,HACTION_SELECT13_4_3_4,7497,HTML_PAGE_SELECT13_4_3_4,select13_4_3_4,true
SELECT13_4_3_4_1,7498,HACTION_SELECT13_4_3_4_1,7498,HTML_PAGE_SELECT13_4_3_4_1,select13_4_3_4_1,true
SELECT13_4_3_4_2,7499,HACTION_SELECT13_4_3_4_2,7499,HTML_PAGE_SELECT13_4_3_4_2,select13_4_3_4_2,true
SELECT13_4_3_4_3,7500,HACTION_SELECT13_4_3_4_3,7500,HTML_PAGE_SELECT13_4_3_4_3,select13_4_3_4_3,true
SELECT13_4_3_4_4,7501,HACTION_SELECT13_4_3_4_4,7501,HTML_PAGE_SELECT13_4_3_4_4,select13_4_3_4_4,true
SELECT13_4_4,7502,HACTION_SELECT13_4_4,7502,HTML_PAGE_SELECT13_4_4,select13_4_4,true
SELECT13_4_4_1,7503,HACTION_SELECT13_4_4_1,7503,HTML_PAGE_SELECT13_4_4_1,select13_4_4_1,true
SELECT13_4_4_1_1,7504,HACTION_SELECT13_4_4_1_1,7504,HTML_PAGE_SELECT13_4_4_1_1,select13_4_4_1_1,true
SELECT13_4_4_1_2,7505,HACTION_SELECT13_4_4_1_2,7505,HTML_PAGE_SELECT13_4_4_1_2,select13_4_4_1_2,true
SELECT13_4_4_1_3,7506,HACTION_SELECT13_4_4_1_3,7506,HTML_PAGE_SELECT13_4_4_1_3,select13_4_4_1_3,true
SELECT13_4_4_1_4,7507,HACTION_SELECT13_4_4_1_4,7507,HTML_PAGE_SELECT13_4_4_1_4,select13_4_4_1_4,true
SELECT13_4_4_2,7508,HACTION_SELECT13_4_4_2,7508,HTML_PAGE_SELECT13_4_4_2,select13_4_4_2,true
SELECT13_4_4_2_1,7509,HACTION_SELECT13_4_4_2_1,7509,HTML_PAGE_SELECT13_4_4_2_1,select13_4_4_2_1,true
SELECT13_4_4_2_2,7510,HACTION_SELECT13_4_4_2_2,7510,HTML_PAGE_SELECT13_4_4_2_2,select13_4_4_2_2,true
SELECT13_4_4_2_3,7511,HACTION_SELECT13_4_4_2_3,7511,HTML_PAGE_SELECT13_4_4_2_3,select13_4_4_2_3,true
SELECT13_4_4_2_4,7512,HACTION_SELECT13_4_4_2_4,7512,HTML_PAGE_SELECT13_4_4_2_4,select13_4_4_2_4,true
SELECT13_4_4_3,7513,HACTION_SELECT13_4_4_3,7513,HTML_PAGE_SELECT13_4_4_3,select13_4_4_3,true
SELECT13_4_4_3_1,7514,HACTION_SELECT13_4_4_3_1,7514,HTML_PAGE_SELECT13_4_4_3_1,select13_4_4_3_1,true
SELECT13_4_4_3_2,7515,HACTION_SELECT13_4_4_3_2,7515,HTML_PAGE_SELECT13_4_4_3_2,select13_4_4_3_2,true
SELECT13_4_4_3_3,7516,HACTION_SELECT13_4_4_3_3,7516,HTML_PAGE_SELECT13_4_4_3_3,select13_4_4_3_3,true
SELECT13_4_4_3_4,7517,HACTION_SELECT13_4_4_3_4,7517,HTML_PAGE_SELECT13_4_4_3_4,select13_4_4_3_4,true
SELECT13_4_4_4,7518,HACTION_SELECT13_4_4_4,7518,HTML_PAGE_SELECT13_4_4_4,select13_4_4_4,true
SELECT13_4_4_4_1,7519,HACTION_SELECT13_4_4_4_1,7519,HTML_PAGE_SELECT13_4_4_4_1,select13_4_4_4_1,true
SELECT13_4_4_4_2,7520,HACTION_SELECT13_4_4_4_2,7520,HTML_PAGE_SELECT13_4_4_4_2,select13_4_4_4_2,true
SELECT13_4_4_4_3,7521,HACTION_SELECT13_4_4_4_3,7521,HTML_PAGE_SELECT13_4_4_4_3,select13_4_4_4_3,true
SELECT13_4_4_4_4,7522,HACTION_SELECT13_4_4_4_4,7522,HTML_PAGE_SELECT13_4_4_4_4,select13_4_4_4_4,true
SELECT14,7523,HACTION_SELECT14,7523,HTML_PAGE_SELECT14,select14,true
SELECT14_1,7524,HACTION_SELECT14_1,7524,HTML_PAGE_SELECT14_1,select14_1,true
SELECT14_1_1,7525,HACTION_SELECT14_1_1,7525,HTML_PAGE_SELECT14_1_1,select14_1_1,true
SELECT14_1_1_1,7526,HACTION_SELECT14_1_1_1,7526,HTML_PAGE_SELECT14_1_1_1,select14_1_1_1,true
SELECT14_1_1_1_1,7527,HACTION_SELECT14_1_1_1_1,7527,HTML_PAGE_SELECT14_1_1_1_1,select14_1_1_1_1,true
SELECT14_1_1_1_2,7528,HACTION_SELECT14_1_1_1_2,7528,HTML_PAGE_SELECT14_1_1_1_2,select14_1_1_1_2,true
SELECT14_1_1_1_3,7529,HACTION_SELECT14_1_1_1_3,7529,HTML_PAGE_SELECT14_1_1_1_3,select14_1_1_1_3,true
SELECT14_1_1_1_4,7530,HACTION_SELECT14_1_1_1_4,7530,HTML_PAGE_SELECT14_1_1_1_4,select14_1_1_1_4,true
SELECT14_1_1_2,7531,HACTION_SELECT14_1_1_2,7531,HTML_PAGE_SELECT14_1_1_2,select14_1_1_2,true
SELECT14_1_1_2_1,7532,HACTION_SELECT14_1_1_2_1,7532,HTML_PAGE_SELECT14_1_1_2_1,select14_1_1_2_1,true
SELECT14_1_1_2_2,7533,HACTION_SELECT14_1_1_2_2,7533,HTML_PAGE_SELECT14_1_1_2_2,select14_1_1_2_2,true
SELECT14_1_1_2_3,7534,HACTION_SELECT14_1_1_2_3,7534,HTML_PAGE_SELECT14_1_1_2_3,select14_1_1_2_3,true
SELECT14_1_1_2_4,7535,HACTION_SELECT14_1_1_2_4,7535,HTML_PAGE_SELECT14_1_1_2_4,select14_1_1_2_4,true
SELECT14_1_1_3,7536,HACTION_SELECT14_1_1_3,7536,HTML_PAGE_SELECT14_1_1_3,select14_1_1_3,true
SELECT14_1_1_3_1,7537,HACTION_SELECT14_1_1_3_1,7537,HTML_PAGE_SELECT14_1_1_3_1,select14_1_1_3_1,true
SELECT14_1_1_3_2,7538,HACTION_SELECT14_1_1_3_2,7538,HTML_PAGE_SELECT14_1_1_3_2,select14_1_1_3_2,true
SELECT14_1_1_3_3,7539,HACTION_SELECT14_1_1_3_3,7539,HTML_PAGE_SELECT14_1_1_3_3,select14_1_1_3_3,true
SELECT14_1_1_3_4,7540,HACTION_SELECT14_1_1_3_4,7540,HTML_PAGE_SELECT14_1_1_3_4,select14_1_1_3_4,true
SELECT14_1_1_4,7541,HACTION_SELECT14_1_1_4,7541,HTML_PAGE_SELECT14_1_1_4,select14_1_1_4,true
SELECT14_1_1_4_1,7542,HACTION_SELECT14_1_1_4_1,7542,HTML_PAGE_SELECT14_1_1_4_1,select14_1_1_4_1,true
SELECT14_1_1_4_2,7543,HACTION_SELECT14_1_1_4_2,7543,HTML_PAGE_SELECT14_1_1_4_2,select14_1_1_4_2,true
SELECT14_1_1_4_3,7544,HACTION_SELECT14_1_1_4_3,7544,HTML_PAGE_SELECT14_1_1_4_3,select14_1_1_4_3,true
SELECT14_1_1_4_4,7545,HACTION_SELECT14_1_1_4_4,7545,HTML_PAGE_SELECT14_1_1_4_4,select14_1_1_4_4,true
SELECT14_1_2,7546,HACTION_SELECT14_1_2,7546,HTML_PAGE_SELECT14_1_2,select14_1_2,true
SELECT14_1_2_1,7547,HACTION_SELECT14_1_2_1,7547,HTML_PAGE_SELECT14_1_2_1,select14_1_2_1,true
SELECT14_1_2_1_1,7548,HACTION_SELECT14_1_2_1_1,7548,HTML_PAGE_SELECT14_1_2_1_1,select14_1_2_1_1,true
SELECT14_1_2_1_2,7549,HACTION_SELECT14_1_2_1_2,7549,HTML_PAGE_SELECT14_1_2_1_2,select14_1_2_1_2,true
SELECT14_1_2_1_3,7550,HACTION_SELECT14_1_2_1_3,7550,HTML_PAGE_SELECT14_1_2_1_3,select14_1_2_1_3,true
SELECT14_1_2_1_4,7551,HACTION_SELECT14_1_2_1_4,7551,HTML_PAGE_SELECT14_1_2_1_4,select14_1_2_1_4,true
SELECT14_1_2_2,7552,HACTION_SELECT14_1_2_2,7552,HTML_PAGE_SELECT14_1_2_2,select14_1_2_2,true
SELECT14_1_2_2_1,7553,HACTION_SELECT14_1_2_2_1,7553,HTML_PAGE_SELECT14_1_2_2_1,select14_1_2_2_1,true
SELECT14_1_2_2_2,7554,HACTION_SELECT14_1_2_2_2,7554,HTML_PAGE_SELECT14_1_2_2_2,select14_1_2_2_2,true
SELECT14_1_2_2_3,7555,HACTION_SELECT14_1_2_2_3,7555,HTML_PAGE_SELECT14_1_2_2_3,select14_1_2_2_3,true
SELECT14_1_2_2_4,7556,HACTION_SELECT14_1_2_2_4,7556,HTML_PAGE_SELECT14_1_2_2_4,select14_1_2_2_4,true
SELECT14_1_2_3,7557,HACTION_SELECT14_1_2_3,7557,HTML_PAGE_SELECT14_1_2_3,select14_1_2_3,true
SELECT14_1_2_3_1,7558,HACTION_SELECT14_1_2_3_1,7558,HTML_PAGE_SELECT14_1_2_3_1,select14_1_2_3_1,true
SELECT14_1_2_3_2,7559,HACTION_SELECT14_1_2_3_2,7559,HTML_PAGE_SELECT14_1_2_3_2,select14_1_2_3_2,true
SELECT14_1_2_3_3,7560,HACTION_SELECT14_1_2_3_3,7560,HTML_PAGE_SELECT14_1_2_3_3,select14_1_2_3_3,true
SELECT14_1_2_3_4,7561,HACTION_SELECT14_1_2_3_4,7561,HTML_PAGE_SELECT14_1_2_3_4,select14_1_2_3_4,true
SELECT14_1_2_4,7562,HACTION_SELECT14_1_2_4,7562,HTML_PAGE_SELECT14_1_2_4,select14_1_2_4,true
SELECT14_1_2_4_1,7563,HACTION_SELECT14_1_2_4_1,7563,HTML_PAGE_SELECT14_1_2_4_1,select14_1_2_4_1,true
SELECT14_1_2_4_2,7564,HACTION_SELECT14_1_2_4_2,7564,HTML_PAGE_SELECT14_1_2_4_2,select14_1_2_4_2,true
SELECT14_1_2_4_3,7565,HACTION_SELECT14_1_2_4_3,7565,HTML_PAGE_SELECT14_1_2_4_3,select14_1_2_4_3,true
SELECT14_1_2_4_4,7566,HACTION_SELECT14_1_2_4_4,7566,HTML_PAGE_SELECT14_1_2_4_4,select14_1_2_4_4,true
SELECT14_1_3,7567,HACTION_SELECT14_1_3,7567,HTML_PAGE_SELECT14_1_3,select14_1_3,true
SELECT14_1_3_1,7568,HACTION_SELECT14_1_3_1,7568,HTML_PAGE_SELECT14_1_3_1,select14_1_3_1,true
SELECT14_1_3_1_1,7569,HACTION_SELECT14_1_3_1_1,7569,HTML_PAGE_SELECT14_1_3_1_1,select14_1_3_1_1,true
SELECT14_1_3_1_2,7570,HACTION_SELECT14_1_3_1_2,7570,HTML_PAGE_SELECT14_1_3_1_2,select14_1_3_1_2,true
SELECT14_1_3_1_3,7571,HACTION_SELECT14_1_3_1_3,7571,HTML_PAGE_SELECT14_1_3_1_3,select14_1_3_1_3,true
SELECT14_1_3_1_4,7572,HACTION_SELECT14_1_3_1_4,7572,HTML_PAGE_SELECT14_1_3_1_4,select14_1_3_1_4,true
SELECT14_1_3_2,7573,HACTION_SELECT14_1_3_2,7573,HTML_PAGE_SELECT14_1_3_2,select14_1_3_2,true
SELECT14_1_3_2_1,7574,HACTION_SELECT14_1_3_2_1,7574,HTML_PAGE_SELECT14_1_3_2_1,select14_1_3_2_1,true
SELECT14_1_3_2_2,7575,HACTION_SELECT14_1_3_2_2,7575,HTML_PAGE_SELECT14_1_3_2_2,select14_1_3_2_2,true
SELECT14_1_3_2_3,7576,HACTION_SELECT14_1_3_2_3,7576,HTML_PAGE_SELECT14_1_3_2_3,select14_1_3_2_3,true
SELECT14_1_3_2_4,7577,HACTION_SELECT14_1_3_2_4,7577,HTML_PAGE_SELECT14_1_3_2_4,select14_1_3_2_4,true
SELECT14_1_3_3,7578,HACTION_SELECT14_1_3_3,7578,HTML_PAGE_SELECT14_1_3_3,select14_1_3_3,true
SELECT14_1_3_3_1,7579,HACTION_SELECT14_1_3_3_1,7579,HTML_PAGE_SELECT14_1_3_3_1,select14_1_3_3_1,true
SELECT14_1_3_3_2,7580,HACTION_SELECT14_1_3_3_2,7580,HTML_PAGE_SELECT14_1_3_3_2,select14_1_3_3_2,true
SELECT14_1_3_3_3,7581,HACTION_SELECT14_1_3_3_3,7581,HTML_PAGE_SELECT14_1_3_3_3,select14_1_3_3_3,true
SELECT14_1_3_3_4,7582,HACTION_SELECT14_1_3_3_4,7582,HTML_PAGE_SELECT14_1_3_3_4,select14_1_3_3_4,true
SELECT14_1_3_4,7583,HACTION_SELECT14_1_3_4,7583,HTML_PAGE_SELECT14_1_3_4,select14_1_3_4,true
SELECT14_1_3_4_1,7584,HACTION_SELECT14_1_3_4_1,7584,HTML_PAGE_SELECT14_1_3_4_1,select14_1_3_4_1,true
SELECT14_1_3_4_2,7585,HACTION_SELECT14_1_3_4_2,7585,HTML_PAGE_SELECT14_1_3_4_2,select14_1_3_4_2,true
SELECT14_1_3_4_3,7586,HACTION_SELECT14_1_3_4_3,7586,HTML_PAGE_SELECT14_1_3_4_3,select14_1_3_4_3,true
SELECT14_1_3_4_4,7587,HACTION_SELECT14_1_3_4_4,7587,HTML_PAGE_SELECT14_1_3_4_4,select14_1_3_4_4,true
SELECT14_1_4,7588,HACTION_SELECT14_1_4,7588,HTML_PAGE_SELECT14_1_4,select14_1_4,true
SELECT14_1_4_1,7589,HACTION_SELECT14_1_4_1,7589,HTML_PAGE_SELECT14_1_4_1,select14_1_4_1,true
SELECT14_1_4_1_1,7590,HACTION_SELECT14_1_4_1_1,7590,HTML_PAGE_SELECT14_1_4_1_1,select14_1_4_1_1,true
SELECT14_1_4_1_2,7591,HACTION_SELECT14_1_4_1_2,7591,HTML_PAGE_SELECT14_1_4_1_2,select14_1_4_1_2,true
SELECT14_1_4_1_3,7592,HACTION_SELECT14_1_4_1_3,7592,HTML_PAGE_SELECT14_1_4_1_3,select14_1_4_1_3,true
SELECT14_1_4_1_4,7593,HACTION_SELECT14_1_4_1_4,7593,HTML_PAGE_SELECT14_1_4_1_4,select14_1_4_1_4,true
SELECT14_1_4_2,7594,HACTION_SELECT14_1_4_2,7594,HTML_PAGE_SELECT14_1_4_2,select14_1_4_2,true
SELECT14_1_4_2_1,7595,HACTION_SELECT14_1_4_2_1,7595,HTML_PAGE_SELECT14_1_4_2_1,select14_1_4_2_1,true
SELECT14_1_4_2_2,7596,HACTION_SELECT14_1_4_2_2,7596,HTML_PAGE_SELECT14_1_4_2_2,select14_1_4_2_2,true
SELECT14_1_4_2_3,7597,HACTION_SELECT14_1_4_2_3,7597,HTML_PAGE_SELECT14_1_4_2_3,select14_1_4_2_3,true
SELECT14_1_4_2_4,7598,HACTION_SELECT14_1_4_2_4,7598,HTML_PAGE_SELECT14_1_4_2_4,select14_1_4_2_4,true
SELECT14_1_4_3,7599,HACTION_SELECT14_1_4_3,7599,HTML_PAGE_SELECT14_1_4_3,select14_1_4_3,true
SELECT14_1_4_3_1,7600,HACTION_SELECT14_1_4_3_1,7600,HTML_PAGE_SELECT14_1_4_3_1,select14_1_4_3_1,true
SELECT14_1_4_3_2,7601,HACTION_SELECT14_1_4_3_2,7601,HTML_PAGE_SELECT14_1_4_3_2,select14_1_4_3_2,true
SELECT14_1_4_3_3,7602,HACTION_SELECT14_1_4_3_3,7602,HTML_PAGE_SELECT14_1_4_3_3,select14_1_4_3_3,true
SELECT14_1_4_3_4,7603,HACTION_SELECT14_1_4_3_4,7603,HTML_PAGE_SELECT14_1_4_3_4,select14_1_4_3_4,true
SELECT14_1_4_4,7604,HACTION_SELECT14_1_4_4,7604,HTML_PAGE_SELECT14_1_4_4,select14_1_4_4,true
SELECT14_1_4_4_1,7605,HACTION_SELECT14_1_4_4_1,7605,HTML_PAGE_SELECT14_1_4_4_1,select14_1_4_4_1,true
SELECT14_1_4_4_2,7606,HACTION_SELECT14_1_4_4_2,7606,HTML_PAGE_SELECT14_1_4_4_2,select14_1_4_4_2,true
SELECT14_1_4_4_3,7607,HACTION_SELECT14_1_4_4_3,7607,HTML_PAGE_SELECT14_1_4_4_3,select14_1_4_4_3,true
SELECT14_1_4_4_4,7608,HACTION_SELECT14_1_4_4_4,7608,HTML_PAGE_SELECT14_1_4_4_4,select14_1_4_4_4,true
SELECT14_2,7609,HACTION_SELECT14_2,7609,HTML_PAGE_SELECT14_2,select14_2,true
SELECT14_2_1,7610,HACTION_SELECT14_2_1,7610,HTML_PAGE_SELECT14_2_1,select14_2_1,true
SELECT14_2_1_1,7611,HACTION_SELECT14_2_1_1,7611,HTML_PAGE_SELECT14_2_1_1,select14_2_1_1,true
SELECT14_2_1_1_1,7612,HACTION_SELECT14_2_1_1_1,7612,HTML_PAGE_SELECT14_2_1_1_1,select14_2_1_1_1,true
SELECT14_2_1_1_2,7613,HACTION_SELECT14_2_1_1_2,7613,HTML_PAGE_SELECT14_2_1_1_2,select14_2_1_1_2,true
SELECT14_2_1_1_3,7614,HACTION_SELECT14_2_1_1_3,7614,HTML_PAGE_SELECT14_2_1_1_3,select14_2_1_1_3,true
SELECT14_2_1_1_4,7615,HACTION_SELECT14_2_1_1_4,7615,HTML_PAGE_SELECT14_2_1_1_4,select14_2_1_1_4,true
SELECT14_2_1_2,7616,HACTION_SELECT14_2_1_2,7616,HTML_PAGE_SELECT14_2_1_2,select14_2_1_2,true
SELECT14_2_1_2_1,7617,HACTION_SELECT14_2_1_2_1,7617,HTML_PAGE_SELECT14_2_1_2_1,select14_2_1_2_1,true
SELECT14_2_1_2_2,7618,HACTION_SELECT14_2_1_2_2,7618,HTML_PAGE_SELECT14_2_1_2_2,select14_2_1_2_2,true
SELECT14_2_1_2_3,7619,HACTION_SELECT14_2_1_2_3,7619,HTML_PAGE_SELECT14_2_1_2_3,select14_2_1_2_3,true
SELECT14_2_1_2_4,7620,HACTION_SELECT14_2_1_2_4,7620,HTML_PAGE_SELECT14_2_1_2_4,select14_2_1_2_4,true
SELECT14_2_1_3,7621,HACTION_SELECT14_2_1_3,7621,HTML_PAGE_SELECT14_2_1_3,select14_2_1_3,true
SELECT14_2_1_3_1,7622,HACTION_SELECT14_2_1_3_1,7622,HTML_PAGE_SELECT14_2_1_3_1,select14_2_1_3_1,true
SELECT14_2_1_3_2,7623,HACTION_SELECT14_2_1_3_2,7623,HTML_PAGE_SELECT14_2_1_3_2,select14_2_1_3_2,true
SELECT14_2_1_3_3,7624,HACTION_SELECT14_2_1_3_3,7624,HTML_PAGE_SELECT14_2_1_3_3,select14_2_1_3_3,true
SELECT14_2_1_3_4,7625,HACTION_SELECT14_2_1_3_4,7625,HTML_PAGE_SELECT14_2_1_3_4,select14_2_1_3_4,true
SELECT14_2_1_4,7626,HACTION_SELECT14_2_1_4,7626,HTML_PAGE_SELECT14_2_1_4,select14_2_1_4,true
SELECT14_2_1_4_1,7627,HACTION_SELECT14_2_1_4_1,7627,HTML_PAGE_SELECT14_2_1_4_1,select14_2_1_4_1,true
SELECT14_2_1_4_2,7628,HACTION_SELECT14_2_1_4_2,7628,HTML_PAGE_SELECT14_2_1_4_2,select14_2_1_4_2,true
SELECT14_2_1_4_3,7629,HACTION_SELECT14_2_1_4_3,7629,HTML_PAGE_SELECT14_2_1_4_3,select14_2_1_4_3,true
SELECT14_2_1_4_4,7630,HACTION_SELECT14_2_1_4_4,7630,HTML_PAGE_SELECT14_2_1_4_4,select14_2_1_4_4,true
SELECT14_2_2,7631,HACTION_SELECT14_2_2,7631,HTML_PAGE_SELECT14_2_2,select14_2_2,true
SELECT14_2_2_1,7632,HACTION_SELECT14_2_2_1,7632,HTML_PAGE_SELECT14_2_2_1,select14_2_2_1,true
SELECT14_2_2_1_1,7633,HACTION_SELECT14_2_2_1_1,7633,HTML_PAGE_SELECT14_2_2_1_1,select14_2_2_1_1,true
SELECT14_2_2_1_2,7634,HACTION_SELECT14_2_2_1_2,7634,HTML_PAGE_SELECT14_2_2_1_2,select14_2_2_1_2,true
SELECT14_2_2_1_3,7635,HACTION_SELECT14_2_2_1_3,7635,HTML_PAGE_SELECT14_2_2_1_3,select14_2_2_1_3,true
SELECT14_2_2_1_4,7636,HACTION_SELECT14_2_2_1_4,7636,HTML_PAGE_SELECT14_2_2_1_4,select14_2_2_1_4,true
SELECT14_2_2_2,7637,HACTION_SELECT14_2_2_2,7637,HTML_PAGE_SELECT14_2_2_2,select14_2_2_2,true
SELECT14_2_2_2_1,7638,HACTION_SELECT14_2_2_2_1,7638,HTML_PAGE_SELECT14_2_2_2_1,select14_2_2_2_1,true
SELECT14_2_2_2_2,7639,HACTION_SELECT14_2_2_2_2,7639,HTML_PAGE_SELECT14_2_2_2_2,select14_2_2_2_2,true
SELECT14_2_2_2_3,7640,HACTION_SELECT14_2_2_2_3,7640,HTML_PAGE_SELECT14_2_2_2_3,select14_2_2_2_3,true
SELECT14_2_2_2_4,7641,HACTION_SELECT14_2_2_2_4,7641,HTML_PAGE_SELECT14_2_2_2_4,select14_2_2_2_4,true
SELECT14_2_2_3,7642,HACTION_SELECT14_2_2_3,7642,HTML_PAGE_SELECT14_2_2_3,select14_2_2_3,true
SELECT14_2_2_3_1,7643,HACTION_SELECT14_2_2_3_1,7643,HTML_PAGE_SELECT14_2_2_3_1,select14_2_2_3_1,true
SELECT14_2_2_3_2,7644,HACTION_SELECT14_2_2_3_2,7644,HTML_PAGE_SELECT14_2_2_3_2,select14_2_2_3_2,true
SELECT14_2_2_3_3,7645,HACTION_SELECT14_2_2_3_3,7645,HTML_PAGE_SELECT14_2_2_3_3,select14_2_2_3_3,true
SELECT14_2_2_3_4,7646,HACTION_SELECT14_2_2_3_4,7646,HTML_PAGE_SELECT14_2_2_3_4,select14_2_2_3_4,true
SELECT14_2_2_4,7647,HACTION_SELECT14_2_2_4,7647,HTML_PAGE_SELECT14_2_2_4,select14_2_2_4,true
SELECT14_2_2_4_1,7648,HACTION_SELECT14_2_2_4_1,7648,HTML_PAGE_SELECT14_2_2_4_1,select14_2_2_4_1,true
SELECT14_2_2_4_2,7649,HACTION_SELECT14_2_2_4_2,7649,HTML_PAGE_SELECT14_2_2_4_2,select14_2_2_4_2,true
SELECT14_2_2_4_3,7650,HACTION_SELECT14_2_2_4_3,7650,HTML_PAGE_SELECT14_2_2_4_3,select14_2_2_4_3,true
SELECT14_2_2_4_4,7651,HACTION_SELECT14_2_2_4_4,7651,HTML_PAGE_SELECT14_2_2_4_4,select14_2_2_4_4,true
SELECT14_2_3,7652,HACTION_SELECT14_2_3,7652,HTML_PAGE_SELECT14_2_3,select14_2_3,true
SELECT14_2_3_1,7653,HACTION_SELECT14_2_3_1,7653,HTML_PAGE_SELECT14_2_3_1,select14_2_3_1,true
SELECT14_2_3_1_1,7654,HACTION_SELECT14_2_3_1_1,7654,HTML_PAGE_SELECT14_2_3_1_1,select14_2_3_1_1,true
SELECT14_2_3_1_2,7655,HACTION_SELECT14_2_3_1_2,7655,HTML_PAGE_SELECT14_2_3_1_2,select14_2_3_1_2,true
SELECT14_2_3_1_3,7656,HACTION_SELECT14_2_3_1_3,7656,HTML_PAGE_SELECT14_2_3_1_3,select14_2_3_1_3,true
SELECT14_2_3_1_4,7657,HACTION_SELECT14_2_3_1_4,7657,HTML_PAGE_SELECT14_2_3_1_4,select14_2_3_1_4,true
SELECT14_2_3_2,7658,HACTION_SELECT14_2_3_2,7658,HTML_PAGE_SELECT14_2_3_2,select14_2_3_2,true
SELECT14_2_3_2_1,7659,HACTION_SELECT14_2_3_2_1,7659,HTML_PAGE_SELECT14_2_3_2_1,select14_2_3_2_1,true
SELECT14_2_3_2_2,7660,HACTION_SELECT14_2_3_2_2,7660,HTML_PAGE_SELECT14_2_3_2_2,select14_2_3_2_2,true
SELECT14_2_3_2_3,7661,HACTION_SELECT14_2_3_2_3,7661,HTML_PAGE_SELECT14_2_3_2_3,select14_2_3_2_3,true
SELECT14_2_3_2_4,7662,HACTION_SELECT14_2_3_2_4,7662,HTML_PAGE_SELECT14_2_3_2_4,select14_2_3_2_4,true
SELECT14_2_3_3,7663,HACTION_SELECT14_2_3_3,7663,HTML_PAGE_SELECT14_2_3_3,select14_2_3_3,true
SELECT14_2_3_3_1,7664,HACTION_SELECT14_2_3_3_1,7664,HTML_PAGE_SELECT14_2_3_3_1,select14_2_3_3_1,true
SELECT14_2_3_3_2,7665,HACTION_SELECT14_2_3_3_2,7665,HTML_PAGE_SELECT14_2_3_3_2,select14_2_3_3_2,true
SELECT14_2_3_3_3,7666,HACTION_SELECT14_2_3_3_3,7666,HTML_PAGE_SELECT14_2_3_3_3,select14_2_3_3_3,true
SELECT14_2_3_3_4,7667,HACTION_SELECT14_2_3_3_4,7667,HTML_PAGE_SELECT14_2_3_3_4,select14_2_3_3_4,true
SELECT14_2_3_4,7668,HACTION_SELECT14_2_3_4,7668,HTML_PAGE_SELECT14_2_3_4,select14_2_3_4,true
SELECT14_2_3_4_1,7669,HACTION_SELECT14_2_3_4_1,7669,HTML_PAGE_SELECT14_2_3_4_1,select14_2_3_4_1,true
SELECT14_2_3_4_2,7670,HACTION_SELECT14_2_3_4_2,7670,HTML_PAGE_SELECT14_2_3_4_2,select14_2_3_4_2,true
SELECT14_2_3_4_3,7671,HACTION_SELECT14_2_3_4_3,7671,HTML_PAGE_SELECT14_2_3_4_3,select14_2_3_4_3,true
SELECT14_2_3_4_4,7672,HACTION_SELECT14_2_3_4_4,7672,HTML_PAGE_SELECT14_2_3_4_4,select14_2_3_4_4,true
SELECT14_2_4,7673,HACTION_SELECT14_2_4,7673,HTML_PAGE_SELECT14_2_4,select14_2_4,true
SELECT14_2_4_1,7674,HACTION_SELECT14_2_4_1,7674,HTML_PAGE_SELECT14_2_4_1,select14_2_4_1,true
SELECT14_2_4_1_1,7675,HACTION_SELECT14_2_4_1_1,7675,HTML_PAGE_SELECT14_2_4_1_1,select14_2_4_1_1,true
SELECT14_2_4_1_2,7676,HACTION_SELECT14_2_4_1_2,7676,HTML_PAGE_SELECT14_2_4_1_2,select14_2_4_1_2,true
SELECT14_2_4_1_3,7677,HACTION_SELECT14_2_4_1_3,7677,HTML_PAGE_SELECT14_2_4_1_3,select14_2_4_1_3,true
SELECT14_2_4_1_4,7678,HACTION_SELECT14_2_4_1_4,7678,HTML_PAGE_SELECT14_2_4_1_4,select14_2_4_1_4,true
SELECT14_2_4_2,7679,HACTION_SELECT14_2_4_2,7679,HTML_PAGE_SELECT14_2_4_2,select14_2_4_2,true
SELECT14_2_4_2_1,7680,HACTION_SELECT14_2_4_2_1,7680,HTML_PAGE_SELECT14_2_4_2_1,select14_2_4_2_1,true
SELECT14_2_4_2_2,7681,HACTION_SELECT14_2_4_2_2,7681,HTML_PAGE_SELECT14_2_4_2_2,select14_2_4_2_2,true
SELECT14_2_4_2_3,7682,HACTION_SELECT14_2_4_2_3,7682,HTML_PAGE_SELECT14_2_4_2_3,select14_2_4_2_3,true
SELECT14_2_4_2_4,7683,HACTION_SELECT14_2_4_2_4,7683,HTML_PAGE_SELECT14_2_4_2_4,select14_2_4_2_4,true
SELECT14_2_4_3,7684,HACTION_SELECT14_2_4_3,7684,HTML_PAGE_SELECT14_2_4_3,select14_2_4_3,true
SELECT14_2_4_3_1,7685,HACTION_SELECT14_2_4_3_1,7685,HTML_PAGE_SELECT14_2_4_3_1,select14_2_4_3_1,true
SELECT14_2_4_3_2,7686,HACTION_SELECT14_2_4_3_2,7686,HTML_PAGE_SELECT14_2_4_3_2,select14_2_4_3_2,true
SELECT14_2_4_3_3,7687,HACTION_SELECT14_2_4_3_3,7687,HTML_PAGE_SELECT14_2_4_3_3,select14_2_4_3_3,true
SELECT14_2_4_3_4,7688,HACTION_SELECT14_2_4_3_4,7688,HTML_PAGE_SELECT14_2_4_3_4,select14_2_4_3_4,true
SELECT14_2_4_4,7689,HACTION_SELECT14_2_4_4,7689,HTML_PAGE_SELECT14_2_4_4,select14_2_4_4,true
SELECT14_2_4_4_1,7690,HACTION_SELECT14_2_4_4_1,7690,HTML_PAGE_SELECT14_2_4_4_1,select14_2_4_4_1,true
SELECT14_2_4_4_2,7691,HACTION_SELECT14_2_4_4_2,7691,HTML_PAGE_SELECT14_2_4_4_2,select14_2_4_4_2,true
SELECT14_2_4_4_3,7692,HACTION_SELECT14_2_4_4_3,7692,HTML_PAGE_SELECT14_2_4_4_3,select14_2_4_4_3,true
SELECT14_2_4_4_4,7693,HACTION_SELECT14_2_4_4_4,7693,HTML_PAGE_SELECT14_2_4_4_4,select14_2_4_4_4,true
SELECT14_3,7694,HACTION_SELECT14_3,7694,HTML_PAGE_SELECT14_3,select14_3,true
SELECT14_3_1,7695,HACTION_SELECT14_3_1,7695,HTML_PAGE_SELECT14_3_1,select14_3_1,true
SELECT14_3_1_1,7696,HACTION_SELECT14_3_1_1,7696,HTML_PAGE_SELECT14_3_1_1,select14_3_1_1,true
SELECT14_3_1_1_1,7697,HACTION_SELECT14_3_1_1_1,7697,HTML_PAGE_SELECT14_3_1_1_1,select14_3_1_1_1,true
SELECT14_3_1_1_2,7698,HACTION_SELECT14_3_1_1_2,7698,HTML_PAGE_SELECT14_3_1_1_2,select14_3_1_1_2,true
SELECT14_3_1_1_3,7699,HACTION_SELECT14_3_1_1_3,7699,HTML_PAGE_SELECT14_3_1_1_3,select14_3_1_1_3,true
SELECT14_3_1_1_4,7700,HACTION_SELECT14_3_1_1_4,7700,HTML_PAGE_SELECT14_3_1_1_4,select14_3_1_1_4,true
SELECT14_3_1_2,7701,HACTION_SELECT14_3_1_2,7701,HTML_PAGE_SELECT14_3_1_2,select14_3_1_2,true
SELECT14_3_1_2_1,7702,HACTION_SELECT14_3_1_2_1,7702,HTML_PAGE_SELECT14_3_1_2_1,select14_3_1_2_1,true
SELECT14_3_1_2_2,7703,HACTION_SELECT14_3_1_2_2,7703,HTML_PAGE_SELECT14_3_1_2_2,select14_3_1_2_2,true
SELECT14_3_1_2_3,7704,HACTION_SELECT14_3_1_2_3,7704,HTML_PAGE_SELECT14_3_1_2_3,select14_3_1_2_3,true
SELECT14_3_1_2_4,7705,HACTION_SELECT14_3_1_2_4,7705,HTML_PAGE_SELECT14_3_1_2_4,select14_3_1_2_4,true
SELECT14_3_1_3,7706,HACTION_SELECT14_3_1_3,7706,HTML_PAGE_SELECT14_3_1_3,select14_3_1_3,true
SELECT14_3_1_3_1,7707,HACTION_SELECT14_3_1_3_1,7707,HTML_PAGE_SELECT14_3_1_3_1,select14_3_1_3_1,true
SELECT14_3_1_3_2,7708,HACTION_SELECT14_3_1_3_2,7708,HTML_PAGE_SELECT14_3_1_3_2,select14_3_1_3_2,true
SELECT14_3_1_3_3,7709,HACTION_SELECT14_3_1_3_3,7709,HTML_PAGE_SELECT14_3_1_3_3,select14_3_1_3_3,true
SELECT14_3_1_3_4,7710,HACTION_SELECT14_3_1_3_4,7710,HTML_PAGE_SELECT14_3_1_3_4,select14_3_1_3_4,true
SELECT14_3_1_4,7711,HACTION_SELECT14_3_1_4,7711,HTML_PAGE_SELECT14_3_1_4,select14_3_1_4,true
SELECT14_3_1_4_1,7712,HACTION_SELECT14_3_1_4_1,7712,HTML_PAGE_SELECT14_3_1_4_1,select14_3_1_4_1,true
SELECT14_3_1_4_2,7713,HACTION_SELECT14_3_1_4_2,7713,HTML_PAGE_SELECT14_3_1_4_2,select14_3_1_4_2,true
SELECT14_3_1_4_3,7714,HACTION_SELECT14_3_1_4_3,7714,HTML_PAGE_SELECT14_3_1_4_3,select14_3_1_4_3,true
SELECT14_3_1_4_4,7715,HACTION_SELECT14_3_1_4_4,7715,HTML_PAGE_SELECT14_3_1_4_4,select14_3_1_4_4,true
SELECT14_3_2,7716,HACTION_SELECT14_3_2,7716,HTML_PAGE_SELECT14_3_2,select14_3_2,true
SELECT14_3_2_1,7717,HACTION_SELECT14_3_2_1,7717,HTML_PAGE_SELECT14_3_2_1,select14_3_2_1,true
SELECT14_3_2_1_1,7718,HACTION_SELECT14_3_2_1_1,7718,HTML_PAGE_SELECT14_3_2_1_1,select14_3_2_1_1,true
SELECT14_3_2_1_2,7719,HACTION_SELECT14_3_2_1_2,7719,HTML_PAGE_SELECT14_3_2_1_2,select14_3_2_1_2,true
SELECT14_3_2_1_3,7720,HACTION_SELECT14_3_2_1_3,7720,HTML_PAGE_SELECT14_3_2_1_3,select14_3_2_1_3,true
SELECT14_3_2_1_4,7721,HACTION_SELECT14_3_2_1_4,7721,HTML_PAGE_SELECT14_3_2_1_4,select14_3_2_1_4,true
SELECT14_3_2_2,7722,HACTION_SELECT14_3_2_2,7722,HTML_PAGE_SELECT14_3_2_2,select14_3_2_2,true
SELECT14_3_2_2_1,7723,HACTION_SELECT14_3_2_2_1,7723,HTML_PAGE_SELECT14_3_2_2_1,select14_3_2_2_1,true
SELECT14_3_2_2_2,7724,HACTION_SELECT14_3_2_2_2,7724,HTML_PAGE_SELECT14_3_2_2_2,select14_3_2_2_2,true
SELECT14_3_2_2_3,7725,HACTION_SELECT14_3_2_2_3,7725,HTML_PAGE_SELECT14_3_2_2_3,select14_3_2_2_3,true
SELECT14_3_2_2_4,7726,HACTION_SELECT14_3_2_2_4,7726,HTML_PAGE_SELECT14_3_2_2_4,select14_3_2_2_4,true
SELECT14_3_2_3,7727,HACTION_SELECT14_3_2_3,7727,HTML_PAGE_SELECT14_3_2_3,select14_3_2_3,true
SELECT14_3_2_3_1,7728,HACTION_SELECT14_3_2_3_1,7728,HTML_PAGE_SELECT14_3_2_3_1,select14_3_2_3_1,true
SELECT14_3_2_3_2,7729,HACTION_SELECT14_3_2_3_2,7729,HTML_PAGE_SELECT14_3_2_3_2,select14_3_2_3_2,true
SELECT14_3_2_3_3,7730,HACTION_SELECT14_3_2_3_3,7730,HTML_PAGE_SELECT14_3_2_3_3,select14_3_2_3_3,true
SELECT14_3_2_3_4,7731,HACTION_SELECT14_3_2_3_4,7731,HTML_PAGE_SELECT14_3_2_3_4,select14_3_2_3_4,true
SELECT14_3_2_4,7732,HACTION_SELECT14_3_2_4,7732,HTML_PAGE_SELECT14_3_2_4,select14_3_2_4,true
SELECT14_3_2_4_1,7733,HACTION_SELECT14_3_2_4_1,7733,HTML_PAGE_SELECT14_3_2_4_1,select14_3_2_4_1,true
SELECT14_3_2_4_2,7734,HACTION_SELECT14_3_2_4_2,7734,HTML_PAGE_SELECT14_3_2_4_2,select14_3_2_4_2,true
SELECT14_3_2_4_3,7735,HACTION_SELECT14_3_2_4_3,7735,HTML_PAGE_SELECT14_3_2_4_3,select14_3_2_4_3,true
SELECT14_3_2_4_4,7736,HACTION_SELECT14_3_2_4_4,7736,HTML_PAGE_SELECT14_3_2_4_4,select14_3_2_4_4,true
SELECT14_3_3,7737,HACTION_SELECT14_3_3,7737,HTML_PAGE_SELECT14_3_3,select14_3_3,true
SELECT14_3_3_1,7738,HACTION_SELECT14_3_3_1,7738,HTML_PAGE_SELECT14_3_3_1,select14_3_3_1,true
SELECT14_3_3_1_1,7739,HACTION_SELECT14_3_3_1_1,7739,HTML_PAGE_SELECT14_3_3_1_1,select14_3_3_1_1,true
SELECT14_3_3_1_2,7740,HACTION_SELECT14_3_3_1_2,7740,HTML_PAGE_SELECT14_3_3_1_2,select14_3_3_1_2,true
SELECT14_3_3_1_3,7741,HACTION_SELECT14_3_3_1_3,7741,HTML_PAGE_SELECT14_3_3_1_3,select14_3_3_1_3,true
SELECT14_3_3_1_4,7742,HACTION_SELECT14_3_3_1_4,7742,HTML_PAGE_SELECT14_3_3_1_4,select14_3_3_1_4,true
SELECT14_3_3_2,7743,HACTION_SELECT14_3_3_2,7743,HTML_PAGE_SELECT14_3_3_2,select14_3_3_2,true
SELECT14_3_3_2_1,7744,HACTION_SELECT14_3_3_2_1,7744,HTML_PAGE_SELECT14_3_3_2_1,select14_3_3_2_1,true
SELECT14_3_3_2_2,7745,HACTION_SELECT14_3_3_2_2,7745,HTML_PAGE_SELECT14_3_3_2_2,select14_3_3_2_2,true
SELECT14_3_3_2_3,7746,HACTION_SELECT14_3_3_2_3,7746,HTML_PAGE_SELECT14_3_3_2_3,select14_3_3_2_3,true
SELECT14_3_3_2_4,7747,HACTION_SELECT14_3_3_2_4,7747,HTML_PAGE_SELECT14_3_3_2_4,select14_3_3_2_4,true
SELECT14_3_3_3,7748,HACTION_SELECT14_3_3_3,7748,HTML_PAGE_SELECT14_3_3_3,select14_3_3_3,true
SELECT14_3_3_3_1,7749,HACTION_SELECT14_3_3_3_1,7749,HTML_PAGE_SELECT14_3_3_3_1,select14_3_3_3_1,true
SELECT14_3_3_3_2,7750,HACTION_SELECT14_3_3_3_2,7750,HTML_PAGE_SELECT14_3_3_3_2,select14_3_3_3_2,true
SELECT14_3_3_3_3,7751,HACTION_SELECT14_3_3_3_3,7751,HTML_PAGE_SELECT14_3_3_3_3,select14_3_3_3_3,true
SELECT14_3_3_3_4,7752,HACTION_SELECT14_3_3_3_4,7752,HTML_PAGE_SELECT14_3_3_3_4,select14_3_3_3_4,true
SELECT14_3_3_4,7753,HACTION_SELECT14_3_3_4,7753,HTML_PAGE_SELECT14_3_3_4,select14_3_3_4,true
SELECT14_3_3_4_1,7754,HACTION_SELECT14_3_3_4_1,7754,HTML_PAGE_SELECT14_3_3_4_1,select14_3_3_4_1,true
SELECT14_3_3_4_2,7755,HACTION_SELECT14_3_3_4_2,7755,HTML_PAGE_SELECT14_3_3_4_2,select14_3_3_4_2,true
SELECT14_3_3_4_3,7756,HACTION_SELECT14_3_3_4_3,7756,HTML_PAGE_SELECT14_3_3_4_3,select14_3_3_4_3,true
SELECT14_3_3_4_4,7757,HACTION_SELECT14_3_3_4_4,7757,HTML_PAGE_SELECT14_3_3_4_4,select14_3_3_4_4,true
SELECT14_3_4,7758,HACTION_SELECT14_3_4,7758,HTML_PAGE_SELECT14_3_4,select14_3_4,true
SELECT14_3_4_1,7759,HACTION_SELECT14_3_4_1,7759,HTML_PAGE_SELECT14_3_4_1,select14_3_4_1,true
SELECT14_3_4_1_1,7760,HACTION_SELECT14_3_4_1_1,7760,HTML_PAGE_SELECT14_3_4_1_1,select14_3_4_1_1,true
SELECT14_3_4_1_2,7761,HACTION_SELECT14_3_4_1_2,7761,HTML_PAGE_SELECT14_3_4_1_2,select14_3_4_1_2,true
SELECT14_3_4_1_3,7762,HACTION_SELECT14_3_4_1_3,7762,HTML_PAGE_SELECT14_3_4_1_3,select14_3_4_1_3,true
SELECT14_3_4_1_4,7763,HACTION_SELECT14_3_4_1_4,7763,HTML_PAGE_SELECT14_3_4_1_4,select14_3_4_1_4,true
SELECT14_3_4_2,7764,HACTION_SELECT14_3_4_2,7764,HTML_PAGE_SELECT14_3_4_2,select14_3_4_2,true
SELECT14_3_4_2_1,7765,HACTION_SELECT14_3_4_2_1,7765,HTML_PAGE_SELECT14_3_4_2_1,select14_3_4_2_1,true
SELECT14_3_4_2_2,7766,HACTION_SELECT14_3_4_2_2,7766,HTML_PAGE_SELECT14_3_4_2_2,select14_3_4_2_2,true
SELECT14_3_4_2_3,7767,HACTION_SELECT14_3_4_2_3,7767,HTML_PAGE_SELECT14_3_4_2_3,select14_3_4_2_3,true
SELECT14_3_4_2_4,7768,HACTION_SELECT14_3_4_2_4,7768,HTML_PAGE_SELECT14_3_4_2_4,select14_3_4_2_4,true
SELECT14_3_4_3,7769,HACTION_SELECT14_3_4_3,7769,HTML_PAGE_SELECT14_3_4_3,select14_3_4_3,true
SELECT14_3_4_3_1,7770,HACTION_SELECT14_3_4_3_1,7770,HTML_PAGE_SELECT14_3_4_3_1,select14_3_4_3_1,true
SELECT14_3_4_3_2,7771,HACTION_SELECT14_3_4_3_2,7771,HTML_PAGE_SELECT14_3_4_3_2,select14_3_4_3_2,true
SELECT14_3_4_3_3,7772,HACTION_SELECT14_3_4_3_3,7772,HTML_PAGE_SELECT14_3_4_3_3,select14_3_4_3_3,true
SELECT14_3_4_3_4,7773,HACTION_SELECT14_3_4_3_4,7773,HTML_PAGE_SELECT14_3_4_3_4,select14_3_4_3_4,true
SELECT14_3_4_4,7774,HACTION_SELECT14_3_4_4,7774,HTML_PAGE_SELECT14_3_4_4,select14_3_4_4,true
SELECT14_3_4_4_1,7775,HACTION_SELECT14_3_4_4_1,7775,HTML_PAGE_SELECT14_3_4_4_1,select14_3_4_4_1,true
SELECT14_3_4_4_2,7776,HACTION_SELECT14_3_4_4_2,7776,HTML_PAGE_SELECT14_3_4_4_2,select14_3_4_4_2,true
SELECT14_3_4_4_3,7777,HACTION_SELECT14_3_4_4_3,7777,HTML_PAGE_SELECT14_3_4_4_3,select14_3_4_4_3,true
SELECT14_3_4_4_4,7778,HACTION_SELECT14_3_4_4_4,7778,HTML_PAGE_SELECT14_3_4_4_4,select14_3_4_4_4,true
SELECT14_4,7779,HACTION_SELECT14_4,7779,HTML_PAGE_SELECT14_4,select14_4,true
SELECT14_4_1,7780,HACTION_SELECT14_4_1,7780,HTML_PAGE_SELECT14_4_1,select14_4_1,true
SELECT14_4_1_1,7781,HACTION_SELECT14_4_1_1,7781,HTML_PAGE_SELECT14_4_1_1,select14_4_1_1,true
SELECT14_4_1_1_1,7782,HACTION_SELECT14_4_1_1_1,7782,HTML_PAGE_SELECT14_4_1_1_1,select14_4_1_1_1,true
SELECT14_4_1_1_2,7783,HACTION_SELECT14_4_1_1_2,7783,HTML_PAGE_SELECT14_4_1_1_2,select14_4_1_1_2,true
SELECT14_4_1_1_3,7784,HACTION_SELECT14_4_1_1_3,7784,HTML_PAGE_SELECT14_4_1_1_3,select14_4_1_1_3,true
SELECT14_4_1_1_4,7785,HACTION_SELECT14_4_1_1_4,7785,HTML_PAGE_SELECT14_4_1_1_4,select14_4_1_1_4,true
SELECT14_4_1_2,7786,HACTION_SELECT14_4_1_2,7786,HTML_PAGE_SELECT14_4_1_2,select14_4_1_2,true
SELECT14_4_1_2_1,7787,HACTION_SELECT14_4_1_2_1,7787,HTML_PAGE_SELECT14_4_1_2_1,select14_4_1_2_1,true
SELECT14_4_1_2_2,7788,HACTION_SELECT14_4_1_2_2,7788,HTML_PAGE_SELECT14_4_1_2_2,select14_4_1_2_2,true
SELECT14_4_1_2_3,7789,HACTION_SELECT14_4_1_2_3,7789,HTML_PAGE_SELECT14_4_1_2_3,select14_4_1_2_3,true
SELECT14_4_1_2_4,7790,HACTION_SELECT14_4_1_2_4,7790,HTML_PAGE_SELECT14_4_1_2_4,select14_4_1_2_4,true
SELECT14_4_1_3,7791,HACTION_SELECT14_4_1_3,7791,HTML_PAGE_SELECT14_4_1_3,select14_4_1_3,true
SELECT14_4_1_3_1,7792,HACTION_SELECT14_4_1_3_1,7792,HTML_PAGE_SELECT14_4_1_3_1,select14_4_1_3_1,true
SELECT14_4_1_3_2,7793,HACTION_SELECT14_4_1_3_2,7793,HTML_PAGE_SELECT14_4_1_3_2,select14_4_1_3_2,true
SELECT14_4_1_3_3,7794,HACTION_SELECT14_4_1_3_3,7794,HTML_PAGE_SELECT14_4_1_3_3,select14_4_1_3_3,true
SELECT14_4_1_3_4,7795,HACTION_SELECT14_4_1_3_4,7795,HTML_PAGE_SELECT14_4_1_3_4,select14_4_1_3_4,true
SELECT14_4_1_4,7796,HACTION_SELECT14_4_1_4,7796,HTML_PAGE_SELECT14_4_1_4,select14_4_1_4,true
SELECT14_4_1_4_1,7797,HACTION_SELECT14_4_1_4_1,7797,HTML_PAGE_SELECT14_4_1_4_1,select14_4_1_4_1,true
SELECT14_4_1_4_2,7798,HACTION_SELECT14_4_1_4_2,7798,HTML_PAGE_SELECT14_4_1_4_2,select14_4_1_4_2,true
SELECT14_4_1_4_3,7799,HACTION_SELECT14_4_1_4_3,7799,HTML_PAGE_SELECT14_4_1_4_3,select14_4_1_4_3,true
SELECT14_4_1_4_4,7800,HACTION_SELECT14_4_1_4_4,7800,HTML_PAGE_SELECT14_4_1_4_4,select14_4_1_4_4,true
SELECT14_4_2,7801,HACTION_SELECT14_4_2,7801,HTML_PAGE_SELECT14_4_2,select14_4_2,true
SELECT14_4_2_1,7802,HACTION_SELECT14_4_2_1,7802,HTML_PAGE_SELECT14_4_2_1,select14_4_2_1,true
SELECT14_4_2_1_1,7803,HACTION_SELECT14_4_2_1_1,7803,HTML_PAGE_SELECT14_4_2_1_1,select14_4_2_1_1,true
SELECT14_4_2_1_2,7804,HACTION_SELECT14_4_2_1_2,7804,HTML_PAGE_SELECT14_4_2_1_2,select14_4_2_1_2,true
SELECT14_4_2_1_3,7805,HACTION_SELECT14_4_2_1_3,7805,HTML_PAGE_SELECT14_4_2_1_3,select14_4_2_1_3,true
SELECT14_4_2_1_4,7806,HACTION_SELECT14_4_2_1_4,7806,HTML_PAGE_SELECT14_4_2_1_4,select14_4_2_1_4,true
SELECT14_4_2_2,7807,HACTION_SELECT14_4_2_2,7807,HTML_PAGE_SELECT14_4_2_2,select14_4_2_2,true
SELECT14_4_2_2_1,7808,HACTION_SELECT14_4_2_2_1,7808,HTML_PAGE_SELECT14_4_2_2_1,select14_4_2_2_1,true
SELECT14_4_2_2_2,7809,HACTION_SELECT14_4_2_2_2,7809,HTML_PAGE_SELECT14_4_2_2_2,select14_4_2_2_2,true
SELECT14_4_2_2_3,7810,HACTION_SELECT14_4_2_2_3,7810,HTML_PAGE_SELECT14_4_2_2_3,select14_4_2_2_3,true
SELECT14_4_2_2_4,7811,HACTION_SELECT14_4_2_2_4,7811,HTML_PAGE_SELECT14_4_2_2_4,select14_4_2_2_4,true
SELECT14_4_2_3,7812,HACTION_SELECT14_4_2_3,7812,HTML_PAGE_SELECT14_4_2_3,select14_4_2_3,true
SELECT14_4_2_3_1,7813,HACTION_SELECT14_4_2_3_1,7813,HTML_PAGE_SELECT14_4_2_3_1,select14_4_2_3_1,true
SELECT14_4_2_3_2,7814,HACTION_SELECT14_4_2_3_2,7814,HTML_PAGE_SELECT14_4_2_3_2,select14_4_2_3_2,true
SELECT14_4_2_3_3,7815,HACTION_SELECT14_4_2_3_3,7815,HTML_PAGE_SELECT14_4_2_3_3,select14_4_2_3_3,true
SELECT14_4_2_3_4,7816,HACTION_SELECT14_4_2_3_4,7816,HTML_PAGE_SELECT14_4_2_3_4,select14_4_2_3_4,true
SELECT14_4_2_4,7817,HACTION_SELECT14_4_2_4,7817,HTML_PAGE_SELECT14_4_2_4,select14_4_2_4,true
SELECT14_4_2_4_1,7818,HACTION_SELECT14_4_2_4_1,7818,HTML_PAGE_SELECT14_4_2_4_1,select14_4_2_4_1,true
SELECT14_4_2_4_2,7819,HACTION_SELECT14_4_2_4_2,7819,HTML_PAGE_SELECT14_4_2_4_2,select14_4_2_4_2,true
SELECT14_4_2_4_3,7820,HACTION_SELECT14_4_2_4_3,7820,HTML_PAGE_SELECT14_4_2_4_3,select14_4_2_4_3,true
SELECT14_4_2_4_4,7821,HACTION_SELECT14_4_2_4_4,7821,HTML_PAGE_SELECT14_4_2_4_4,select14_4_2_4_4,true
SELECT14_4_3,7822,HACTION_SELECT14_4_3,7822,HTML_PAGE_SELECT14_4_3,select14_4_3,true
SELECT14_4_3_1,7823,HACTION_SELECT14_4_3_1,7823,HTML_PAGE_SELECT14_4_3_1,select14_4_3_1,true
SELECT14_4_3_1_1,7824,HACTION_SELECT14_4_3_1_1,7824,HTML_PAGE_SELECT14_4_3_1_1,select14_4_3_1_1,true
SELECT14_4_3_1_2,7825,HACTION_SELECT14_4_3_1_2,7825,HTML_PAGE_SELECT14_4_3_1_2,select14_4_3_1_2,true
SELECT14_4_3_1_3,7826,HACTION_SELECT14_4_3_1_3,7826,HTML_PAGE_SELECT14_4_3_1_3,select14_4_3_1_3,true
SELECT14_4_3_1_4,7827,HACTION_SELECT14_4_3_1_4,7827,HTML_PAGE_SELECT14_4_3_1_4,select14_4_3_1_4,true
SELECT14_4_3_2,7828,HACTION_SELECT14_4_3_2,7828,HTML_PAGE_SELECT14_4_3_2,select14_4_3_2,true
SELECT14_4_3_2_1,7829,HACTION_SELECT14_4_3_2_1,7829,HTML_PAGE_SELECT14_4_3_2_1,select14_4_3_2_1,true
SELECT14_4_3_2_2,7830,HACTION_SELECT14_4_3_2_2,7830,HTML_PAGE_SELECT14_4_3_2_2,select14_4_3_2_2,true
SELECT14_4_3_2_3,7831,HACTION_SELECT14_4_3_2_3,7831,HTML_PAGE_SELECT14_4_3_2_3,select14_4_3_2_3,true
SELECT14_4_3_2_4,7832,HACTION_SELECT14_4_3_2_4,7832,HTML_PAGE_SELECT14_4_3_2_4,select14_4_3_2_4,true
SELECT14_4_3_3,7833,HACTION_SELECT14_4_3_3,7833,HTML_PAGE_SELECT14_4_3_3,select14_4_3_3,true
SELECT14_4_3_3_1,7834,HACTION_SELECT14_4_3_3_1,7834,HTML_PAGE_SELECT14_4_3_3_1,select14_4_3_3_1,true
SELECT14_4_3_3_2,7835,HACTION_SELECT14_4_3_3_2,7835,HTML_PAGE_SELECT14_4_3_3_2,select14_4_3_3_2,true
SELECT14_4_3_3_3,7836,HACTION_SELECT14_4_3_3_3,7836,HTML_PAGE_SELECT14_4_3_3_3,select14_4_3_3_3,true
SELECT14_4_3_3_4,7837,HACTION_SELECT14_4_3_3_4,7837,HTML_PAGE_SELECT14_4_3_3_4,select14_4_3_3_4,true
SELECT14_4_3_4,7838,HACTION_SELECT14_4_3_4,7838,HTML_PAGE_SELECT14_4_3_4,select14_4_3_4,true
SELECT14_4_3_4_1,7839,HACTION_SELECT14_4_3_4_1,7839,HTML_PAGE_SELECT14_4_3_4_1,select14_4_3_4_1,true
SELECT14_4_3_4_2,7840,HACTION_SELECT14_4_3_4_2,7840,HTML_PAGE_SELECT14_4_3_4_2,select14_4_3_4_2,true
SELECT14_4_3_4_3,7841,HACTION_SELECT14_4_3_4_3,7841,HTML_PAGE_SELECT14_4_3_4_3,select14_4_3_4_3,true
SELECT14_4_3_4_4,7842,HACTION_SELECT14_4_3_4_4,7842,HTML_PAGE_SELECT14_4_3_4_4,select14_4_3_4_4,true
SELECT14_4_4,7843,HACTION_SELECT14_4_4,7843,HTML_PAGE_SELECT14_4_4,select14_4_4,true
SELECT14_4_4_1,7844,HACTION_SELECT14_4_4_1,7844,HTML_PAGE_SELECT14_4_4_1,select14_4_4_1,true
SELECT14_4_4_1_1,7845,HACTION_SELECT14_4_4_1_1,7845,HTML_PAGE_SELECT14_4_4_1_1,select14_4_4_1_1,true
SELECT14_4_4_1_2,7846,HACTION_SELECT14_4_4_1_2,7846,HTML_PAGE_SELECT14_4_4_1_2,select14_4_4_1_2,true
SELECT14_4_4_1_3,7847,HACTION_SELECT14_4_4_1_3,7847,HTML_PAGE_SELECT14_4_4_1_3,select14_4_4_1_3,true
SELECT14_4_4_1_4,7848,HACTION_SELECT14_4_4_1_4,7848,HTML_PAGE_SELECT14_4_4_1_4,select14_4_4_1_4,true
SELECT14_4_4_2,7849,HACTION_SELECT14_4_4_2,7849,HTML_PAGE_SELECT14_4_4_2,select14_4_4_2,true
SELECT14_4_4_2_1,7850,HACTION_SELECT14_4_4_2_1,7850,HTML_PAGE_SELECT14_4_4_2_1,select14_4_4_2_1,true
SELECT14_4_4_2_2,7851,HACTION_SELECT14_4_4_2_2,7851,HTML_PAGE_SELECT14_4_4_2_2,select14_4_4_2_2,true
SELECT14_4_4_2_3,7852,HACTION_SELECT14_4_4_2_3,7852,HTML_PAGE_SELECT14_4_4_2_3,select14_4_4_2_3,true
SELECT14_4_4_2_4,7853,HACTION_SELECT14_4_4_2_4,7853,HTML_PAGE_SELECT14_4_4_2_4,select14_4_4_2_4,true
SELECT14_4_4_3,7854,HACTION_SELECT14_4_4_3,7854,HTML_PAGE_SELECT14_4_4_3,select14_4_4_3,true
SELECT14_4_4_3_1,7855,HACTION_SELECT14_4_4_3_1,7855,HTML_PAGE_SELECT14_4_4_3_1,select14_4_4_3_1,true
SELECT14_4_4_3_2,7856,HACTION_SELECT14_4_4_3_2,7856,HTML_PAGE_SELECT14_4_4_3_2,select14_4_4_3_2,true
SELECT14_4_4_3_3,7857,HACTION_SELECT14_4_4_3_3,7857,HTML_PAGE_SELECT14_4_4_3_3,select14_4_4_3_3,true
SELECT14_4_4_3_4,7858,HACTION_SELECT14_4_4_3_4,7858,HTML_PAGE_SELECT14_4_4_3_4,select14_4_4_3_4,true
SELECT14_4_4_4,7859,HACTION_SELECT14_4_4_4,7859,HTML_PAGE_SELECT14_4_4_4,select14_4_4_4,true
SELECT14_4_4_4_1,7860,HACTION_SELECT14_4_4_4_1,7860,HTML_PAGE_SELECT14_4_4_4_1,select14_4_4_4_1,true
SELECT14_4_4_4_2,7861,HACTION_SELECT14_4_4_4_2,7861,HTML_PAGE_SELECT14_4_4_4_2,select14_4_4_4_2,true
SELECT14_4_4_4_3,7862,HACTION_SELECT14_4_4_4_3,7862,HTML_PAGE_SELECT14_4_4_4_3,select14_4_4_4_3,true
SELECT14_4_4_4_4,7863,HACTION_SELECT14_4_4_4_4,7863,HTML_PAGE_SELECT14_4_4_4_4,select14_4_4_4_4,true
SELECT15,7864,HACTION_SELECT15,7864,HTML_PAGE_SELECT15,select15,true
SELECT15_1,7865,HACTION_SELECT15_1,7865,HTML_PAGE_SELECT15_1,select15_1,true
SELECT15_1_1,7866,HACTION_SELECT15_1_1,7866,HTML_PAGE_SELECT15_1_1,select15_1_1,true
SELECT15_1_1_1,7867,HACTION_SELECT15_1_1_1,7867,HTML_PAGE_SELECT15_1_1_1,select15_1_1_1,true
SELECT15_1_1_1_1,7868,HACTION_SELECT15_1_1_1_1,7868,HTML_PAGE_SELECT15_1_1_1_1,select15_1_1_1_1,true
SELECT15_1_1_1_2,7869,HACTION_SELECT15_1_1_1_2,7869,HTML_PAGE_SELECT15_1_1_1_2,select15_1_1_1_2,true
SELECT15_1_1_1_3,7870,HACTION_SELECT15_1_1_1_3,7870,HTML_PAGE_SELECT15_1_1_1_3,select15_1_1_1_3,true
SELECT15_1_1_1_4,7871,HACTION_SELECT15_1_1_1_4,7871,HTML_PAGE_SELECT15_1_1_1_4,select15_1_1_1_4,true
SELECT15_1_1_2,7872,HACTION_SELECT15_1_1_2,7872,HTML_PAGE_SELECT15_1_1_2,select15_1_1_2,true
SELECT15_1_1_2_1,7873,HACTION_SELECT15_1_1_2_1,7873,HTML_PAGE_SELECT15_1_1_2_1,select15_1_1_2_1,true
SELECT15_1_1_2_2,7874,HACTION_SELECT15_1_1_2_2,7874,HTML_PAGE_SELECT15_1_1_2_2,select15_1_1_2_2,true
SELECT15_1_1_2_3,7875,HACTION_SELECT15_1_1_2_3,7875,HTML_PAGE_SELECT15_1_1_2_3,select15_1_1_2_3,true
SELECT15_1_1_2_4,7876,HACTION_SELECT15_1_1_2_4,7876,HTML_PAGE_SELECT15_1_1_2_4,select15_1_1_2_4,true
SELECT15_1_1_3,7877,HACTION_SELECT15_1_1_3,7877,HTML_PAGE_SELECT15_1_1_3,select15_1_1_3,true
SELECT15_1_1_3_1,7878,HACTION_SELECT15_1_1_3_1,7878,HTML_PAGE_SELECT15_1_1_3_1,select15_1_1_3_1,true
SELECT15_1_1_3_2,7879,HACTION_SELECT15_1_1_3_2,7879,HTML_PAGE_SELECT15_1_1_3_2,select15_1_1_3_2,true
SELECT15_1_1_3_3,7880,HACTION_SELECT15_1_1_3_3,7880,HTML_PAGE_SELECT15_1_1_3_3,select15_1_1_3_3,true
SELECT15_1_1_3_4,7881,HACTION_SELECT15_1_1_3_4,7881,HTML_PAGE_SELECT15_1_1_3_4,select15_1_1_3_4,true
SELECT15_1_1_4,7882,HACTION_SELECT15_1_1_4,7882,HTML_PAGE_SELECT15_1_1_4,select15_1_1_4,true
SELECT15_1_1_4_1,7883,HACTION_SELECT15_1_1_4_1,7883,HTML_PAGE_SELECT15_1_1_4_1,select15_1_1_4_1,true
SELECT15_1_1_4_2,7884,HACTION_SELECT15_1_1_4_2,7884,HTML_PAGE_SELECT15_1_1_4_2,select15_1_1_4_2,true
SELECT15_1_1_4_3,7885,HACTION_SELECT15_1_1_4_3,7885,HTML_PAGE_SELECT15_1_1_4_3,select15_1_1_4_3,true
SELECT15_1_1_4_4,7886,HACTION_SELECT15_1_1_4_4,7886,HTML_PAGE_SELECT15_1_1_4_4,select15_1_1_4_4,true
SELECT15_1_2,7887,HACTION_SELECT15_1_2,7887,HTML_PAGE_SELECT15_1_2,select15_1_2,true
SELECT15_1_2_1,7888,HACTION_SELECT15_1_2_1,7888,HTML_PAGE_SELECT15_1_2_1,select15_1_2_1,true
SELECT15_1_2_1_1,7889,HACTION_SELECT15_1_2_1_1,7889,HTML_PAGE_SELECT15_1_2_1_1,select15_1_2_1_1,true
SELECT15_1_2_1_2,7890,HACTION_SELECT15_1_2_1_2,7890,HTML_PAGE_SELECT15_1_2_1_2,select15_1_2_1_2,true
SELECT15_1_2_1_3,7891,HACTION_SELECT15_1_2_1_3,7891,HTML_PAGE_SELECT15_1_2_1_3,select15_1_2_1_3,true
SELECT15_1_2_1_4,7892,HACTION_SELECT15_1_2_1_4,7892,HTML_PAGE_SELECT15_1_2_1_4,select15_1_2_1_4,true
SELECT15_1_2_2,7893,HACTION_SELECT15_1_2_2,7893,HTML_PAGE_SELECT15_1_2_2,select15_1_2_2,true
SELECT15_1_2_2_1,7894,HACTION_SELECT15_1_2_2_1,7894,HTML_PAGE_SELECT15_1_2_2_1,select15_1_2_2_1,true
SELECT15_1_2_2_2,7895,HACTION_SELECT15_1_2_2_2,7895,HTML_PAGE_SELECT15_1_2_2_2,select15_1_2_2_2,true
SELECT15_1_2_2_3,7896,HACTION_SELECT15_1_2_2_3,7896,HTML_PAGE_SELECT15_1_2_2_3,select15_1_2_2_3,true
SELECT15_1_2_2_4,7897,HACTION_SELECT15_1_2_2_4,7897,HTML_PAGE_SELECT15_1_2_2_4,select15_1_2_2_4,true
SELECT15_1_2_3,7898,HACTION_SELECT15_1_2_3,7898,HTML_PAGE_SELECT15_1_2_3,select15_1_2_3,true
SELECT15_1_2_3_1,7899,HACTION_SELECT15_1_2_3_1,7899,HTML_PAGE_SELECT15_1_2_3_1,select15_1_2_3_1,true
SELECT15_1_2_3_2,7900,HACTION_SELECT15_1_2_3_2,7900,HTML_PAGE_SELECT15_1_2_3_2,select15_1_2_3_2,true
SELECT15_1_2_3_3,7901,HACTION_SELECT15_1_2_3_3,7901,HTML_PAGE_SELECT15_1_2_3_3,select15_1_2_3_3,true
SELECT15_1_2_3_4,7902,HACTION_SELECT15_1_2_3_4,7902,HTML_PAGE_SELECT15_1_2_3_4,select15_1_2_3_4,true
SELECT15_1_2_4,7903,HACTION_SELECT15_1_2_4,7903,HTML_PAGE_SELECT15_1_2_4,select15_1_2_4,true
SELECT15_1_2_4_1,7904,HACTION_SELECT15_1_2_4_1,7904,HTML_PAGE_SELECT15_1_2_4_1,select15_1_2_4_1,true
SELECT15_1_2_4_2,7905,HACTION_SELECT15_1_2_4_2,7905,HTML_PAGE_SELECT15_1_2_4_2,select15_1_2_4_2,true
SELECT15_1_2_4_3,7906,HACTION_SELECT15_1_2_4_3,7906,HTML_PAGE_SELECT15_1_2_4_3,select15_1_2_4_3,true
SELECT15_1_2_4_4,7907,HACTION_SELECT15_1_2_4_4,7907,HTML_PAGE_SELECT15_1_2_4_4,select15_1_2_4_4,true
SELECT15_1_3,7908,HACTION_SELECT15_1_3,7908,HTML_PAGE_SELECT15_1_3,select15_1_3,true
SELECT15_1_3_1,7909,HACTION_SELECT15_1_3_1,7909,HTML_PAGE_SELECT15_1_3_1,select15_1_3_1,true
SELECT15_1_3_1_1,7910,HACTION_SELECT15_1_3_1_1,7910,HTML_PAGE_SELECT15_1_3_1_1,select15_1_3_1_1,true
SELECT15_1_3_1_2,7911,HACTION_SELECT15_1_3_1_2,7911,HTML_PAGE_SELECT15_1_3_1_2,select15_1_3_1_2,true
SELECT15_1_3_1_3,7912,HACTION_SELECT15_1_3_1_3,7912,HTML_PAGE_SELECT15_1_3_1_3,select15_1_3_1_3,true
SELECT15_1_3_1_4,7913,HACTION_SELECT15_1_3_1_4,7913,HTML_PAGE_SELECT15_1_3_1_4,select15_1_3_1_4,true
SELECT15_1_3_2,7914,HACTION_SELECT15_1_3_2,7914,HTML_PAGE_SELECT15_1_3_2,select15_1_3_2,true
SELECT15_1_3_2_1,7915,HACTION_SELECT15_1_3_2_1,7915,HTML_PAGE_SELECT15_1_3_2_1,select15_1_3_2_1,true
SELECT15_1_3_2_2,7916,HACTION_SELECT15_1_3_2_2,7916,HTML_PAGE_SELECT15_1_3_2_2,select15_1_3_2_2,true
SELECT15_1_3_2_3,7917,HACTION_SELECT15_1_3_2_3,7917,HTML_PAGE_SELECT15_1_3_2_3,select15_1_3_2_3,true
SELECT15_1_3_2_4,7918,HACTION_SELECT15_1_3_2_4,7918,HTML_PAGE_SELECT15_1_3_2_4,select15_1_3_2_4,true
SELECT15_1_3_3,7919,HACTION_SELECT15_1_3_3,7919,HTML_PAGE_SELECT15_1_3_3,select15_1_3_3,true
SELECT15_1_3_3_1,7920,HACTION_SELECT15_1_3_3_1,7920,HTML_PAGE_SELECT15_1_3_3_1,select15_1_3_3_1,true
SELECT15_1_3_3_2,7921,HACTION_SELECT15_1_3_3_2,7921,HTML_PAGE_SELECT15_1_3_3_2,select15_1_3_3_2,true
SELECT15_1_3_3_3,7922,HACTION_SELECT15_1_3_3_3,7922,HTML_PAGE_SELECT15_1_3_3_3,select15_1_3_3_3,true
SELECT15_1_3_3_4,7923,HACTION_SELECT15_1_3_3_4,7923,HTML_PAGE_SELECT15_1_3_3_4,select15_1_3_3_4,true
SELECT15_1_3_4,7924,HACTION_SELECT15_1_3_4,7924,HTML_PAGE_SELECT15_1_3_4,select15_1_3_4,true
SELECT15_1_3_4_1,7925,HACTION_SELECT15_1_3_4_1,7925,HTML_PAGE_SELECT15_1_3_4_1,select15_1_3_4_1,true
SELECT15_1_3_4_2,7926,HACTION_SELECT15_1_3_4_2,7926,HTML_PAGE_SELECT15_1_3_4_2,select15_1_3_4_2,true
SELECT15_1_3_4_3,7927,HACTION_SELECT15_1_3_4_3,7927,HTML_PAGE_SELECT15_1_3_4_3,select15_1_3_4_3,true
SELECT15_1_3_4_4,7928,HACTION_SELECT15_1_3_4_4,7928,HTML_PAGE_SELECT15_1_3_4_4,select15_1_3_4_4,true
SELECT15_1_4,7929,HACTION_SELECT15_1_4,7929,HTML_PAGE_SELECT15_1_4,select15_1_4,true
SELECT15_1_4_1,7930,HACTION_SELECT15_1_4_1,7930,HTML_PAGE_SELECT15_1_4_1,select15_1_4_1,true
SELECT15_1_4_1_1,7931,HACTION_SELECT15_1_4_1_1,7931,HTML_PAGE_SELECT15_1_4_1_1,select15_1_4_1_1,true
SELECT15_1_4_1_2,7932,HACTION_SELECT15_1_4_1_2,7932,HTML_PAGE_SELECT15_1_4_1_2,select15_1_4_1_2,true
SELECT15_1_4_1_3,7933,HACTION_SELECT15_1_4_1_3,7933,HTML_PAGE_SELECT15_1_4_1_3,select15_1_4_1_3,true
SELECT15_1_4_1_4,7934,HACTION_SELECT15_1_4_1_4,7934,HTML_PAGE_SELECT15_1_4_1_4,select15_1_4_1_4,true
SELECT15_1_4_2,7935,HACTION_SELECT15_1_4_2,7935,HTML_PAGE_SELECT15_1_4_2,select15_1_4_2,true
SELECT15_1_4_2_1,7936,HACTION_SELECT15_1_4_2_1,7936,HTML_PAGE_SELECT15_1_4_2_1,select15_1_4_2_1,true
SELECT15_1_4_2_2,7937,HACTION_SELECT15_1_4_2_2,7937,HTML_PAGE_SELECT15_1_4_2_2,select15_1_4_2_2,true
SELECT15_1_4_2_3,7938,HACTION_SELECT15_1_4_2_3,7938,HTML_PAGE_SELECT15_1_4_2_3,select15_1_4_2_3,true
SELECT15_1_4_2_4,7939,HACTION_SELECT15_1_4_2_4,7939,HTML_PAGE_SELECT15_1_4_2_4,select15_1_4_2_4,true
SELECT15_1_4_3,7940,HACTION_SELECT15_1_4_3,7940,HTML_PAGE_SELECT15_1_4_3,select15_1_4_3,true
SELECT15_1_4_3_1,7941,HACTION_SELECT15_1_4_3_1,7941,HTML_PAGE_SELECT15_1_4_3_1,select15_1_4_3_1,true
SELECT15_1_4_3_2,7942,HACTION_SELECT15_1_4_3_2,7942,HTML_PAGE_SELECT15_1_4_3_2,select15_1_4_3_2,true
SELECT15_1_4_3_3,7943,HACTION_SELECT15_1_4_3_3,7943,HTML_PAGE_SELECT15_1_4_3_3,select15_1_4_3_3,true
SELECT15_1_4_3_4,7944,HACTION_SELECT15_1_4_3_4,7944,HTML_PAGE_SELECT15_1_4_3_4,select15_1_4_3_4,true
SELECT15_1_4_4,7945,HACTION_SELECT15_1_4_4,7945,HTML_PAGE_SELECT15_1_4_4,select15_1_4_4,true
SELECT15_1_4_4_1,7946,HACTION_SELECT15_1_4_4_1,7946,HTML_PAGE_SELECT15_1_4_4_1,select15_1_4_4_1,true
SELECT15_1_4_4_2,7947,HACTION_SELECT15_1_4_4_2,7947,HTML_PAGE_SELECT15_1_4_4_2,select15_1_4_4_2,true
SELECT15_1_4_4_3,7948,HACTION_SELECT15_1_4_4_3,7948,HTML_PAGE_SELECT15_1_4_4_3,select15_1_4_4_3,true
SELECT15_1_4_4_4,7949,HACTION_SELECT15_1_4_4_4,7949,HTML_PAGE_SELECT15_1_4_4_4,select15_1_4_4_4,true
SELECT15_2,7950,HACTION_SELECT15_2,7950,HTML_PAGE_SELECT15_2,select15_2,true
SELECT15_2_1,7951,HACTION_SELECT15_2_1,7951,HTML_PAGE_SELECT15_2_1,select15_2_1,true
SELECT15_2_1_1,7952,HACTION_SELECT15_2_1_1,7952,HTML_PAGE_SELECT15_2_1_1,select15_2_1_1,true
SELECT15_2_1_1_1,7953,HACTION_SELECT15_2_1_1_1,7953,HTML_PAGE_SELECT15_2_1_1_1,select15_2_1_1_1,true
SELECT15_2_1_1_2,7954,HACTION_SELECT15_2_1_1_2,7954,HTML_PAGE_SELECT15_2_1_1_2,select15_2_1_1_2,true
SELECT15_2_1_1_3,7955,HACTION_SELECT15_2_1_1_3,7955,HTML_PAGE_SELECT15_2_1_1_3,select15_2_1_1_3,true
SELECT15_2_1_1_4,7956,HACTION_SELECT15_2_1_1_4,7956,HTML_PAGE_SELECT15_2_1_1_4,select15_2_1_1_4,true
SELECT15_2_1_2,7957,HACTION_SELECT15_2_1_2,7957,HTML_PAGE_SELECT15_2_1_2,select15_2_1_2,true
SELECT15_2_1_2_1,7958,HACTION_SELECT15_2_1_2_1,7958,HTML_PAGE_SELECT15_2_1_2_1,select15_2_1_2_1,true
SELECT15_2_1_2_2,7959,HACTION_SELECT15_2_1_2_2,7959,HTML_PAGE_SELECT15_2_1_2_2,select15_2_1_2_2,true
SELECT15_2_1_2_3,7960,HACTION_SELECT15_2_1_2_3,7960,HTML_PAGE_SELECT15_2_1_2_3,select15_2_1_2_3,true
SELECT15_2_1_2_4,7961,HACTION_SELECT15_2_1_2_4,7961,HTML_PAGE_SELECT15_2_1_2_4,select15_2_1_2_4,true
SELECT15_2_1_3,7962,HACTION_SELECT15_2_1_3,7962,HTML_PAGE_SELECT15_2_1_3,select15_2_1_3,true
SELECT15_2_1_3_1,7963,HACTION_SELECT15_2_1_3_1,7963,HTML_PAGE_SELECT15_2_1_3_1,select15_2_1_3_1,true
SELECT15_2_1_3_2,7964,HACTION_SELECT15_2_1_3_2,7964,HTML_PAGE_SELECT15_2_1_3_2,select15_2_1_3_2,true
SELECT15_2_1_3_3,7965,HACTION_SELECT15_2_1_3_3,7965,HTML_PAGE_SELECT15_2_1_3_3,select15_2_1_3_3,true
SELECT15_2_1_3_4,7966,HACTION_SELECT15_2_1_3_4,7966,HTML_PAGE_SELECT15_2_1_3_4,select15_2_1_3_4,true
SELECT15_2_1_4,7967,HACTION_SELECT15_2_1_4,7967,HTML_PAGE_SELECT15_2_1_4,select15_2_1_4,true
SELECT15_2_1_4_1,7968,HACTION_SELECT15_2_1_4_1,7968,HTML_PAGE_SELECT15_2_1_4_1,select15_2_1_4_1,true
SELECT15_2_1_4_2,7969,HACTION_SELECT15_2_1_4_2,7969,HTML_PAGE_SELECT15_2_1_4_2,select15_2_1_4_2,true
SELECT15_2_1_4_3,7970,HACTION_SELECT15_2_1_4_3,7970,HTML_PAGE_SELECT15_2_1_4_3,select15_2_1_4_3,true
SELECT15_2_1_4_4,7971,HACTION_SELECT15_2_1_4_4,7971,HTML_PAGE_SELECT15_2_1_4_4,select15_2_1_4_4,true
SELECT15_2_2,7972,HACTION_SELECT15_2_2,7972,HTML_PAGE_SELECT15_2_2,select15_2_2,true
SELECT15_2_2_1,7973,HACTION_SELECT15_2_2_1,7973,HTML_PAGE_SELECT15_2_2_1,select15_2_2_1,true
SELECT15_2_2_1_1,7974,HACTION_SELECT15_2_2_1_1,7974,HTML_PAGE_SELECT15_2_2_1_1,select15_2_2_1_1,true
SELECT15_2_2_1_2,7975,HACTION_SELECT15_2_2_1_2,7975,HTML_PAGE_SELECT15_2_2_1_2,select15_2_2_1_2,true
SELECT15_2_2_1_3,7976,HACTION_SELECT15_2_2_1_3,7976,HTML_PAGE_SELECT15_2_2_1_3,select15_2_2_1_3,true
SELECT15_2_2_1_4,7977,HACTION_SELECT15_2_2_1_4,7977,HTML_PAGE_SELECT15_2_2_1_4,select15_2_2_1_4,true
SELECT15_2_2_2,7978,HACTION_SELECT15_2_2_2,7978,HTML_PAGE_SELECT15_2_2_2,select15_2_2_2,true
SELECT15_2_2_2_1,7979,HACTION_SELECT15_2_2_2_1,7979,HTML_PAGE_SELECT15_2_2_2_1,select15_2_2_2_1,true
SELECT15_2_2_2_2,7980,HACTION_SELECT15_2_2_2_2,7980,HTML_PAGE_SELECT15_2_2_2_2,select15_2_2_2_2,true
SELECT15_2_2_2_3,7981,HACTION_SELECT15_2_2_2_3,7981,HTML_PAGE_SELECT15_2_2_2_3,select15_2_2_2_3,true
SELECT15_2_2_2_4,7982,HACTION_SELECT15_2_2_2_4,7982,HTML_PAGE_SELECT15_2_2_2_4,select15_2_2_2_4,true
SELECT15_2_2_3,7983,HACTION_SELECT15_2_2_3,7983,HTML_PAGE_SELECT15_2_2_3,select15_2_2_3,true
SELECT15_2_2_3_1,7984,HACTION_SELECT15_2_2_3_1,7984,HTML_PAGE_SELECT15_2_2_3_1,select15_2_2_3_1,true
SELECT15_2_2_3_2,7985,HACTION_SELECT15_2_2_3_2,7985,HTML_PAGE_SELECT15_2_2_3_2,select15_2_2_3_2,true
SELECT15_2_2_3_3,7986,HACTION_SELECT15_2_2_3_3,7986,HTML_PAGE_SELECT15_2_2_3_3,select15_2_2_3_3,true
SELECT15_2_2_3_4,7987,HACTION_SELECT15_2_2_3_4,7987,HTML_PAGE_SELECT15_2_2_3_4,select15_2_2_3_4,true
SELECT15_2_2_4,7988,HACTION_SELECT15_2_2_4,7988,HTML_PAGE_SELECT15_2_2_4,select15_2_2_4,true
SELECT15_2_2_4_1,7989,HACTION_SELECT15_2_2_4_1,7989,HTML_PAGE_SELECT15_2_2_4_1,select15_2_2_4_1,true
SELECT15_2_2_4_2,7990,HACTION_SELECT15_2_2_4_2,7990,HTML_PAGE_SELECT15_2_2_4_2,select15_2_2_4_2,true
SELECT15_2_2_4_3,7991,HACTION_SELECT15_2_2_4_3,7991,HTML_PAGE_SELECT15_2_2_4_3,select15_2_2_4_3,true
SELECT15_2_2_4_4,7992,HACTION_SELECT15_2_2_4_4,7992,HTML_PAGE_SELECT15_2_2_4_4,select15_2_2_4_4,true
SELECT15_2_3,7993,HACTION_SELECT15_2_3,7993,HTML_PAGE_SELECT15_2_3,select15_2_3,true
SELECT15_2_3_1,7994,HACTION_SELECT15_2_3_1,7994,HTML_PAGE_SELECT15_2_3_1,select15_2_3_1,true
SELECT15_2_3_1_1,7995,HACTION_SELECT15_2_3_1_1,7995,HTML_PAGE_SELECT15_2_3_1_1,select15_2_3_1_1,true
SELECT15_2_3_1_2,7996,HACTION_SELECT15_2_3_1_2,7996,HTML_PAGE_SELECT15_2_3_1_2,select15_2_3_1_2,true
SELECT15_2_3_1_3,7997,HACTION_SELECT15_2_3_1_3,7997,HTML_PAGE_SELECT15_2_3_1_3,select15_2_3_1_3,true
SELECT15_2_3_1_4,7998,HACTION_SELECT15_2_3_1_4,7998,HTML_PAGE_SELECT15_2_3_1_4,select15_2_3_1_4,true
SELECT15_2_3_2,7999,HACTION_SELECT15_2_3_2,7999,HTML_PAGE_SELECT15_2_3_2,select15_2_3_2,true
SELECT15_2_3_2_1,8000,HACTION_SELECT15_2_3_2_1,8000,HTML_PAGE_SELECT15_2_3_2_1,select15_2_3_2_1,true
SELECT15_2_3_2_2,8001,HACTION_SELECT15_2_3_2_2,8001,HTML_PAGE_SELECT15_2_3_2_2,select15_2_3_2_2,true
SELECT15_2_3_2_3,8002,HACTION_SELECT15_2_3_2_3,8002,HTML_PAGE_SELECT15_2_3_2_3,select15_2_3_2_3,true
SELECT15_2_3_2_4,8003,HACTION_SELECT15_2_3_2_4,8003,HTML_PAGE_SELECT15_2_3_2_4,select15_2_3_2_4,true
SELECT15_2_3_3,8004,HACTION_SELECT15_2_3_3,8004,HTML_PAGE_SELECT15_2_3_3,select15_2_3_3,true
SELECT15_2_3_3_1,8005,HACTION_SELECT15_2_3_3_1,8005,HTML_PAGE_SELECT15_2_3_3_1,select15_2_3_3_1,true
SELECT15_2_3_3_2,8006,HACTION_SELECT15_2_3_3_2,8006,HTML_PAGE_SELECT15_2_3_3_2,select15_2_3_3_2,true
SELECT15_2_3_3_3,8007,HACTION_SELECT15_2_3_3_3,8007,HTML_PAGE_SELECT15_2_3_3_3,select15_2_3_3_3,true
SELECT15_2_3_3_4,8008,HACTION_SELECT15_2_3_3_4,8008,HTML_PAGE_SELECT15_2_3_3_4,select15_2_3_3_4,true
SELECT15_2_3_4,8009,HACTION_SELECT15_2_3_4,8009,HTML_PAGE_SELECT15_2_3_4,select15_2_3_4,true
SELECT15_2_3_4_1,8010,HACTION_SELECT15_2_3_4_1,8010,HTML_PAGE_SELECT15_2_3_4_1,select15_2_3_4_1,true
SELECT15_2_3_4_2,8011,HACTION_SELECT15_2_3_4_2,8011,HTML_PAGE_SELECT15_2_3_4_2,select15_2_3_4_2,true
SELECT15_2_3_4_3,8012,HACTION_SELECT15_2_3_4_3,8012,HTML_PAGE_SELECT15_2_3_4_3,select15_2_3_4_3,true
SELECT15_2_3_4_4,8013,HACTION_SELECT15_2_3_4_4,8013,HTML_PAGE_SELECT15_2_3_4_4,select15_2_3_4_4,true
SELECT15_2_4,8014,HACTION_SELECT15_2_4,8014,HTML_PAGE_SELECT15_2_4,select15_2_4,true
SELECT15_2_4_1,8015,HACTION_SELECT15_2_4_1,8015,HTML_PAGE_SELECT15_2_4_1,select15_2_4_1,true
SELECT15_2_4_1_1,8016,HACTION_SELECT15_2_4_1_1,8016,HTML_PAGE_SELECT15_2_4_1_1,select15_2_4_1_1,true
SELECT15_2_4_1_2,8017,HACTION_SELECT15_2_4_1_2,8017,HTML_PAGE_SELECT15_2_4_1_2,select15_2_4_1_2,true
SELECT15_2_4_1_3,8018,HACTION_SELECT15_2_4_1_3,8018,HTML_PAGE_SELECT15_2_4_1_3,select15_2_4_1_3,true
SELECT15_2_4_1_4,8019,HACTION_SELECT15_2_4_1_4,8019,HTML_PAGE_SELECT15_2_4_1_4,select15_2_4_1_4,true
SELECT15_2_4_2,8020,HACTION_SELECT15_2_4_2,8020,HTML_PAGE_SELECT15_2_4_2,select15_2_4_2,true
SELECT15_2_4_2_1,8021,HACTION_SELECT15_2_4_2_1,8021,HTML_PAGE_SELECT15_2_4_2_1,select15_2_4_2_1,true
SELECT15_2_4_2_2,8022,HACTION_SELECT15_2_4_2_2,8022,HTML_PAGE_SELECT15_2_4_2_2,select15_2_4_2_2,true
SELECT15_2_4_2_3,8023,HACTION_SELECT15_2_4_2_3,8023,HTML_PAGE_SELECT15_2_4_2_3,select15_2_4_2_3,true
SELECT15_2_4_2_4,8024,HACTION_SELECT15_2_4_2_4,8024,HTML_PAGE_SELECT15_2_4_2_4,select15_2_4_2_4,true
SELECT15_2_4_3,8025,HACTION_SELECT15_2_4_3,8025,HTML_PAGE_SELECT15_2_4_3,select15_2_4_3,true
SELECT15_2_4_3_1,8026,HACTION_SELECT15_2_4_3_1,8026,HTML_PAGE_SELECT15_2_4_3_1,select15_2_4_3_1,true
SELECT15_2_4_3_2,8027,HACTION_SELECT15_2_4_3_2,8027,HTML_PAGE_SELECT15_2_4_3_2,select15_2_4_3_2,true
SELECT15_2_4_3_3,8028,HACTION_SELECT15_2_4_3_3,8028,HTML_PAGE_SELECT15_2_4_3_3,select15_2_4_3_3,true
SELECT15_2_4_3_4,8029,HACTION_SELECT15_2_4_3_4,8029,HTML_PAGE_SELECT15_2_4_3_4,select15_2_4_3_4,true
SELECT15_2_4_4,8030,HACTION_SELECT15_2_4_4,8030,HTML_PAGE_SELECT15_2_4_4,select15_2_4_4,true
SELECT15_2_4_4_1,8031,HACTION_SELECT15_2_4_4_1,8031,HTML_PAGE_SELECT15_2_4_4_1,select15_2_4_4_1,true
SELECT15_2_4_4_2,8032,HACTION_SELECT15_2_4_4_2,8032,HTML_PAGE_SELECT15_2_4_4_2,select15_2_4_4_2,true
SELECT15_2_4_4_3,8033,HACTION_SELECT15_2_4_4_3,8033,HTML_PAGE_SELECT15_2_4_4_3,select15_2_4_4_3,true
SELECT15_2_4_4_4,8034,HACTION_SELECT15_2_4_4_4,8034,HTML_PAGE_SELECT15_2_4_4_4,select15_2_4_4_4,true
SELECT15_3,8035,HACTION_SELECT15_3,8035,HTML_PAGE_SELECT15_3,select15_3,true
SELECT15_3_1,8036,HACTION_SELECT15_3_1,8036,HTML_PAGE_SELECT15_3_1,select15_3_1,true
SELECT15_3_1_1,8037,HACTION_SELECT15_3_1_1,8037,HTML_PAGE_SELECT15_3_1_1,select15_3_1_1,true
SELECT15_3_1_1_1,8038,HACTION_SELECT15_3_1_1_1,8038,HTML_PAGE_SELECT15_3_1_1_1,select15_3_1_1_1,true
SELECT15_3_1_1_2,8039,HACTION_SELECT15_3_1_1_2,8039,HTML_PAGE_SELECT15_3_1_1_2,select15_3_1_1_2,true
SELECT15_3_1_1_3,8040,HACTION_SELECT15_3_1_1_3,8040,HTML_PAGE_SELECT15_3_1_1_3,select15_3_1_1_3,true
SELECT15_3_1_1_4,8041,HACTION_SELECT15_3_1_1_4,8041,HTML_PAGE_SELECT15_3_1_1_4,select15_3_1_1_4,true
SELECT15_3_1_2,8042,HACTION_SELECT15_3_1_2,8042,HTML_PAGE_SELECT15_3_1_2,select15_3_1_2,true
SELECT15_3_1_2_1,8043,HACTION_SELECT15_3_1_2_1,8043,HTML_PAGE_SELECT15_3_1_2_1,select15_3_1_2_1,true
SELECT15_3_1_2_2,8044,HACTION_SELECT15_3_1_2_2,8044,HTML_PAGE_SELECT15_3_1_2_2,select15_3_1_2_2,true
SELECT15_3_1_2_3,8045,HACTION_SELECT15_3_1_2_3,8045,HTML_PAGE_SELECT15_3_1_2_3,select15_3_1_2_3,true
SELECT15_3_1_2_4,8046,HACTION_SELECT15_3_1_2_4,8046,HTML_PAGE_SELECT15_3_1_2_4,select15_3_1_2_4,true
SELECT15_3_1_3,8047,HACTION_SELECT15_3_1_3,8047,HTML_PAGE_SELECT15_3_1_3,select15_3_1_3,true
SELECT15_3_1_3_1,8048,HACTION_SELECT15_3_1_3_1,8048,HTML_PAGE_SELECT15_3_1_3_1,select15_3_1_3_1,true
SELECT15_3_1_3_2,8049,HACTION_SELECT15_3_1_3_2,8049,HTML_PAGE_SELECT15_3_1_3_2,select15_3_1_3_2,true
SELECT15_3_1_3_3,8050,HACTION_SELECT15_3_1_3_3,8050,HTML_PAGE_SELECT15_3_1_3_3,select15_3_1_3_3,true
SELECT15_3_1_3_4,8051,HACTION_SELECT15_3_1_3_4,8051,HTML_PAGE_SELECT15_3_1_3_4,select15_3_1_3_4,true
SELECT15_3_1_4,8052,HACTION_SELECT15_3_1_4,8052,HTML_PAGE_SELECT15_3_1_4,select15_3_1_4,true
SELECT15_3_1_4_1,8053,HACTION_SELECT15_3_1_4_1,8053,HTML_PAGE_SELECT15_3_1_4_1,select15_3_1_4_1,true
SELECT15_3_1_4_2,8054,HACTION_SELECT15_3_1_4_2,8054,HTML_PAGE_SELECT15_3_1_4_2,select15_3_1_4_2,true
SELECT15_3_1_4_3,8055,HACTION_SELECT15_3_1_4_3,8055,HTML_PAGE_SELECT15_3_1_4_3,select15_3_1_4_3,true
SELECT15_3_1_4_4,8056,HACTION_SELECT15_3_1_4_4,8056,HTML_PAGE_SELECT15_3_1_4_4,select15_3_1_4_4,true
SELECT15_3_2,8057,HACTION_SELECT15_3_2,8057,HTML_PAGE_SELECT15_3_2,select15_3_2,true
SELECT15_3_2_1,8058,HACTION_SELECT15_3_2_1,8058,HTML_PAGE_SELECT15_3_2_1,select15_3_2_1,true
SELECT15_3_2_1_1,8059,HACTION_SELECT15_3_2_1_1,8059,HTML_PAGE_SELECT15_3_2_1_1,select15_3_2_1_1,true
SELECT15_3_2_1_2,8060,HACTION_SELECT15_3_2_1_2,8060,HTML_PAGE_SELECT15_3_2_1_2,select15_3_2_1_2,true
SELECT15_3_2_1_3,8061,HACTION_SELECT15_3_2_1_3,8061,HTML_PAGE_SELECT15_3_2_1_3,select15_3_2_1_3,true
SELECT15_3_2_1_4,8062,HACTION_SELECT15_3_2_1_4,8062,HTML_PAGE_SELECT15_3_2_1_4,select15_3_2_1_4,true
SELECT15_3_2_2,8063,HACTION_SELECT15_3_2_2,8063,HTML_PAGE_SELECT15_3_2_2,select15_3_2_2,true
SELECT15_3_2_2_1,8064,HACTION_SELECT15_3_2_2_1,8064,HTML_PAGE_SELECT15_3_2_2_1,select15_3_2_2_1,true
SELECT15_3_2_2_2,8065,HACTION_SELECT15_3_2_2_2,8065,HTML_PAGE_SELECT15_3_2_2_2,select15_3_2_2_2,true
SELECT15_3_2_2_3,8066,HACTION_SELECT15_3_2_2_3,8066,HTML_PAGE_SELECT15_3_2_2_3,select15_3_2_2_3,true
SELECT15_3_2_2_4,8067,HACTION_SELECT15_3_2_2_4,8067,HTML_PAGE_SELECT15_3_2_2_4,select15_3_2_2_4,true
SELECT15_3_2_3,8068,HACTION_SELECT15_3_2_3,8068,HTML_PAGE_SELECT15_3_2_3,select15_3_2_3,true
SELECT15_3_2_3_1,8069,HACTION_SELECT15_3_2_3_1,8069,HTML_PAGE_SELECT15_3_2_3_1,select15_3_2_3_1,true
SELECT15_3_2_3_2,8070,HACTION_SELECT15_3_2_3_2,8070,HTML_PAGE_SELECT15_3_2_3_2,select15_3_2_3_2,true
SELECT15_3_2_3_3,8071,HACTION_SELECT15_3_2_3_3,8071,HTML_PAGE_SELECT15_3_2_3_3,select15_3_2_3_3,true
SELECT15_3_2_3_4,8072,HACTION_SELECT15_3_2_3_4,8072,HTML_PAGE_SELECT15_3_2_3_4,select15_3_2_3_4,true
SELECT15_3_2_4,8073,HACTION_SELECT15_3_2_4,8073,HTML_PAGE_SELECT15_3_2_4,select15_3_2_4,true
SELECT15_3_2_4_1,8074,HACTION_SELECT15_3_2_4_1,8074,HTML_PAGE_SELECT15_3_2_4_1,select15_3_2_4_1,true
SELECT15_3_2_4_2,8075,HACTION_SELECT15_3_2_4_2,8075,HTML_PAGE_SELECT15_3_2_4_2,select15_3_2_4_2,true
SELECT15_3_2_4_3,8076,HACTION_SELECT15_3_2_4_3,8076,HTML_PAGE_SELECT15_3_2_4_3,select15_3_2_4_3,true
SELECT15_3_2_4_4,8077,HACTION_SELECT15_3_2_4_4,8077,HTML_PAGE_SELECT15_3_2_4_4,select15_3_2_4_4,true
SELECT15_3_3,8078,HACTION_SELECT15_3_3,8078,HTML_PAGE_SELECT15_3_3,select15_3_3,true
SELECT15_3_3_1,8079,HACTION_SELECT15_3_3_1,8079,HTML_PAGE_SELECT15_3_3_1,select15_3_3_1,true
SELECT15_3_3_1_1,8080,HACTION_SELECT15_3_3_1_1,8080,HTML_PAGE_SELECT15_3_3_1_1,select15_3_3_1_1,true
SELECT15_3_3_1_2,8081,HACTION_SELECT15_3_3_1_2,8081,HTML_PAGE_SELECT15_3_3_1_2,select15_3_3_1_2,true
SELECT15_3_3_1_3,8082,HACTION_SELECT15_3_3_1_3,8082,HTML_PAGE_SELECT15_3_3_1_3,select15_3_3_1_3,true
SELECT15_3_3_1_4,8083,HACTION_SELECT15_3_3_1_4,8083,HTML_PAGE_SELECT15_3_3_1_4,select15_3_3_1_4,true
SELECT15_3_3_2,8084,HACTION_SELECT15_3_3_2,8084,HTML_PAGE_SELECT15_3_3_2,select15_3_3_2,true
SELECT15_3_3_2_1,8085,HACTION_SELECT15_3_3_2_1,8085,HTML_PAGE_SELECT15_3_3_2_1,select15_3_3_2_1,true
SELECT15_3_3_2_2,8086,HACTION_SELECT15_3_3_2_2,8086,HTML_PAGE_SELECT15_3_3_2_2,select15_3_3_2_2,true
SELECT15_3_3_2_3,8087,HACTION_SELECT15_3_3_2_3,8087,HTML_PAGE_SELECT15_3_3_2_3,select15_3_3_2_3,true
SELECT15_3_3_2_4,8088,HACTION_SELECT15_3_3_2_4,8088,HTML_PAGE_SELECT15_3_3_2_4,select15_3_3_2_4,true
SELECT15_3_3_3,8089,HACTION_SELECT15_3_3_3,8089,HTML_PAGE_SELECT15_3_3_3,select15_3_3_3,true
SELECT15_3_3_3_1,8090,HACTION_SELECT15_3_3_3_1,8090,HTML_PAGE_SELECT15_3_3_3_1,select15_3_3_3_1,true
SELECT15_3_3_3_2,8091,HACTION_SELECT15_3_3_3_2,8091,HTML_PAGE_SELECT15_3_3_3_2,select15_3_3_3_2,true
SELECT15_3_3_3_3,8092,HACTION_SELECT15_3_3_3_3,8092,HTML_PAGE_SELECT15_3_3_3_3,select15_3_3_3_3,true
SELECT15_3_3_3_4,8093,HACTION_SELECT15_3_3_3_4,8093,HTML_PAGE_SELECT15_3_3_3_4,select15_3_3_3_4,true
SELECT15_3_3_4,8094,HACTION_SELECT15_3_3_4,8094,HTML_PAGE_SELECT15_3_3_4,select15_3_3_4,true
SELECT15_3_3_4_1,8095,HACTION_SELECT15_3_3_4_1,8095,HTML_PAGE_SELECT15_3_3_4_1,select15_3_3_4_1,true
SELECT15_3_3_4_2,8096,HACTION_SELECT15_3_3_4_2,8096,HTML_PAGE_SELECT15_3_3_4_2,select15_3_3_4_2,true
SELECT15_3_3_4_3,8097,HACTION_SELECT15_3_3_4_3,8097,HTML_PAGE_SELECT15_3_3_4_3,select15_3_3_4_3,true
SELECT15_3_3_4_4,8098,HACTION_SELECT15_3_3_4_4,8098,HTML_PAGE_SELECT15_3_3_4_4,select15_3_3_4_4,true
SELECT15_3_4,8099,HACTION_SELECT15_3_4,8099,HTML_PAGE_SELECT15_3_4,select15_3_4,true
SELECT15_3_4_1,8100,HACTION_SELECT15_3_4_1,8100,HTML_PAGE_SELECT15_3_4_1,select15_3_4_1,true
SELECT15_3_4_1_1,8101,HACTION_SELECT15_3_4_1_1,8101,HTML_PAGE_SELECT15_3_4_1_1,select15_3_4_1_1,true
SELECT15_3_4_1_2,8102,HACTION_SELECT15_3_4_1_2,8102,HTML_PAGE_SELECT15_3_4_1_2,select15_3_4_1_2,true
SELECT15_3_4_1_3,8103,HACTION_SELECT15_3_4_1_3,8103,HTML_PAGE_SELECT15_3_4_1_3,select15_3_4_1_3,true
SELECT15_3_4_1_4,8104,HACTION_SELECT15_3_4_1_4,8104,HTML_PAGE_SELECT15_3_4_1_4,select15_3_4_1_4,true
SELECT15_3_4_2,8105,HACTION_SELECT15_3_4_2,8105,HTML_PAGE_SELECT15_3_4_2,select15_3_4_2,true
SELECT15_3_4_2_1,8106,HACTION_SELECT15_3_4_2_1,8106,HTML_PAGE_SELECT15_3_4_2_1,select15_3_4_2_1,true
SELECT15_3_4_2_2,8107,HACTION_SELECT15_3_4_2_2,8107,HTML_PAGE_SELECT15_3_4_2_2,select15_3_4_2_2,true
SELECT15_3_4_2_3,8108,HACTION_SELECT15_3_4_2_3,8108,HTML_PAGE_SELECT15_3_4_2_3,select15_3_4_2_3,true
SELECT15_3_4_2_4,8109,HACTION_SELECT15_3_4_2_4,8109,HTML_PAGE_SELECT15_3_4_2_4,select15_3_4_2_4,true
SELECT15_3_4_3,8110,HACTION_SELECT15_3_4_3,8110,HTML_PAGE_SELECT15_3_4_3,select15_3_4_3,true
SELECT15_3_4_3_1,8111,HACTION_SELECT15_3_4_3_1,8111,HTML_PAGE_SELECT15_3_4_3_1,select15_3_4_3_1,true
SELECT15_3_4_3_2,8112,HACTION_SELECT15_3_4_3_2,8112,HTML_PAGE_SELECT15_3_4_3_2,select15_3_4_3_2,true
SELECT15_3_4_3_3,8113,HACTION_SELECT15_3_4_3_3,8113,HTML_PAGE_SELECT15_3_4_3_3,select15_3_4_3_3,true
SELECT15_3_4_3_4,8114,HACTION_SELECT15_3_4_3_4,8114,HTML_PAGE_SELECT15_3_4_3_4,select15_3_4_3_4,true
SELECT15_3_4_4,8115,HACTION_SELECT15_3_4_4,8115,HTML_PAGE_SELECT15_3_4_4,select15_3_4_4,true
SELECT15_3_4_4_1,8116,HACTION_SELECT15_3_4_4_1,8116,HTML_PAGE_SELECT15_3_4_4_1,select15_3_4_4_1,true
SELECT15_3_4_4_2,8117,HACTION_SELECT15_3_4_4_2,8117,HTML_PAGE_SELECT15_3_4_4_2,select15_3_4_4_2,true
SELECT15_3_4_4_3,8118,HACTION_SELECT15_3_4_4_3,8118,HTML_PAGE_SELECT15_3_4_4_3,select15_3_4_4_3,true
SELECT15_3_4_4_4,8119,HACTION_SELECT15_3_4_4_4,8119,HTML_PAGE_SELECT15_3_4_4_4,select15_3_4_4_4,true
SELECT15_4,8120,HACTION_SELECT15_4,8120,HTML_PAGE_SELECT15_4,select15_4,true
SELECT15_4_1,8121,HACTION_SELECT15_4_1,8121,HTML_PAGE_SELECT15_4_1,select15_4_1,true
SELECT15_4_1_1,8122,HACTION_SELECT15_4_1_1,8122,HTML_PAGE_SELECT15_4_1_1,select15_4_1_1,true
SELECT15_4_1_1_1,8123,HACTION_SELECT15_4_1_1_1,8123,HTML_PAGE_SELECT15_4_1_1_1,select15_4_1_1_1,true
SELECT15_4_1_1_2,8124,HACTION_SELECT15_4_1_1_2,8124,HTML_PAGE_SELECT15_4_1_1_2,select15_4_1_1_2,true
SELECT15_4_1_1_3,8125,HACTION_SELECT15_4_1_1_3,8125,HTML_PAGE_SELECT15_4_1_1_3,select15_4_1_1_3,true
SELECT15_4_1_1_4,8126,HACTION_SELECT15_4_1_1_4,8126,HTML_PAGE_SELECT15_4_1_1_4,select15_4_1_1_4,true
SELECT15_4_1_2,8127,HACTION_SELECT15_4_1_2,8127,HTML_PAGE_SELECT15_4_1_2,select15_4_1_2,true
SELECT15_4_1_2_1,8128,HACTION_SELECT15_4_1_2_1,8128,HTML_PAGE_SELECT15_4_1_2_1,select15_4_1_2_1,true
SELECT15_4_1_2_2,8129,HACTION_SELECT15_4_1_2_2,8129,HTML_PAGE_SELECT15_4_1_2_2,select15_4_1_2_2,true
SELECT15_4_1_2_3,8130,HACTION_SELECT15_4_1_2_3,8130,HTML_PAGE_SELECT15_4_1_2_3,select15_4_1_2_3,true
SELECT15_4_1_2_4,8131,HACTION_SELECT15_4_1_2_4,8131,HTML_PAGE_SELECT15_4_1_2_4,select15_4_1_2_4,true
SELECT15_4_1_3,8132,HACTION_SELECT15_4_1_3,8132,HTML_PAGE_SELECT15_4_1_3,select15_4_1_3,true
SELECT15_4_1_3_1,8133,HACTION_SELECT15_4_1_3_1,8133,HTML_PAGE_SELECT15_4_1_3_1,select15_4_1_3_1,true
SELECT15_4_1_3_2,8134,HACTION_SELECT15_4_1_3_2,8134,HTML_PAGE_SELECT15_4_1_3_2,select15_4_1_3_2,true
SELECT15_4_1_3_3,8135,HACTION_SELECT15_4_1_3_3,8135,HTML_PAGE_SELECT15_4_1_3_3,select15_4_1_3_3,true
SELECT15_4_1_3_4,8136,HACTION_SELECT15_4_1_3_4,8136,HTML_PAGE_SELECT15_4_1_3_4,select15_4_1_3_4,true
SELECT15_4_1_4,8137,HACTION_SELECT15_4_1_4,8137,HTML_PAGE_SELECT15_4_1_4,select15_4_1_4,true
SELECT15_4_1_4_1,8138,HACTION_SELECT15_4_1_4_1,8138,HTML_PAGE_SELECT15_4_1_4_1,select15_4_1_4_1,true
SELECT15_4_1_4_2,8139,HACTION_SELECT15_4_1_4_2,8139,HTML_PAGE_SELECT15_4_1_4_2,select15_4_1_4_2,true
SELECT15_4_1_4_3,8140,HACTION_SELECT15_4_1_4_3,8140,HTML_PAGE_SELECT15_4_1_4_3,select15_4_1_4_3,true
SELECT15_4_1_4_4,8141,HACTION_SELECT15_4_1_4_4,8141,HTML_PAGE_SELECT15_4_1_4_4,select15_4_1_4_4,true
SELECT15_4_2,8142,HACTION_SELECT15_4_2,8142,HTML_PAGE_SELECT15_4_2,select15_4_2,true
SELECT15_4_2_1,8143,HACTION_SELECT15_4_2_1,8143,HTML_PAGE_SELECT15_4_2_1,select15_4_2_1,true
SELECT15_4_2_1_1,8144,HACTION_SELECT15_4_2_1_1,8144,HTML_PAGE_SELECT15_4_2_1_1,select15_4_2_1_1,true
SELECT15_4_2_1_2,8145,HACTION_SELECT15_4_2_1_2,8145,HTML_PAGE_SELECT15_4_2_1_2,select15_4_2_1_2,true
SELECT15_4_2_1_3,8146,HACTION_SELECT15_4_2_1_3,8146,HTML_PAGE_SELECT15_4_2_1_3,select15_4_2_1_3,true
SELECT15_4_2_1_4,8147,HACTION_SELECT15_4_2_1_4,8147,HTML_PAGE_SELECT15_4_2_1_4,select15_4_2_1_4,true
SELECT15_4_2_2,8148,HACTION_SELECT15_4_2_2,8148,HTML_PAGE_SELECT15_4_2_2,select15_4_2_2,true
SELECT15_4_2_2_1,8149,HACTION_SELECT15_4_2_2_1,8149,HTML_PAGE_SELECT15_4_2_2_1,select15_4_2_2_1,true
SELECT15_4_2_2_2,8150,HACTION_SELECT15_4_2_2_2,8150,HTML_PAGE_SELECT15_4_2_2_2,select15_4_2_2_2,true
SELECT15_4_2_2_3,8151,HACTION_SELECT15_4_2_2_3,8151,HTML_PAGE_SELECT15_4_2_2_3,select15_4_2_2_3,true
SELECT15_4_2_2_4,8152,HACTION_SELECT15_4_2_2_4,8152,HTML_PAGE_SELECT15_4_2_2_4,select15_4_2_2_4,true
SELECT15_4_2_3,8153,HACTION_SELECT15_4_2_3,8153,HTML_PAGE_SELECT15_4_2_3,select15_4_2_3,true
SELECT15_4_2_3_1,8154,HACTION_SELECT15_4_2_3_1,8154,HTML_PAGE_SELECT15_4_2_3_1,select15_4_2_3_1,true
SELECT15_4_2_3_2,8155,HACTION_SELECT15_4_2_3_2,8155,HTML_PAGE_SELECT15_4_2_3_2,select15_4_2_3_2,true
SELECT15_4_2_3_3,8156,HACTION_SELECT15_4_2_3_3,8156,HTML_PAGE_SELECT15_4_2_3_3,select15_4_2_3_3,true
SELECT15_4_2_3_4,8157,HACTION_SELECT15_4_2_3_4,8157,HTML_PAGE_SELECT15_4_2_3_4,select15_4_2_3_4,true
SELECT15_4_2_4,8158,HACTION_SELECT15_4_2_4,8158,HTML_PAGE_SELECT15_4_2_4,select15_4_2_4,true
SELECT15_4_2_4_1,8159,HACTION_SELECT15_4_2_4_1,8159,HTML_PAGE_SELECT15_4_2_4_1,select15_4_2_4_1,true
SELECT15_4_2_4_2,8160,HACTION_SELECT15_4_2_4_2,8160,HTML_PAGE_SELECT15_4_2_4_2,select15_4_2_4_2,true
SELECT15_4_2_4_3,8161,HACTION_SELECT15_4_2_4_3,8161,HTML_PAGE_SELECT15_4_2_4_3,select15_4_2_4_3,true
SELECT15_4_2_4_4,8162,HACTION_SELECT15_4_2_4_4,8162,HTML_PAGE_SELECT15_4_2_4_4,select15_4_2_4_4,true
SELECT15_4_3,8163,HACTION_SELECT15_4_3,8163,HTML_PAGE_SELECT15_4_3,select15_4_3,true
SELECT15_4_3_1,8164,HACTION_SELECT15_4_3_1,8164,HTML_PAGE_SELECT15_4_3_1,select15_4_3_1,true
SELECT15_4_3_1_1,8165,HACTION_SELECT15_4_3_1_1,8165,HTML_PAGE_SELECT15_4_3_1_1,select15_4_3_1_1,true
SELECT15_4_3_1_2,8166,HACTION_SELECT15_4_3_1_2,8166,HTML_PAGE_SELECT15_4_3_1_2,select15_4_3_1_2,true
SELECT15_4_3_1_3,8167,HACTION_SELECT15_4_3_1_3,8167,HTML_PAGE_SELECT15_4_3_1_3,select15_4_3_1_3,true
SELECT15_4_3_1_4,8168,HACTION_SELECT15_4_3_1_4,8168,HTML_PAGE_SELECT15_4_3_1_4,select15_4_3_1_4,true
SELECT15_4_3_2,8169,HACTION_SELECT15_4_3_2,8169,HTML_PAGE_SELECT15_4_3_2,select15_4_3_2,true
SELECT15_4_3_2_1,8170,HACTION_SELECT15_4_3_2_1,8170,HTML_PAGE_SELECT15_4_3_2_1,select15_4_3_2_1,true
SELECT15_4_3_2_2,8171,HACTION_SELECT15_4_3_2_2,8171,HTML_PAGE_SELECT15_4_3_2_2,select15_4_3_2_2,true
SELECT15_4_3_2_3,8172,HACTION_SELECT15_4_3_2_3,8172,HTML_PAGE_SELECT15_4_3_2_3,select15_4_3_2_3,true
SELECT15_4_3_2_4,8173,HACTION_SELECT15_4_3_2_4,8173,HTML_PAGE_SELECT15_4_3_2_4,select15_4_3_2_4,true
SELECT15_4_3_3,8174,HACTION_SELECT15_4_3_3,8174,HTML_PAGE_SELECT15_4_3_3,select15_4_3_3,true
SELECT15_4_3_3_1,8175,HACTION_SELECT15_4_3_3_1,8175,HTML_PAGE_SELECT15_4_3_3_1,select15_4_3_3_1,true
SELECT15_4_3_3_2,8176,HACTION_SELECT15_4_3_3_2,8176,HTML_PAGE_SELECT15_4_3_3_2,select15_4_3_3_2,true
SELECT15_4_3_3_3,8177,HACTION_SELECT15_4_3_3_3,8177,HTML_PAGE_SELECT15_4_3_3_3,select15_4_3_3_3,true
SELECT15_4_3_3_4,8178,HACTION_SELECT15_4_3_3_4,8178,HTML_PAGE_SELECT15_4_3_3_4,select15_4_3_3_4,true
SELECT15_4_3_4,8179,HACTION_SELECT15_4_3_4,8179,HTML_PAGE_SELECT15_4_3_4,select15_4_3_4,true
SELECT15_4_3_4_1,8180,HACTION_SELECT15_4_3_4_1,8180,HTML_PAGE_SELECT15_4_3_4_1,select15_4_3_4_1,true
SELECT15_4_3_4_2,8181,HACTION_SELECT15_4_3_4_2,8181,HTML_PAGE_SELECT15_4_3_4_2,select15_4_3_4_2,true
SELECT15_4_3_4_3,8182,HACTION_SELECT15_4_3_4_3,8182,HTML_PAGE_SELECT15_4_3_4_3,select15_4_3_4_3,true
SELECT15_4_3_4_4,8183,HACTION_SELECT15_4_3_4_4,8183,HTML_PAGE_SELECT15_4_3_4_4,select15_4_3_4_4,true
SELECT15_4_4,8184,HACTION_SELECT15_4_4,8184,HTML_PAGE_SELECT15_4_4,select15_4_4,true
SELECT15_4_4_1,8185,HACTION_SELECT15_4_4_1,8185,HTML_PAGE_SELECT15_4_4_1,select15_4_4_1,true
SELECT15_4_4_1_1,8186,HACTION_SELECT15_4_4_1_1,8186,HTML_PAGE_SELECT15_4_4_1_1,select15_4_4_1_1,true
SELECT15_4_4_1_2,8187,HACTION_SELECT15_4_4_1_2,8187,HTML_PAGE_SELECT15_4_4_1_2,select15_4_4_1_2,true
SELECT15_4_4_1_3,8188,HACTION_SELECT15_4_4_1_3,8188,HTML_PAGE_SELECT15_4_4_1_3,select15_4_4_1_3,true
SELECT15_4_4_1_4,8189,HACTION_SELECT15_4_4_1_4,8189,HTML_PAGE_SELECT15_4_4_1_4,select15_4_4_1_4,true
SELECT15_4_4_2,8190,HACTION_SELECT15_4_4_2,8190,HTML_PAGE_SELECT15_4_4_2,select15_4_4_2,true
SELECT15_4_4_2_1,8191,HACTION_SELECT15_4_4_2_1,8191,HTML_PAGE_SELECT15_4_4_2_1,select15_4_4_2_1,true
SELECT15_4_4_2_2,8192,HACTION_SELECT15_4_4_2_2,8192,HTML_PAGE_SELECT15_4_4_2_2,select15_4_4_2_2,true
SELECT15_4_4_2_3,8193,HACTION_SELECT15_4_4_2_3,8193,HTML_PAGE_SELECT15_4_4_2_3,select15_4_4_2_3,true
SELECT15_4_4_2_4,8194,HACTION_SELECT15_4_4_2_4,8194,HTML_PAGE_SELECT15_4_4_2_4,select15_4_4_2_4,true
SELECT15_4_4_3,8195,HACTION_SELECT15_4_4_3,8195,HTML_PAGE_SELECT15_4_4_3,select15_4_4_3,true
SELECT15_4_4_3_1,8196,HACTION_SELECT15_4_4_3_1,8196,HTML_PAGE_SELECT15_4_4_3_1,select15_4_4_3_1,true
SELECT15_4_4_3_2,8197,HACTION_SELECT15_4_4_3_2,8197,HTML_PAGE_SELECT15_4_4_3_2,select15_4_4_3_2,true
SELECT15_4_4_3_3,8198,HACTION_SELECT15_4_4_3_3,8198,HTML_PAGE_SELECT15_4_4_3_3,select15_4_4_3_3,true
SELECT15_4_4_3_4,8199,HACTION_SELECT15_4_4_3_4,8199,HTML_PAGE_SELECT15_4_4_3_4,select15_4_4_3_4,true
SELECT15_4_4_4,8200,HACTION_SELECT15_4_4_4,8200,HTML_PAGE_SELECT15_4_4_4,select15_4_4_4,true
SELECT15_4_4_4_1,8201,HACTION_SELECT15_4_4_4_1,8201,HTML_PAGE_SELECT15_4_4_4_1,select15_4_4_4_1,true
SELECT15_4_4_4_2,8202,HACTION_SELECT15_4_4_4_2,8202,HTML_PAGE_SELECT15_4_4_4_2,select15_4_4_4_2,true
SELECT15_4_4_4_3,8203,HACTION_SELECT15_4_4_4_3,8203,HTML_PAGE_SELECT15_4_4_4_3,select15_4_4_4_3,true
SELECT15_4_4_4_4,8204,HACTION_SELECT15_4_4_4_4,8204,HTML_PAGE_SELECT15_4_4_4_4,select15_4_4_4_4,true
SELECT1_1,1012,HACTION_SELECT1_1,1012,HTML_PAGE_SELECT1_1,select1_1,true
SELECT1_1_1,1013,HACTION_SELECT1_1_1,1013,HTML_PAGE_SELECT1_1_1,select1_1_1,true
SELECT1_1_1_1,1014,HACTION_SELECT1_1_1_1,1014,HTML_PAGE_SELECT1_1_1_1,select1_1_1_1,true
SELECT1_1_1_1_1,1015,HACTION_SELECT1_1_1_1_1,1015,HTML_PAGE_SELECT1_1_1_1_1,select1_1_1_1_1,true
SELECT1_1_1_1_2,1016,HACTION_SELECT1_1_1_1_2,1016,HTML_PAGE_SELECT1_1_1_1_2,select1_1_1_1_2,true
SELECT1_1_1_1_3,1017,HACTION_SELECT1_1_1_1_3,1017,HTML_PAGE_SELECT1_1_1_1_3,select1_1_1_1_3,true
SELECT1_1_1_1_4,1018,HACTION_SELECT1_1_1_1_4,1018,HTML_PAGE_SELECT1_1_1_1_4,select1_1_1_1_4,true
SELECT1_1_1_2,1019,HACTION_SELECT1_1_1_2,1019,HTML_PAGE_SELECT1_1_1_2,select1_1_1_2,true
SELECT1_1_1_2_1,1020,HACTION_SELECT1_1_1_2_1,1020,HTML_PAGE_SELECT1_1_1_2_1,select1_1_1_2_1,true
SELECT1_1_1_2_2,1021,HACTION_SELECT1_1_1_2_2,1021,HTML_PAGE_SELECT1_1_1_2_2,select1_1_1_2_2,true
SELECT1_1_1_2_3,1022,HACTION_SELECT1_1_1_2_3,1022,HTML_PAGE_SELECT1_1_1_2_3,select1_1_1_2_3,true
SELECT1_1_1_2_4,1023,HACTION_SELECT1_1_1_2_4,1023,HTML_PAGE_SELECT1_1_1_2_4,select1_1_1_2_4,true
SELECT1_1_1_3,1024,HACTION_SELECT1_1_1_3,1024,HTML_PAGE_SELECT1_1_1_3,select1_1_1_3,true
SELECT1_1_1_3_1,1025,HACTION_SELECT1_1_1_3_1,1025,HTML_PAGE_SELECT1_1_1_3_1,select1_1_1_3_1,true
SELECT1_1_1_3_2,1026,HACTION_SELECT1_1_1_3_2,1026,HTML_PAGE_SELECT1_1_1_3_2,select1_1_1_3_2,true
SELECT1_1_1_3_3,1027,HACTION_SELECT1_1_1_3_3,1027,HTML_PAGE_SELECT1_1_1_3_3,select1_1_1_3_3,true
SELECT1_1_1_3_4,1028,HACTION_SELECT1_1_1_3_4,1028,HTML_PAGE_SELECT1_1_1_3_4,select1_1_1_3_4,true
SELECT1_1_1_4,1029,HACTION_SELECT1_1_1_4,1029,HTML_PAGE_SELECT1_1_1_4,select1_1_1_4,true
SELECT1_1_1_4_1,1030,HACTION_SELECT1_1_1_4_1,1030,HTML_PAGE_SELECT1_1_1_4_1,select1_1_1_4_1,true
SELECT1_1_1_4_2,1031,HACTION_SELECT1_1_1_4_2,1031,HTML_PAGE_SELECT1_1_1_4_2,select1_1_1_4_2,true
SELECT1_1_1_4_3,1032,HACTION_SELECT1_1_1_4_3,1032,HTML_PAGE_SELECT1_1_1_4_3,select1_1_1_4_3,true
SELECT1_1_1_4_4,1033,HACTION_SELECT1_1_1_4_4,1033,HTML_PAGE_SELECT1_1_1_4_4,select1_1_1_4_4,true
SELECT1_1_2,1034,HACTION_SELECT1_1_2,1034,HTML_PAGE_SELECT1_1_2,select1_1_2,true
SELECT1_1_2_1,1035,HACTION_SELECT1_1_2_1,1035,HTML_PAGE_SELECT1_1_2_1,select1_1_2_1,true
SELECT1_1_2_1_1,1036,HACTION_SELECT1_1_2_1_1,1036,HTML_PAGE_SELECT1_1_2_1_1,select1_1_2_1_1,true
SELECT1_1_2_1_2,1037,HACTION_SELECT1_1_2_1_2,1037,HTML_PAGE_SELECT1_1_2_1_2,select1_1_2_1_2,true
SELECT1_1_2_1_3,1038,HACTION_SELECT1_1_2_1_3,1038,HTML_PAGE_SELECT1_1_2_1_3,select1_1_2_1_3,true
SELECT1_1_2_1_4,1039,HACTION_SELECT1_1_2_1_4,1039,HTML_PAGE_SELECT1_1_2_1_4,select1_1_2_1_4,true
SELECT1_1_2_2,1040,HACTION_SELECT1_1_2_2,1040,HTML_PAGE_SELECT1_1_2_2,select1_1_2_2,true
SELECT1_1_2_2_1,1041,HACTION_SELECT1_1_2_2_1,1041,HTML_PAGE_SELECT1_1_2_2_1,select1_1_2_2_1,true
SELECT1_1_2_2_2,1042,HACTION_SELECT1_1_2_2_2,1042,HTML_PAGE_SELECT1_1_2_2_2,select1_1_2_2_2,true
SELECT1_1_2_2_3,1043,HACTION_SELECT1_1_2_2_3,1043,HTML_PAGE_SELECT1_1_2_2_3,select1_1_2_2_3,true
SELECT1_1_2_2_4,1044,HACTION_SELECT1_1_2_2_4,1044,HTML_PAGE_SELECT1_1_2_2_4,select1_1_2_2_4,true
SELECT1_1_2_3,1045,HACTION_SELECT1_1_2_3,1045,HTML_PAGE_SELECT1_1_2_3,select1_1_2_3,true
SELECT1_1_2_3_1,1046,HACTION_SELECT1_1_2_3_1,1046,HTML_PAGE_SELECT1_1_2_3_1,select1_1_2_3_1,true
SELECT1_1_2_3_2,1047,HACTION_SELECT1_1_2_3_2,1047,HTML_PAGE_SELECT1_1_2_3_2,select1_1_2_3_2,true
SELECT1_1_2_3_3,1048,HACTION_SELECT1_1_2_3_3,1048,HTML_PAGE_SELECT1_1_2_3_3,select1_1_2_3_3,true
SELECT1_1_2_3_4,1049,HACTION_SELECT1_1_2_3_4,1049,HTML_PAGE_SELECT1_1_2_3_4,select1_1_2_3_4,true
SELECT1_1_2_4,1050,HACTION_SELECT1_1_2_4,1050,HTML_PAGE_SELECT1_1_2_4,select1_1_2_4,true
SELECT1_1_2_4_1,1051,HACTION_SELECT1_1_2_4_1,1051,HTML_PAGE_SELECT1_1_2_4_1,select1_1_2_4_1,true
SELECT1_1_2_4_2,1052,HACTION_SELECT1_1_2_4_2,1052,HTML_PAGE_SELECT1_1_2_4_2,select1_1_2_4_2,true
SELECT1_1_2_4_3,1053,HACTION_SELECT1_1_2_4_3,1053,HTML_PAGE_SELECT1_1_2_4_3,select1_1_2_4_3,true
SELECT1_1_2_4_4,1054,HACTION_SELECT1_1_2_4_4,1054,HTML_PAGE_SELECT1_1_2_4_4,select1_1_2_4_4,true
SELECT1_1_3,1055,HACTION_SELECT1_1_3,1055,HTML_PAGE_SELECT1_1_3,select1_1_3,true
SELECT1_1_3_1,1056,HACTION_SELECT1_1_3_1,1056,HTML_PAGE_SELECT1_1_3_1,select1_1_3_1,true
SELECT1_1_3_1_1,1057,HACTION_SELECT1_1_3_1_1,1057,HTML_PAGE_SELECT1_1_3_1_1,select1_1_3_1_1,true
SELECT1_1_3_1_2,1058,HACTION_SELECT1_1_3_1_2,1058,HTML_PAGE_SELECT1_1_3_1_2,select1_1_3_1_2,true
SELECT1_1_3_1_3,1059,HACTION_SELECT1_1_3_1_3,1059,HTML_PAGE_SELECT1_1_3_1_3,select1_1_3_1_3,true
SELECT1_1_3_1_4,1060,HACTION_SELECT1_1_3_1_4,1060,HTML_PAGE_SELECT1_1_3_1_4,select1_1_3_1_4,true
SELECT1_1_3_2,1061,HACTION_SELECT1_1_3_2,1061,HTML_PAGE_SELECT1_1_3_2,select1_1_3_2,true
SELECT1_1_3_2_1,1062,HACTION_SELECT1_1_3_2_1,1062,HTML_PAGE_SELECT1_1_3_2_1,select1_1_3_2_1,true
SELECT1_1_3_2_2,1063,HACTION_SELECT1_1_3_2_2,1063,HTML_PAGE_SELECT1_1_3_2_2,select1_1_3_2_2,true
SELECT1_1_3_2_3,1064,HACTION_SELECT1_1_3_2_3,1064,HTML_PAGE_SELECT1_1_3_2_3,select1_1_3_2_3,true
SELECT1_1_3_2_4,1065,HACTION_SELECT1_1_3_2_4,1065,HTML_PAGE_SELECT1_1_3_2_4,select1_1_3_2_4,true
SELECT1_1_3_3,1066,HACTION_SELECT1_1_3_3,1066,HTML_PAGE_SELECT1_1_3_3,select1_1_3_3,true
SELECT1_1_3_3_1,1067,HACTION_SELECT1_1_3_3_1,1067,HTML_PAGE_SELECT1_1_3_3_1,select1_1_3_3_1,true
SELECT1_1_3_3_2,1068,HACTION_SELECT1_1_3_3_2,1068,HTML_PAGE_SELECT1_1_3_3_2,select1_1_3_3_2,true
SELECT1_1_3_3_3,1069,HACTION_SELECT1_1_3_3_3,1069,HTML_PAGE_SELECT1_1_3_3_3,select1_1_3_3_3,true
SELECT1_1_3_3_4,1070,HACTION_SELECT1_1_3_3_4,1070,HTML_PAGE_SELECT1_1_3_3_4,select1_1_3_3_4,true
SELECT1_1_3_4,1071,HACTION_SELECT1_1_3_4,1071,HTML_PAGE_SELECT1_1_3_4,select1_1_3_4,true
SELECT1_1_3_4_1,1072,HACTION_SELECT1_1_3_4_1,1072,HTML_PAGE_SELECT1_1_3_4_1,select1_1_3_4_1,true
SELECT1_1_3_4_2,1073,HACTION_SELECT1_1_3_4_2,1073,HTML_PAGE_SELECT1_1_3_4_2,select1_1_3_4_2,true
SELECT1_1_3_4_3,1074,HACTION_SELECT1_1_3_4_3,1074,HTML_PAGE_SELECT1_1_3_4_3,select1_1_3_4_3,true
SELECT1_1_3_4_4,1075,HACTION_SELECT1_1_3_4_4,1075,HTML_PAGE_SELECT1_1_3_4_4,select1_1_3_4_4,true
SELECT1_1_4,1076,HACTION_SELECT1_1_4,1076,HTML_PAGE_SELECT1_1_4,select1_1_4,true
SELECT1_1_4_1,1077,HACTION_SELECT1_1_4_1,1077,HTML_PAGE_SELECT1_1_4_1,select1_1_4_1,true
SELECT1_1_4_1_1,1078,HACTION_SELECT1_1_4_1_1,1078,HTML_PAGE_SELECT1_1_4_1_1,select1_1_4_1_1,true
SELECT1_1_4_1_2,1079,HACTION_SELECT1_1_4_1_2,1079,HTML_PAGE_SELECT1_1_4_1_2,select1_1_4_1_2,true
SELECT1_1_4_1_3,1080,HACTION_SELECT1_1_4_1_3,1080,HTML_PAGE_SELECT1_1_4_1_3,select1_1_4_1_3,true
SELECT1_1_4_1_4,1081,HACTION_SELECT1_1_4_1_4,1081,HTML_PAGE_SELECT1_1_4_1_4,select1_1_4_1_4,true
SELECT1_1_4_2,1082,HACTION_SELECT1_1_4_2,1082,HTML_PAGE_SELECT1_1_4_2,select1_1_4_2,true
SELECT1_1_4_2_1,1083,HACTION_SELECT1_1_4_2_1,1083,HTML_PAGE_SELECT1_1_4_2_1,select1_1_4_2_1,true
SELECT1_1_4_2_2,1084,HACTION_SELECT1_1_4_2_2,1084,HTML_PAGE_SELECT1_1_4_2_2,select1_1_4_2_2,true
SELECT1_1_4_2_3,1085,HACTION_SELECT1_1_4_2_3,1085,HTML_PAGE_SELECT1_1_4_2_3,select1_1_4_2_3,true
SELECT1_1_4_2_4,1086,HACTION_SELECT1_1_4_2_4,1086,HTML_PAGE_SELECT1_1_4_2_4,select1_1_4_2_4,true
SELECT1_1_4_3,1087,HACTION_SELECT1_1_4_3,1087,HTML_PAGE_SELECT1_1_4_3,select1_1_4_3,true
SELECT1_1_4_3_1,1088,HACTION_SELECT1_1_4_3_1,1088,HTML_PAGE_SELECT1_1_4_3_1,select1_1_4_3_1,true
SELECT1_1_4_3_2,1089,HACTION_SELECT1_1_4_3_2,1089,HTML_PAGE_SELECT1_1_4_3_2,select1_1_4_3_2,true
SELECT1_1_4_3_3,1090,HACTION_SELECT1_1_4_3_3,1090,HTML_PAGE_SELECT1_1_4_3_3,select1_1_4_3_3,true
SELECT1_1_4_3_4,1091,HACTION_SELECT1_1_4_3_4,1091,HTML_PAGE_SELECT1_1_4_3_4,select1_1_4_3_4,true
SELECT1_1_4_4,1092,HACTION_SELECT1_1_4_4,1092,HTML_PAGE_SELECT1_1_4_4,select1_1_4_4,true
SELECT1_1_4_4_1,1093,HACTION_SELECT1_1_4_4_1,1093,HTML_PAGE_SELECT1_1_4_4_1,select1_1_4_4_1,true
SELECT1_1_4_4_2,1094,HACTION_SELECT1_1_4_4_2,1094,HTML_PAGE_SELECT1_1_4_4_2,select1_1_4_4_2,true
SELECT1_1_4_4_3,1095,HACTION_SELECT1_1_4_4_3,1095,HTML_PAGE_SELECT1_1_4_4_3,select1_1_4_4_3,true
SELECT1_1_4_4_4,1096,HACTION_SELECT1_1_4_4_4,1096,HTML_PAGE_SELECT1_1_4_4_4,select1_1_4_4_4,true
SELECT1_2,1097,HACTION_SELECT1_2,1097,HTML_PAGE_SELECT1_2,select1_2,true
SELECT1_2_1,1098,HACTION_SELECT1_2_1,1098,HTML_PAGE_SELECT1_2_1,select1_2_1,true
SELECT1_2_1_1,1099,HACTION_SELECT1_2_1_1,1099,HTML_PAGE_SELECT1_2_1_1,select1_2_1_1,true
SELECT1_2_1_1_1,1100,HACTION_SELECT1_2_1_1_1,1100,HTML_PAGE_SELECT1_2_1_1_1,select1_2_1_1_1,true
SELECT1_2_1_1_2,1101,HACTION_SELECT1_2_1_1_2,1101,HTML_PAGE_SELECT1_2_1_1_2,select1_2_1_1_2,true
SELECT1_2_1_1_3,1102,HACTION_SELECT1_2_1_1_3,1102,HTML_PAGE_SELECT1_2_1_1_3,select1_2_1_1_3,true
SELECT1_2_1_1_4,1103,HACTION_SELECT1_2_1_1_4,1103,HTML_PAGE_SELECT1_2_1_1_4,select1_2_1_1_4,true
SELECT1_2_1_2,1104,HACTION_SELECT1_2_1_2,1104,HTML_PAGE_SELECT1_2_1_2,select1_2_1_2,true
SELECT1_2_1_2_1,1105,HACTION_SELECT1_2_1_2_1,1105,HTML_PAGE_SELECT1_2_1_2_1,select1_2_1_2_1,true
SELECT1_2_1_2_2,1106,HACTION_SELECT1_2_1_2_2,1106,HTML_PAGE_SELECT1_2_1_2_2,select1_2_1_2_2,true
SELECT1_2_1_2_3,1107,HACTION_SELECT1_2_1_2_3,1107,HTML_PAGE_SELECT1_2_1_2_3,select1_2_1_2_3,true
SELECT1_2_1_2_4,1108,HACTION_SELECT1_2_1_2_4,1108,HTML_PAGE_SELECT1_2_1_2_4,select1_2_1_2_4,true
SELECT1_2_1_3,1109,HACTION_SELECT1_2_1_3,1109,HTML_PAGE_SELECT1_2_1_3,select1_2_1_3,true
SELECT1_2_1_3_1,1110,HACTION_SELECT1_2_1_3_1,1110,HTML_PAGE_SELECT1_2_1_3_1,select1_2_1_3_1,true
SELECT1_2_1_3_2,1111,HACTION_SELECT1_2_1_3_2,1111,HTML_PAGE_SELECT1_2_1_3_2,select1_2_1_3_2,true
SELECT1_2_1_3_3,1112,HACTION_SELECT1_2_1_3_3,1112,HTML_PAGE_SELECT1_2_1_3_3,select1_2_1_3_3,true
SELECT1_2_1_3_4,1113,HACTION_SELECT1_2_1_3_4,1113,HTML_PAGE_SELECT1_2_1_3_4,select1_2_1_3_4,true
SELECT1_2_1_4,1114,HACTION_SELECT1_2_1_4,1114,HTML_PAGE_SELECT1_2_1_4,select1_2_1_4,true
SELECT1_2_1_4_1,1115,HACTION_SELECT1_2_1_4_1,1115,HTML_PAGE_SELECT1_2_1_4_1,select1_2_1_4_1,true
SELECT1_2_1_4_2,1116,HACTION_SELECT1_2_1_4_2,1116,HTML_PAGE_SELECT1_2_1_4_2,select1_2_1_4_2,true
SELECT1_2_1_4_3,1117,HACTION_SELECT1_2_1_4_3,1117,HTML_PAGE_SELECT1_2_1_4_3,select1_2_1_4_3,true
SELECT1_2_1_4_4,1118,HACTION_SELECT1_2_1_4_4,1118,HTML_PAGE_SELECT1_2_1_4_4,select1_2_1_4_4,true
SELECT1_2_2,1119,HACTION_SELECT1_2_2,1119,HTML_PAGE_SELECT1_2_2,select1_2_2,true
SELECT1_2_2_1,1120,HACTION_SELECT1_2_2_1,1120,HTML_PAGE_SELECT1_2_2_1,select1_2_2_1,true
SELECT1_2_2_1_1,1121,HACTION_SELECT1_2_2_1_1,1121,HTML_PAGE_SELECT1_2_2_1_1,select1_2_2_1_1,true
SELECT1_2_2_1_2,1122,HACTION_SELECT1_2_2_1_2,1122,HTML_PAGE_SELECT1_2_2_1_2,select1_2_2_1_2,true
SELECT1_2_2_1_3,1123,HACTION_SELECT1_2_2_1_3,1123,HTML_PAGE_SELECT1_2_2_1_3,select1_2_2_1_3,true
SELECT1_2_2_1_4,1124,HACTION_SELECT1_2_2_1_4,1124,HTML_PAGE_SELECT1_2_2_1_4,select1_2_2_1_4,true
SELECT1_2_2_2,1125,HACTION_SELECT1_2_2_2,1125,HTML_PAGE_SELECT1_2_2_2,select1_2_2_2,true
SELECT1_2_2_2_1,1126,HACTION_SELECT1_2_2_2_1,1126,HTML_PAGE_SELECT1_2_2_2_1,select1_2_2_2_1,true
SELECT1_2_2_2_2,1127,HACTION_SELECT1_2_2_2_2,1127,HTML_PAGE_SELECT1_2_2_2_2,select1_2_2_2_2,true
SELECT1_2_2_2_3,1128,HACTION_SELECT1_2_2_2_3,1128,HTML_PAGE_SELECT1_2_2_2_3,select1_2_2_2_3,true
SELECT1_2_2_2_4,1129,HACTION_SELECT1_2_2_2_4,1129,HTML_PAGE_SELECT1_2_2_2_4,select1_2_2_2_4,true
SELECT1_2_2_3,1130,HACTION_SELECT1_2_2_3,1130,HTML_PAGE_SELECT1_2_2_3,select1_2_2_3,true
SELECT1_2_2_3_1,1131,HACTION_SELECT1_2_2_3_1,1131,HTML_PAGE_SELECT1_2_2_3_1,select1_2_2_3_1,true
SELECT1_2_2_3_2,1132,HACTION_SELECT1_2_2_3_2,1132,HTML_PAGE_SELECT1_2_2_3_2,select1_2_2_3_2,true
SELECT1_2_2_3_3,1133,HACTION_SELECT1_2_2_3_3,1133,HTML_PAGE_SELECT1_2_2_3_3,select1_2_2_3_3,true
SELECT1_2_2_3_4,1134,HACTION_SELECT1_2_2_3_4,1134,HTML_PAGE_SELECT1_2_2_3_4,select1_2_2_3_4,true
SELECT1_2_2_4,1135,HACTION_SELECT1_2_2_4,1135,HTML_PAGE_SELECT1_2_2_4,select1_2_2_4,true
SELECT1_2_2_4_1,1136,HACTION_SELECT1_2_2_4_1,1136,HTML_PAGE_SELECT1_2_2_4_1,select1_2_2_4_1,true
SELECT1_2_2_4_2,1137,HACTION_SELECT1_2_2_4_2,1137,HTML_PAGE_SELECT1_2_2_4_2,select1_2_2_4_2,true
SELECT1_2_2_4_3,1138,HACTION_SELECT1_2_2_4_3,1138,HTML_PAGE_SELECT1_2_2_4_3,select1_2_2_4_3,true
SELECT1_2_2_4_4,1139,HACTION_SELECT1_2_2_4_4,1139,HTML_PAGE_SELECT1_2_2_4_4,select1_2_2_4_4,true
SELECT1_2_3,1140,HACTION_SELECT1_2_3,1140,HTML_PAGE_SELECT1_2_3,select1_2_3,true
SELECT1_2_3_1,1141,HACTION_SELECT1_2_3_1,1141,HTML_PAGE_SELECT1_2_3_1,select1_2_3_1,true
SELECT1_2_3_1_1,1142,HACTION_SELECT1_2_3_1_1,1142,HTML_PAGE_SELECT1_2_3_1_1,select1_2_3_1_1,true
SELECT1_2_3_1_2,1143,HACTION_SELECT1_2_3_1_2,1143,HTML_PAGE_SELECT1_2_3_1_2,select1_2_3_1_2,true
SELECT1_2_3_1_3,1144,HACTION_SELECT1_2_3_1_3,1144,HTML_PAGE_SELECT1_2_3_1_3,select1_2_3_1_3,true
SELECT1_2_3_1_4,1145,HACTION_SELECT1_2_3_1_4,1145,HTML_PAGE_SELECT1_2_3_1_4,select1_2_3_1_4,true
SELECT1_2_3_2,1146,HACTION_SELECT1_2_3_2,1146,HTML_PAGE_SELECT1_2_3_2,select1_2_3_2,true
SELECT1_2_3_2_1,1147,HACTION_SELECT1_2_3_2_1,1147,HTML_PAGE_SELECT1_2_3_2_1,select1_2_3_2_1,true
SELECT1_2_3_2_2,1148,HACTION_SELECT1_2_3_2_2,1148,HTML_PAGE_SELECT1_2_3_2_2,select1_2_3_2_2,true
SELECT1_2_3_2_3,1149,HACTION_SELECT1_2_3_2_3,1149,HTML_PAGE_SELECT1_2_3_2_3,select1_2_3_2_3,true
SELECT1_2_3_2_4,1150,HACTION_SELECT1_2_3_2_4,1150,HTML_PAGE_SELECT1_2_3_2_4,select1_2_3_2_4,true
SELECT1_2_3_3,1151,HACTION_SELECT1_2_3_3,1151,HTML_PAGE_SELECT1_2_3_3,select1_2_3_3,true
SELECT1_2_3_3_1,1152,HACTION_SELECT1_2_3_3_1,1152,HTML_PAGE_SELECT1_2_3_3_1,select1_2_3_3_1,true
SELECT1_2_3_3_2,1153,HACTION_SELECT1_2_3_3_2,1153,HTML_PAGE_SELECT1_2_3_3_2,select1_2_3_3_2,true
SELECT1_2_3_3_3,1154,HACTION_SELECT1_2_3_3_3,1154,HTML_PAGE_SELECT1_2_3_3_3,select1_2_3_3_3,true
SELECT1_2_3_3_4,1155,HACTION_SELECT1_2_3_3_4,1155,HTML_PAGE_SELECT1_2_3_3_4,select1_2_3_3_4,true
SELECT1_2_3_4,1156,HACTION_SELECT1_2_3_4,1156,HTML_PAGE_SELECT1_2_3_4,select1_2_3_4,true
SELECT1_2_3_4_1,1157,HACTION_SELECT1_2_3_4_1,1157,HTML_PAGE_SELECT1_2_3_4_1,select1_2_3_4_1,true
SELECT1_2_3_4_2,1158,HACTION_SELECT1_2_3_4_2,1158,HTML_PAGE_SELECT1_2_3_4_2,select1_2_3_4_2,true
SELECT1_2_3_4_3,1159,HACTION_SELECT1_2_3_4_3,1159,HTML_PAGE_SELECT1_2_3_4_3,select1_2_3_4_3,true
SELECT1_2_3_4_4,1160,HACTION_SELECT1_2_3_4_4,1160,HTML_PAGE_SELECT1_2_3_4_4,select1_2_3_4_4,true
SELECT1_2_4,1161,HACTION_SELECT1_2_4,1161,HTML_PAGE_SELECT1_2_4,select1_2_4,true
SELECT1_2_4_1,1162,HACTION_SELECT1_2_4_1,1162,HTML_PAGE_SELECT1_2_4_1,select1_2_4_1,true
SELECT1_2_4_1_1,1163,HACTION_SELECT1_2_4_1_1,1163,HTML_PAGE_SELECT1_2_4_1_1,select1_2_4_1_1,true
SELECT1_2_4_1_2,1164,HACTION_SELECT1_2_4_1_2,1164,HTML_PAGE_SELECT1_2_4_1_2,select1_2_4_1_2,true
SELECT1_2_4_1_3,1165,HACTION_SELECT1_2_4_1_3,1165,HTML_PAGE_SELECT1_2_4_1_3,select1_2_4_1_3,true
SELECT1_2_4_1_4,1166,HACTION_SELECT1_2_4_1_4,1166,HTML_PAGE_SELECT1_2_4_1_4,select1_2_4_1_4,true
SELECT1_2_4_2,1167,HACTION_SELECT1_2_4_2,1167,HTML_PAGE_SELECT1_2_4_2,select1_2_4_2,true
SELECT1_2_4_2_1,1168,HACTION_SELECT1_2_4_2_1,1168,HTML_PAGE_SELECT1_2_4_2_1,select1_2_4_2_1,true
SELECT1_2_4_2_2,1169,HACTION_SELECT1_2_4_2_2,1169,HTML_PAGE_SELECT1_2_4_2_2,select1_2_4_2_2,true
SELECT1_2_4_2_3,1170,HACTION_SELECT1_2_4_2_3,1170,HTML_PAGE_SELECT1_2_4_2_3,select1_2_4_2_3,true
SELECT1_2_4_2_4,1171,HACTION_SELECT1_2_4_2_4,1171,HTML_PAGE_SELECT1_2_4_2_4,select1_2_4_2_4,true
SELECT1_2_4_3,1172,HACTION_SELECT1_2_4_3,1172,HTML_PAGE_SELECT1_2_4_3,select1_2_4_3,true
SELECT1_2_4_3_1,1173,HACTION_SELECT1_2_4_3_1,1173,HTML_PAGE_SELECT1_2_4_3_1,select1_2_4_3_1,true
SELECT1_2_4_3_2,1174,HACTION_SELECT1_2_4_3_2,1174,HTML_PAGE_SELECT1_2_4_3_2,select1_2_4_3_2,true
SELECT1_2_4_3_3,1175,HACTION_SELECT1_2_4_3_3,1175,HTML_PAGE_SELECT1_2_4_3_3,select1_2_4_3_3,true
SELECT1_2_4_3_4,1176,HACTION_SELECT1_2_4_3_4,1176,HTML_PAGE_SELECT1_2_4_3_4,select1_2_4_3_4,true
SELECT1_2_4_4,1177,HACTION_SELECT1_2_4_4,1177,HTML_PAGE_SELECT1_2_4_4,select1_2_4_4,true
SELECT1_2_4_4_1,1178,HACTION_SELECT1_2_4_4_1,1178,HTML_PAGE_SELECT1_2_4_4_1,select1_2_4_4_1,true
SELECT1_2_4_4_2,1179,HACTION_SELECT1_2_4_4_2,1179,HTML_PAGE_SELECT1_2_4_4_2,select1_2_4_4_2,true
SELECT1_2_4_4_3,1180,HACTION_SELECT1_2_4_4_3,1180,HTML_PAGE_SELECT1_2_4_4_3,select1_2_4_4_3,true
SELECT1_2_4_4_4,1181,HACTION_SELECT1_2_4_4_4,1181,HTML_PAGE_SELECT1_2_4_4_4,select1_2_4_4_4,true
SELECT1_3,1182,HACTION_SELECT1_3,1182,HTML_PAGE_SELECT1_3,select1_3,true
SELECT1_3_1,1183,HACTION_SELECT1_3_1,1183,HTML_PAGE_SELECT1_3_1,select1_3_1,true
SELECT1_3_1_1,1184,HACTION_SELECT1_3_1_1,1184,HTML_PAGE_SELECT1_3_1_1,select1_3_1_1,true
SELECT1_3_1_1_1,1185,HACTION_SELECT1_3_1_1_1,1185,HTML_PAGE_SELECT1_3_1_1_1,select1_3_1_1_1,true
SELECT1_3_1_1_2,1186,HACTION_SELECT1_3_1_1_2,1186,HTML_PAGE_SELECT1_3_1_1_2,select1_3_1_1_2,true
SELECT1_3_1_1_3,1187,HACTION_SELECT1_3_1_1_3,1187,HTML_PAGE_SELECT1_3_1_1_3,select1_3_1_1_3,true
SELECT1_3_1_1_4,1188,HACTION_SELECT1_3_1_1_4,1188,HTML_PAGE_SELECT1_3_1_1_4,select1_3_1_1_4,true
SELECT1_3_1_2,1189,HACTION_SELECT1_3_1_2,1189,HTML_PAGE_SELECT1_3_1_2,select1_3_1_2,true
SELECT1_3_1_2_1,1190,HACTION_SELECT1_3_1_2_1,1190,HTML_PAGE_SELECT1_3_1_2_1,select1_3_1_2_1,true
SELECT1_3_1_2_2,1191,HACTION_SELECT1_3_1_2_2,1191,HTML_PAGE_SELECT1_3_1_2_2,select1_3_1_2_2,true
SELECT1_3_1_2_3,1192,HACTION_SELECT1_3_1_2_3,1192,HTML_PAGE_SELECT1_3_1_2_3,select1_3_1_2_3,true
SELECT1_3_1_2_4,1193,HACTION_SELECT1_3_1_2_4,1193,HTML_PAGE_SELECT1_3_1_2_4,select1_3_1_2_4,true
SELECT1_3_1_3,1194,HACTION_SELECT1_3_1_3,1194,HTML_PAGE_SELECT1_3_1_3,select1_3_1_3,true
SELECT1_3_1_3_1,1195,HACTION_SELECT1_3_1_3_1,1195,HTML_PAGE_SELECT1_3_1_3_1,select1_3_1_3_1,true
SELECT1_3_1_3_2,1196,HACTION_SELECT1_3_1_3_2,1196,HTML_PAGE_SELECT1_3_1_3_2,select1_3_1_3_2,true
SELECT1_3_1_3_3,1197,HACTION_SELECT1_3_1_3_3,1197,HTML_PAGE_SELECT1_3_1_3_3,select1_3_1_3_3,true
SELECT1_3_1_3_4,1198,HACTION_SELECT1_3_1_3_4,1198,HTML_PAGE_SELECT1_3_1_3_4,select1_3_1_3_4,true
SELECT1_3_1_4,1199,HACTION_SELECT1_3_1_4,1199,HTML_PAGE_SELECT1_3_1_4,select1_3_1_4,true
SELECT1_3_1_4_1,1200,HACTION_SELECT1_3_1_4_1,1200,HTML_PAGE_SELECT1_3_1_4_1,select1_3_1_4_1,true
SELECT1_3_1_4_2,1201,HACTION_SELECT1_3_1_4_2,1201,HTML_PAGE_SELECT1_3_1_4_2,select1_3_1_4_2,true
SELECT1_3_1_4_3,1202,HACTION_SELECT1_3_1_4_3,1202,HTML_PAGE_SELECT1_3_1_4_3,select1_3_1_4_3,true
SELECT1_3_1_4_4,1203,HACTION_SELECT1_3_1_4_4,1203,HTML_PAGE_SELECT1_3_1_4_4,select1_3_1_4_4,true
SELECT1_3_2,1204,HACTION_SELECT1_3_2,1204,HTML_PAGE_SELECT1_3_2,select1_3_2,true
SELECT1_3_2_1,1205,HACTION_SELECT1_3_2_1,1205,HTML_PAGE_SELECT1_3_2_1,select1_3_2_1,true
SELECT1_3_2_1_1,1206,HACTION_SELECT1_3_2_1_1,1206,HTML_PAGE_SELECT1_3_2_1_1,select1_3_2_1_1,true
SELECT1_3_2_1_2,1207,HACTION_SELECT1_3_2_1_2,1207,HTML_PAGE_SELECT1_3_2_1_2,select1_3_2_1_2,true
SELECT1_3_2_1_3,1208,HACTION_SELECT1_3_2_1_3,1208,HTML_PAGE_SELECT1_3_2_1_3,select1_3_2_1_3,true
SELECT1_3_2_1_4,1209,HACTION_SELECT1_3_2_1_4,1209,HTML_PAGE_SELECT1_3_2_1_4,select1_3_2_1_4,true
SELECT1_3_2_2,1210,HACTION_SELECT1_3_2_2,1210,HTML_PAGE_SELECT1_3_2_2,select1_3_2_2,true
SELECT1_3_2_2_1,1211,HACTION_SELECT1_3_2_2_1,1211,HTML_PAGE_SELECT1_3_2_2_1,select1_3_2_2_1,true
SELECT1_3_2_2_2,1212,HACTION_SELECT1_3_2_2_2,1212,HTML_PAGE_SELECT1_3_2_2_2,select1_3_2_2_2,true
SELECT1_3_2_2_3,1213,HACTION_SELECT1_3_2_2_3,1213,HTML_PAGE_SELECT1_3_2_2_3,select1_3_2_2_3,true
SELECT1_3_2_2_4,1214,HACTION_SELECT1_3_2_2_4,1214,HTML_PAGE_SELECT1_3_2_2_4,select1_3_2_2_4,true
SELECT1_3_2_3,1215,HACTION_SELECT1_3_2_3,1215,HTML_PAGE_SELECT1_3_2_3,select1_3_2_3,true
SELECT1_3_2_3_1,1216,HACTION_SELECT1_3_2_3_1,1216,HTML_PAGE_SELECT1_3_2_3_1,select1_3_2_3_1,true
SELECT1_3_2_3_2,1217,HACTION_SELECT1_3_2_3_2,1217,HTML_PAGE_SELECT1_3_2_3_2,select1_3_2_3_2,true
SELECT1_3_2_3_3,1218,HACTION_SELECT1_3_2_3_3,1218,HTML_PAGE_SELECT1_3_2_3_3,select1_3_2_3_3,true
SELECT1_3_2_3_4,1219,HACTION_SELECT1_3_2_3_4,1219,HTML_PAGE_SELECT1_3_2_3_4,select1_3_2_3_4,true
SELECT1_3_2_4,1220,HACTION_SELECT1_3_2_4,1220,HTML_PAGE_SELECT1_3_2_4,select1_3_2_4,true
SELECT1_3_2_4_1,1221,HACTION_SELECT1_3_2_4_1,1221,HTML_PAGE_SELECT1_3_2_4_1,select1_3_2_4_1,true
SELECT1_3_2_4_2,1222,HACTION_SELECT1_3_2_4_2,1222,HTML_PAGE_SELECT1_3_2_4_2,select1_3_2_4_2,true
SELECT1_3_2_4_3,1223,HACTION_SELECT1_3_2_4_3,1223,HTML_PAGE_SELECT1_3_2_4_3,select1_3_2_4_3,true
SELECT1_3_2_4_4,1224,HACTION_SELECT1_3_2_4_4,1224,HTML_PAGE_SELECT1_3_2_4_4,select1_3_2_4_4,true
SELECT1_3_3,1225,HACTION_SELECT1_3_3,1225,HTML_PAGE_SELECT1_3_3,select1_3_3,true
SELECT1_3_3_1,1226,HACTION_SELECT1_3_3_1,1226,HTML_PAGE_SELECT1_3_3_1,select1_3_3_1,true
SELECT1_3_3_1_1,1227,HACTION_SELECT1_3_3_1_1,1227,HTML_PAGE_SELECT1_3_3_1_1,select1_3_3_1_1,true
SELECT1_3_3_1_2,1228,HACTION_SELECT1_3_3_1_2,1228,HTML_PAGE_SELECT1_3_3_1_2,select1_3_3_1_2,true
SELECT1_3_3_1_3,1229,HACTION_SELECT1_3_3_1_3,1229,HTML_PAGE_SELECT1_3_3_1_3,select1_3_3_1_3,true
SELECT1_3_3_1_4,1230,HACTION_SELECT1_3_3_1_4,1230,HTML_PAGE_SELECT1_3_3_1_4,select1_3_3_1_4,true
SELECT1_3_3_2,1231,HACTION_SELECT1_3_3_2,1231,HTML_PAGE_SELECT1_3_3_2,select1_3_3_2,true
SELECT1_3_3_2_1,1232,HACTION_SELECT1_3_3_2_1,1232,HTML_PAGE_SELECT1_3_3_2_1,select1_3_3_2_1,true
SELECT1_3_3_2_2,1233,HACTION_SELECT1_3_3_2_2,1233,HTML_PAGE_SELECT1_3_3_2_2,select1_3_3_2_2,true
SELECT1_3_3_2_3,1234,HACTION_SELECT1_3_3_2_3,1234,HTML_PAGE_SELECT1_3_3_2_3,select1_3_3_2_3,true
SELECT1_3_3_2_4,1235,HACTION_SELECT1_3_3_2_4,1235,HTML_PAGE_SELECT1_3_3_2_4,select1_3_3_2_4,true
SELECT1_3_3_3,1236,HACTION_SELECT1_3_3_3,1236,HTML_PAGE_SELECT1_3_3_3,select1_3_3_3,true
SELECT1_3_3_3_1,1237,HACTION_SELECT1_3_3_3_1,1237,HTML_PAGE_SELECT1_3_3_3_1,select1_3_3_3_1,true
SELECT1_3_3_3_2,1238,HACTION_SELECT1_3_3_3_2,1238,HTML_PAGE_SELECT1_3_3_3_2,select1_3_3_3_2,true
SELECT1_3_3_3_3,1239,HACTION_SELECT1_3_3_3_3,1239,HTML_PAGE_SELECT1_3_3_3_3,select1_3_3_3_3,true
SELECT1_3_3_3_4,1240,HACTION_SELECT1_3_3_3_4,1240,HTML_PAGE_SELECT1_3_3_3_4,select1_3_3_3_4,true
SELECT1_3_3_4,1241,HACTION_SELECT1_3_3_4,1241,HTML_PAGE_SELECT1_3_3_4,select1_3_3_4,true
SELECT1_3_3_4_1,1242,HACTION_SELECT1_3_3_4_1,1242,HTML_PAGE_SELECT1_3_3_4_1,select1_3_3_4_1,true
SELECT1_3_3_4_2,1243,HACTION_SELECT1_3_3_4_2,1243,HTML_PAGE_SELECT1_3_3_4_2,select1_3_3_4_2,true
SELECT1_3_3_4_3,1244,HACTION_SELECT1_3_3_4_3,1244,HTML_PAGE_SELECT1_3_3_4_3,select1_3_3_4_3,true
SELECT1_3_3_4_4,1245,HACTION_SELECT1_3_3_4_4,1245,HTML_PAGE_SELECT1_3_3_4_4,select1_3_3_4_4,true
SELECT1_3_4,1246,HACTION_SELECT1_3_4,1246,HTML_PAGE_SELECT1_3_4,select1_3_4,true
SELECT1_3_4_1,1247,HACTION_SELECT1_3_4_1,1247,HTML_PAGE_SELECT1_3_4_1,select1_3_4_1,true
SELECT1_3_4_1_1,1248,HACTION_SELECT1_3_4_1_1,1248,HTML_PAGE_SELECT1_3_4_1_1,select1_3_4_1_1,true
SELECT1_3_4_1_2,1249,HACTION_SELECT1_3_4_1_2,1249,HTML_PAGE_SELECT1_3_4_1_2,select1_3_4_1_2,true
SELECT1_3_4_1_3,1250,HACTION_SELECT1_3_4_1_3,1250,HTML_PAGE_SELECT1_3_4_1_3,select1_3_4_1_3,true
SELECT1_3_4_1_4,1251,HACTION_SELECT1_3_4_1_4,1251,HTML_PAGE_SELECT1_3_4_1_4,select1_3_4_1_4,true
SELECT1_3_4_2,1252,HACTION_SELECT1_3_4_2,1252,HTML_PAGE_SELECT1_3_4_2,select1_3_4_2,true
SELECT1_3_4_2_1,1253,HACTION_SELECT1_3_4_2_1,1253,HTML_PAGE_SELECT1_3_4_2_1,select1_3_4_2_1,true
SELECT1_3_4_2_2,1254,HACTION_SELECT1_3_4_2_2,1254,HTML_PAGE_SELECT1_3_4_2_2,select1_3_4_2_2,true
SELECT1_3_4_2_3,1255,HACTION_SELECT1_3_4_2_3,1255,HTML_PAGE_SELECT1_3_4_2_3,select1_3_4_2_3,true
SELECT1_3_4_2_4,1256,HACTION_SELECT1_3_4_2_4,1256,HTML_PAGE_SELECT1_3_4_2_4,select1_3_4_2_4,true
SELECT1_3_4_3,1257,HACTION_SELECT1_3_4_3,1257,HTML_PAGE_SELECT1_3_4_3,select1_3_4_3,true
SELECT1_3_4_3_1,1258,HACTION_SELECT1_3_4_3_1,1258,HTML_PAGE_SELECT1_3_4_3_1,select1_3_4_3_1,true
SELECT1_3_4_3_2,1259,HACTION_SELECT1_3_4_3_2,1259,HTML_PAGE_SELECT1_3_4_3_2,select1_3_4_3_2,true
SELECT1_3_4_3_3,1260,HACTION_SELECT1_3_4_3_3,1260,HTML_PAGE_SELECT1_3_4_3_3,select1_3_4_3_3,true
SELECT1_3_4_3_4,1261,HACTION_SELECT1_3_4_3_4,1261,HTML_PAGE_SELECT1_3_4_3_4,select1_3_4_3_4,true
SELECT1_3_4_4,1262,HACTION_SELECT1_3_4_4,1262,HTML_PAGE_SELECT1_3_4_4,select1_3_4_4,true
SELECT1_3_4_4_1,1263,HACTION_SELECT1_3_4_4_1,1263,HTML_PAGE_SELECT1_3_4_4_1,select1_3_4_4_1,true
SELECT1_3_4_4_2,1264,HACTION_SELECT1_3_4_4_2,1264,HTML_PAGE_SELECT1_3_4_4_2,select1_3_4_4_2,true
SELECT1_3_4_4_3,1265,HACTION_SELECT1_3_4_4_3,1265,HTML_PAGE_SELECT1_3_4_4_3,select1_3_4_4_3,true
SELECT1_3_4_4_4,1266,HACTION_SELECT1_3_4_4_4,1266,HTML_PAGE_SELECT1_3_4_4_4,select1_3_4_4_4,true
SELECT1_4,1267,HACTION_SELECT1_4,1267,HTML_PAGE_SELECT1_4,select1_4,true
SELECT1_4_1,1268,HACTION_SELECT1_4_1,1268,HTML_PAGE_SELECT1_4_1,select1_4_1,true
SELECT1_4_1_1,1269,HACTION_SELECT1_4_1_1,1269,HTML_PAGE_SELECT1_4_1_1,select1_4_1_1,true
SELECT1_4_1_1_1,1270,HACTION_SELECT1_4_1_1_1,1270,HTML_PAGE_SELECT1_4_1_1_1,select1_4_1_1_1,true
SELECT1_4_1_1_2,1271,HACTION_SELECT1_4_1_1_2,1271,HTML_PAGE_SELECT1_4_1_1_2,select1_4_1_1_2,true
SELECT1_4_1_1_3,1272,HACTION_SELECT1_4_1_1_3,1272,HTML_PAGE_SELECT1_4_1_1_3,select1_4_1_1_3,true
SELECT1_4_1_1_4,1273,HACTION_SELECT1_4_1_1_4,1273,HTML_PAGE_SELECT1_4_1_1_4,select1_4_1_1_4,true
SELECT1_4_1_2,1274,HACTION_SELECT1_4_1_2,1274,HTML_PAGE_SELECT1_4_1_2,select1_4_1_2,true
SELECT1_4_1_2_1,1275,HACTION_SELECT1_4_1_2_1,1275,HTML_PAGE_SELECT1_4_1_2_1,select1_4_1_2_1,true
SELECT1_4_1_2_2,1276,HACTION_SELECT1_4_1_2_2,1276,HTML_PAGE_SELECT1_4_1_2_2,select1_4_1_2_2,true
SELECT1_4_1_2_3,1277,HACTION_SELECT1_4_1_2_3,1277,HTML_PAGE_SELECT1_4_1_2_3,select1_4_1_2_3,true
SELECT1_4_1_2_4,1278,HACTION_SELECT1_4_1_2_4,1278,HTML_PAGE_SELECT1_4_1_2_4,select1_4_1_2_4,true
SELECT1_4_1_3,1279,HACTION_SELECT1_4_1_3,1279,HTML_PAGE_SELECT1_4_1_3,select1_4_1_3,true
SELECT1_4_1_3_1,1280,HACTION_SELECT1_4_1_3_1,1280,HTML_PAGE_SELECT1_4_1_3_1,select1_4_1_3_1,true
SELECT1_4_1_3_2,1281,HACTION_SELECT1_4_1_3_2,1281,HTML_PAGE_SELECT1_4_1_3_2,select1_4_1_3_2,true
SELECT1_4_1_3_3,1282,HACTION_SELECT1_4_1_3_3,1282,HTML_PAGE_SELECT1_4_1_3_3,select1_4_1_3_3,true
SELECT1_4_1_3_4,1283,HACTION_SELECT1_4_1_3_4,1283,HTML_PAGE_SELECT1_4_1_3_4,select1_4_1_3_4,true
SELECT1_4_1_4,1284,HACTION_SELECT1_4_1_4,1284,HTML_PAGE_SELECT1_4_1_4,select1_4_1_4,true
SELECT1_4_1_4_1,1285,HACTION_SELECT1_4_1_4_1,1285,HTML_PAGE_SELECT1_4_1_4_1,select1_4_1_4_1,true
SELECT1_4_1_4_2,1286,HACTION_SELECT1_4_1_4_2,1286,HTML_PAGE_SELECT1_4_1_4_2,select1_4_1_4_2,true
SELECT1_4_1_4_3,1287,HACTION_SELECT1_4_1_4_3,1287,HTML_PAGE_SELECT1_4_1_4_3,select1_4_1_4_3,true
SELECT1_4_1_4_4,1288,HACTION_SELECT1_4_1_4_4,1288,HTML_PAGE_SELECT1_4_1_4_4,select1_4_1_4_4,true
SELECT1_4_2,1289,HACTION_SELECT1_4_2,1289,HTML_PAGE_SELECT1_4_2,select1_4_2,true
SELECT1_4_2_1,1290,HACTION_SELECT1_4_2_1,1290,HTML_PAGE_SELECT1_4_2_1,select1_4_2_1,true
SELECT1_4_2_1_1,1291,HACTION_SELECT1_4_2_1_1,1291,HTML_PAGE_SELECT1_4_2_1_1,select1_4_2_1_1,true
SELECT1_4_2_1_2,1292,HACTION_SELECT1_4_2_1_2,1292,HTML_PAGE_SELECT1_4_2_1_2,select1_4_2_1_2,true
SELECT1_4_2_1_3,1293,HACTION_SELECT1_4_2_1_3,1293,HTML_PAGE_SELECT1_4_2_1_3,select1_4_2_1_3,true
SELECT1_4_2_1_4,1294,HACTION_SELECT1_4_2_1_4,1294,HTML_PAGE_SELECT1_4_2_1_4,select1_4_2_1_4,true
SELECT1_4_2_2,1295,HACTION_SELECT1_4_2_2,1295,HTML_PAGE_SELECT1_4_2_2,select1_4_2_2,true
SELECT1_4_2_2_1,1296,HACTION_SELECT1_4_2_2_1,1296,HTML_PAGE_SELECT1_4_2_2_1,select1_4_2_2_1,true
SELECT1_4_2_2_2,1297,HACTION_SELECT1_4_2_2_2,1297,HTML_PAGE_SELECT1_4_2_2_2,select1_4_2_2_2,true
SELECT1_4_2_2_3,1298,HACTION_SELECT1_4_2_2_3,1298,HTML_PAGE_SELECT1_4_2_2_3,select1_4_2_2_3,true
SELECT1_4_2_2_4,1299,HACTION_SELECT1_4_2_2_4,1299,HTML_PAGE_SELECT1_4_2_2_4,select1_4_2_2_4,true
SELECT1_4_2_3,1300,HACTION_SELECT1_4_2_3,1300,HTML_PAGE_SELECT1_4_2_3,select1_4_2_3,true
SELECT1_4_2_3_1,1301,HACTION_SELECT1_4_2_3_1,1301,HTML_PAGE_SELECT1_4_2_3_1,select1_4_2_3_1,true
SELECT1_4_2_3_2,1302,HACTION_SELECT1_4_2_3_2,1302,HTML_PAGE_SELECT1_4_2_3_2,select1_4_2_3_2,true
SELECT1_4_2_3_3,1303,HACTION_SELECT1_4_2_3_3,1303,HTML_PAGE_SELECT1_4_2_3_3,select1_4_2_3_3,true
SELECT1_4_2_3_4,1304,HACTION_SELECT1_4_2_3_4,1304,HTML_PAGE_SELECT1_4_2_3_4,select1_4_2_3_4,true
SELECT1_4_2_4,1305,HACTION_SELECT1_4_2_4,1305,HTML_PAGE_SELECT1_4_2_4,select1_4_2_4,true
SELECT1_4_2_4_1,1306,HACTION_SELECT1_4_2_4_1,1306,HTML_PAGE_SELECT1_4_2_4_1,select1_4_2_4_1,true
SELECT1_4_2_4_2,1307,HACTION_SELECT1_4_2_4_2,1307,HTML_PAGE_SELECT1_4_2_4_2,select1_4_2_4_2,true
SELECT1_4_2_4_3,1308,HACTION_SELECT1_4_2_4_3,1308,HTML_PAGE_SELECT1_4_2_4_3,select1_4_2_4_3,true
SELECT1_4_2_4_4,1309,HACTION_SELECT1_4_2_4_4,1309,HTML_PAGE_SELECT1_4_2_4_4,select1_4_2_4_4,true
SELECT1_4_3,1310,HACTION_SELECT1_4_3,1310,HTML_PAGE_SELECT1_4_3,select1_4_3,true
SELECT1_4_3_1,1311,HACTION_SELECT1_4_3_1,1311,HTML_PAGE_SELECT1_4_3_1,select1_4_3_1,true
SELECT1_4_3_1_1,1312,HACTION_SELECT1_4_3_1_1,1312,HTML_PAGE_SELECT1_4_3_1_1,select1_4_3_1_1,true
SELECT1_4_3_1_2,1313,HACTION_SELECT1_4_3_1_2,1313,HTML_PAGE_SELECT1_4_3_1_2,select1_4_3_1_2,true
SELECT1_4_3_1_3,1314,HACTION_SELECT1_4_3_1_3,1314,HTML_PAGE_SELECT1_4_3_1_3,select1_4_3_1_3,true
SELECT1_4_3_1_4,1315,HACTION_SELECT1_4_3_1_4,1315,HTML_PAGE_SELECT1_4_3_1_4,select1_4_3_1_4,true
SELECT1_4_3_2,1316,HACTION_SELECT1_4_3_2,1316,HTML_PAGE_SELECT1_4_3_2,select1_4_3_2,true
SELECT1_4_3_2_1,1317,HACTION_SELECT1_4_3_2_1,1317,HTML_PAGE_SELECT1_4_3_2_1,select1_4_3_2_1,true
SELECT1_4_3_2_2,1318,HACTION_SELECT1_4_3_2_2,1318,HTML_PAGE_SELECT1_4_3_2_2,select1_4_3_2_2,true
SELECT1_4_3_2_3,1319,HACTION_SELECT1_4_3_2_3,1319,HTML_PAGE_SELECT1_4_3_2_3,select1_4_3_2_3,true
SELECT1_4_3_2_4,1320,HACTION_SELECT1_4_3_2_4,1320,HTML_PAGE_SELECT1_4_3_2_4,select1_4_3_2_4,true
SELECT1_4_3_3,1321,HACTION_SELECT1_4_3_3,1321,HTML_PAGE_SELECT1_4_3_3,select1_4_3_3,true
SELECT1_4_3_3_1,1322,HACTION_SELECT1_4_3_3_1,1322,HTML_PAGE_SELECT1_4_3_3_1,select1_4_3_3_1,true
SELECT1_4_3_3_2,1323,HACTION_SELECT1_4_3_3_2,1323,HTML_PAGE_SELECT1_4_3_3_2,select1_4_3_3_2,true
SELECT1_4_3_3_3,1324,HACTION_SELECT1_4_3_3_3,1324,HTML_PAGE_SELECT1_4_3_3_3,select1_4_3_3_3,true
SELECT1_4_3_3_4,1325,HACTION_SELECT1_4_3_3_4,1325,HTML_PAGE_SELECT1_4_3_3_4,select1_4_3_3_4,true
SELECT1_4_3_4,1326,HACTION_SELECT1_4_3_4,1326,HTML_PAGE_SELECT1_4_3_4,select1_4_3_4,true
SELECT1_4_3_4_1,1327,HACTION_SELECT1_4_3_4_1,1327,HTML_PAGE_SELECT1_4_3_4_1,select1_4_3_4_1,true
SELECT1_4_3_4_2,1328,HACTION_SELECT1_4_3_4_2,1328,HTML_PAGE_SELECT1_4_3_4_2,select1_4_3_4_2,true
SELECT1_4_3_4_3,1329,HACTION_SELECT1_4_3_4_3,1329,HTML_PAGE_SELECT1_4_3_4_3,select1_4_3_4_3,true
SELECT1_4_3_4_4,1330,HACTION_SELECT1_4_3_4_4,1330,HTML_PAGE_SELECT1_4_3_4_4,select1_4_3_4_4,true
SELECT1_4_4,1331,HACTION_SELECT1_4_4,1331,HTML_PAGE_SELECT1_4_4,select1_4_4,true
SELECT1_4_4_1,1332,HACTION_SELECT1_4_4_1,1332,HTML_PAGE_SELECT1_4_4_1,select1_4_4_1,true
SELECT1_4_4_1_1,1333,HACTION_SELECT1_4_4_1_1,1333,HTML_PAGE_SELECT1_4_4_1_1,select1_4_4_1_1,true
SELECT1_4_4_1_2,1334,HACTION_SELECT1_4_4_1_2,1334,HTML_PAGE_SELECT1_4_4_1_2,select1_4_4_1_2,true
SELECT1_4_4_1_3,1335,HACTION_SELECT1_4_4_1_3,1335,HTML_PAGE_SELECT1_4_4_1_3,select1_4_4_1_3,true
SELECT1_4_4_1_4,1336,HACTION_SELECT1_4_4_1_4,1336,HTML_PAGE_SELECT1_4_4_1_4,select1_4_4_1_4,true
SELECT1_4_4_2,1337,HACTION_SELECT1_4_4_2,1337,HTML_PAGE_SELECT1_4_4_2,select1_4_4_2,true
SELECT1_4_4_2_1,1338,HACTION_SELECT1_4_4_2_1,1338,HTML_PAGE_SELECT1_4_4_2_1,select1_4_4_2_1,true
SELECT1_4_4_2_2,1339,HACTION_SELECT1_4_4_2_2,1339,HTML_PAGE_SELECT1_4_4_2_2,select1_4_4_2_2,true
SELECT1_4_4_2_3,1340,HACTION_SELECT1_4_4_2_3,1340,HTML_PAGE_SELECT1_4_4_2_3,select1_4_4_2_3,true
SELECT1_4_4_2_4,1341,HACTION_SELECT1_4_4_2_4,1341,HTML_PAGE_SELECT1_4_4_2_4,select1_4_4_2_4,true
SELECT1_4_4_3,1342,HACTION_SELECT1_4_4_3,1342,HTML_PAGE_SELECT1_4_4_3,select1_4_4_3,true
SELECT1_4_4_3_1,1343,HACTION_SELECT1_4_4_3_1,1343,HTML_PAGE_SELECT1_4_4_3_1,select1_4_4_3_1,true
SELECT1_4_4_3_2,1344,HACTION_SELECT1_4_4_3_2,1344,HTML_PAGE_SELECT1_4_4_3_2,select1_4_4_3_2,true
SELECT1_4_4_3_3,1345,HACTION_SELECT1_4_4_3_3,1345,HTML_PAGE_SELECT1_4_4_3_3,select1_4_4_3_3,true
SELECT1_4_4_3_4,1346,HACTION_SELECT1_4_4_3_4,1346,HTML_PAGE_SELECT1_4_4_3_4,select1_4_4_3_4,true
SELECT1_4_4_4,1347,HACTION_SELECT1_4_4_4,1347,HTML_PAGE_SELECT1_4_4_4,select1_4_4_4,true
SELECT1_4_4_4_1,1348,HACTION_SELECT1_4_4_4_1,1348,HTML_PAGE_SELECT1_4_4_4_1,select1_4_4_4_1,true
SELECT1_4_4_4_2,1349,HACTION_SELECT1_4_4_4_2,1349,HTML_PAGE_SELECT1_4_4_4_2,select1_4_4_4_2,true
SELECT1_4_4_4_3,1350,HACTION_SELECT1_4_4_4_3,1350,HTML_PAGE_SELECT1_4_4_4_3,select1_4_4_4_3,true
SELECT1_4_4_4_4,1351,HACTION_SELECT1_4_4_4_4,1351,HTML_PAGE_SELECT1_4_4_4_4,select1_4_4_4_4,true
SELECT2,1352,HACTION_SELECT2,1352,HTML_PAGE_SELECT2,select2,true
SELECT2_1,1353,HACTION_SELECT2_1,1353,HTML_PAGE_SELECT2_1,select2_1,true
SELECT2_1_1,1354,HACTION_SELECT2_1_1,1354,HTML_PAGE_SELECT2_1_1,select2_1_1,true
SELECT2_1_1_1,1355,HACTION_SELECT2_1_1_1,1355,HTML_PAGE_SELECT2_1_1_1,select2_1_1_1,true
SELECT2_1_1_1_1,1356,HACTION_SELECT2_1_1_1_1,1356,HTML_PAGE_SELECT2_1_1_1_1,select2_1_1_1_1,true
SELECT2_1_1_1_2,1357,HACTION_SELECT2_1_1_1_2,1357,HTML_PAGE_SELECT2_1_1_1_2,select2_1_1_1_2,true
SELECT2_1_1_1_3,1358,HACTION_SELECT2_1_1_1_3,1358,HTML_PAGE_SELECT2_1_1_1_3,select2_1_1_1_3,true
SELECT2_1_1_1_4,1359,HACTION_SELECT2_1_1_1_4,1359,HTML_PAGE_SELECT2_1_1_1_4,select2_1_1_1_4,true
SELECT2_1_1_2,1360,HACTION_SELECT2_1_1_2,1360,HTML_PAGE_SELECT2_1_1_2,select2_1_1_2,true
SELECT2_1_1_2_1,1361,HACTION_SELECT2_1_1_2_1,1361,HTML_PAGE_SELECT2_1_1_2_1,select2_1_1_2_1,true
SELECT2_1_1_2_2,1362,HACTION_SELECT2_1_1_2_2,1362,HTML_PAGE_SELECT2_1_1_2_2,select2_1_1_2_2,true
SELECT2_1_1_2_3,1363,HACTION_SELECT2_1_1_2_3,1363,HTML_PAGE_SELECT2_1_1_2_3,select2_1_1_2_3,true
SELECT2_1_1_2_4,1364,HACTION_SELECT2_1_1_2_4,1364,HTML_PAGE_SELECT2_1_1_2_4,select2_1_1_2_4,true
SELECT2_1_1_3,1365,HACTION_SELECT2_1_1_3,1365,HTML_PAGE_SELECT2_1_1_3,select2_1_1_3,true
SELECT2_1_1_3_1,1366,HACTION_SELECT2_1_1_3_1,1366,HTML_PAGE_SELECT2_1_1_3_1,select2_1_1_3_1,true
SELECT2_1_1_3_2,1367,HACTION_SELECT2_1_1_3_2,1367,HTML_PAGE_SELECT2_1_1_3_2,select2_1_1_3_2,true
SELECT2_1_1_3_3,1368,HACTION_SELECT2_1_1_3_3,1368,HTML_PAGE_SELECT2_1_1_3_3,select2_1_1_3_3,true
SELECT2_1_1_3_4,1369,HACTION_SELECT2_1_1_3_4,1369,HTML_PAGE_SELECT2_1_1_3_4,select2_1_1_3_4,true
SELECT2_1_1_4,1370,HACTION_SELECT2_1_1_4,1370,HTML_PAGE_SELECT2_1_1_4,select2_1_1_4,true
SELECT2_1_1_4_1,1371,HACTION_SELECT2_1_1_4_1,1371,HTML_PAGE_SELECT2_1_1_4_1,select2_1_1_4_1,true
SELECT2_1_1_4_2,1372,HACTION_SELECT2_1_1_4_2,1372,HTML_PAGE_SELECT2_1_1_4_2,select2_1_1_4_2,true
SELECT2_1_1_4_3,1373,HACTION_SELECT2_1_1_4_3,1373,HTML_PAGE_SELECT2_1_1_4_3,select2_1_1_4_3,true
SELECT2_1_1_4_4,1374,HACTION_SELECT2_1_1_4_4,1374,HTML_PAGE_SELECT2_1_1_4_4,select2_1_1_4_4,true
SELECT2_1_2,1375,HACTION_SELECT2_1_2,1375,HTML_PAGE_SELECT2_1_2,select2_1_2,true
SELECT2_1_2_1,1376,HACTION_SELECT2_1_2_1,1376,HTML_PAGE_SELECT2_1_2_1,select2_1_2_1,true
SELECT2_1_2_1_1,1377,HACTION_SELECT2_1_2_1_1,1377,HTML_PAGE_SELECT2_1_2_1_1,select2_1_2_1_1,true
SELECT2_1_2_1_2,1378,HACTION_SELECT2_1_2_1_2,1378,HTML_PAGE_SELECT2_1_2_1_2,select2_1_2_1_2,true
SELECT2_1_2_1_3,1379,HACTION_SELECT2_1_2_1_3,1379,HTML_PAGE_SELECT2_1_2_1_3,select2_1_2_1_3,true
SELECT2_1_2_1_4,1380,HACTION_SELECT2_1_2_1_4,1380,HTML_PAGE_SELECT2_1_2_1_4,select2_1_2_1_4,true
SELECT2_1_2_2,1381,HACTION_SELECT2_1_2_2,1381,HTML_PAGE_SELECT2_1_2_2,select2_1_2_2,true
SELECT2_1_2_2_1,1382,HACTION_SELECT2_1_2_2_1,1382,HTML_PAGE_SELECT2_1_2_2_1,select2_1_2_2_1,true
SELECT2_1_2_2_2,1383,HACTION_SELECT2_1_2_2_2,1383,HTML_PAGE_SELECT2_1_2_2_2,select2_1_2_2_2,true
SELECT2_1_2_2_3,1384,HACTION_SELECT2_1_2_2_3,1384,HTML_PAGE_SELECT2_1_2_2_3,select2_1_2_2_3,true
SELECT2_1_2_2_4,1385,HACTION_SELECT2_1_2_2_4,1385,HTML_PAGE_SELECT2_1_2_2_4,select2_1_2_2_4,true
SELECT2_1_2_3,1386,HACTION_SELECT2_1_2_3,1386,HTML_PAGE_SELECT2_1_2_3,select2_1_2_3,true
SELECT2_1_2_3_1,1387,HACTION_SELECT2_1_2_3_1,1387,HTML_PAGE_SELECT2_1_2_3_1,select2_1_2_3_1,true
SELECT2_1_2_3_2,1388,HACTION_SELECT2_1_2_3_2,1388,HTML_PAGE_SELECT2_1_2_3_2,select2_1_2_3_2,true
SELECT2_1_2_3_3,1389,HACTION_SELECT2_1_2_3_3,1389,HTML_PAGE_SELECT2_1_2_3_3,select2_1_2_3_3,true
SELECT2_1_2_3_4,1390,HACTION_SELECT2_1_2_3_4,1390,HTML_PAGE_SELECT2_1_2_3_4,select2_1_2_3_4,true
SELECT2_1_2_4,1391,HACTION_SELECT2_1_2_4,1391,HTML_PAGE_SELECT2_1_2_4,select2_1_2_4,true
SELECT2_1_2_4_1,1392,HACTION_SELECT2_1_2_4_1,1392,HTML_PAGE_SELECT2_1_2_4_1,select2_1_2_4_1,true
SELECT2_1_2_4_2,1393,HACTION_SELECT2_1_2_4_2,1393,HTML_PAGE_SELECT2_1_2_4_2,select2_1_2_4_2,true
SELECT2_1_2_4_3,1394,HACTION_SELECT2_1_2_4_3,1394,HTML_PAGE_SELECT2_1_2_4_3,select2_1_2_4_3,true
SELECT2_1_2_4_4,1395,HACTION_SELECT2_1_2_4_4,1395,HTML_PAGE_SELECT2_1_2_4_4,select2_1_2_4_4,true
SELECT2_1_3,1396,HACTION_SELECT2_1_3,1396,HTML_PAGE_SELECT2_1_3,select2_1_3,true
SELECT2_1_3_1,1397,HACTION_SELECT2_1_3_1,1397,HTML_PAGE_SELECT2_1_3_1,select2_1_3_1,true
SELECT2_1_3_1_1,1398,HACTION_SELECT2_1_3_1_1,1398,HTML_PAGE_SELECT2_1_3_1_1,select2_1_3_1_1,true
SELECT2_1_3_1_2,1399,HACTION_SELECT2_1_3_1_2,1399,HTML_PAGE_SELECT2_1_3_1_2,select2_1_3_1_2,true
SELECT2_1_3_1_3,1400,HACTION_SELECT2_1_3_1_3,1400,HTML_PAGE_SELECT2_1_3_1_3,select2_1_3_1_3,true
SELECT2_1_3_1_4,1401,HACTION_SELECT2_1_3_1_4,1401,HTML_PAGE_SELECT2_1_3_1_4,select2_1_3_1_4,true
SELECT2_1_3_2,1402,HACTION_SELECT2_1_3_2,1402,HTML_PAGE_SELECT2_1_3_2,select2_1_3_2,true
SELECT2_1_3_2_1,1403,HACTION_SELECT2_1_3_2_1,1403,HTML_PAGE_SELECT2_1_3_2_1,select2_1_3_2_1,true
SELECT2_1_3_2_2,1404,HACTION_SELECT2_1_3_2_2,1404,HTML_PAGE_SELECT2_1_3_2_2,select2_1_3_2_2,true
SELECT2_1_3_2_3,1405,HACTION_SELECT2_1_3_2_3,1405,HTML_PAGE_SELECT2_1_3_2_3,select2_1_3_2_3,true
SELECT2_1_3_2_4,1406,HACTION_SELECT2_1_3_2_4,1406,HTML_PAGE_SELECT2_1_3_2_4,select2_1_3_2_4,true
SELECT2_1_3_3,1407,HACTION_SELECT2_1_3_3,1407,HTML_PAGE_SELECT2_1_3_3,select2_1_3_3,true
SELECT2_1_3_3_1,1408,HACTION_SELECT2_1_3_3_1,1408,HTML_PAGE_SELECT2_1_3_3_1,select2_1_3_3_1,true
SELECT2_1_3_3_2,1409,HACTION_SELECT2_1_3_3_2,1409,HTML_PAGE_SELECT2_1_3_3_2,select2_1_3_3_2,true
SELECT2_1_3_3_3,1410,HACTION_SELECT2_1_3_3_3,1410,HTML_PAGE_SELECT2_1_3_3_3,select2_1_3_3_3,true
SELECT2_1_3_3_4,1411,HACTION_SELECT2_1_3_3_4,1411,HTML_PAGE_SELECT2_1_3_3_4,select2_1_3_3_4,true
SELECT2_1_3_4,1412,HACTION_SELECT2_1_3_4,1412,HTML_PAGE_SELECT2_1_3_4,select2_1_3_4,true
SELECT2_1_3_4_1,1413,HACTION_SELECT2_1_3_4_1,1413,HTML_PAGE_SELECT2_1_3_4_1,select2_1_3_4_1,true
SELECT2_1_3_4_2,1414,HACTION_SELECT2_1_3_4_2,1414,HTML_PAGE_SELECT2_1_3_4_2,select2_1_3_4_2,true
SELECT2_1_3_4_3,1415,HACTION_SELECT2_1_3_4_3,1415,HTML_PAGE_SELECT2_1_3_4_3,select2_1_3_4_3,true
SELECT2_1_3_4_4,1416,HACTION_SELECT2_1_3_4_4,1416,HTML_PAGE_SELECT2_1_3_4_4,select2_1_3_4_4,true
SELECT2_1_4,1417,HACTION_SELECT2_1_4,1417,HTML_PAGE_SELECT2_1_4,select2_1_4,true
SELECT2_1_4_1,1418,HACTION_SELECT2_1_4_1,1418,HTML_PAGE_SELECT2_1_4_1,select2_1_4_1,true
SELECT2_1_4_1_1,1419,HACTION_SELECT2_1_4_1_1,1419,HTML_PAGE_SELECT2_1_4_1_1,select2_1_4_1_1,true
SELECT2_1_4_1_2,1420,HACTION_SELECT2_1_4_1_2,1420,HTML_PAGE_SELECT2_1_4_1_2,select2_1_4_1_2,true
SELECT2_1_4_1_3,1421,HACTION_SELECT2_1_4_1_3,1421,HTML_PAGE_SELECT2_1_4_1_3,select2_1_4_1_3,true
SELECT2_1_4_1_4,1422,HACTION_SELECT2_1_4_1_4,1422,HTML_PAGE_SELECT2_1_4_1_4,select2_1_4_1_4,true
SELECT2_1_4_2,1423,HACTION_SELECT2_1_4_2,1423,HTML_PAGE_SELECT2_1_4_2,select2_1_4_2,true
SELECT2_1_4_2_1,1424,HACTION_SELECT2_1_4_2_1,1424,HTML_PAGE_SELECT2_1_4_2_1,select2_1_4_2_1,true
SELECT2_1_4_2_2,1425,HACTION_SELECT2_1_4_2_2,1425,HTML_PAGE_SELECT2_1_4_2_2,select2_1_4_2_2,true
SELECT2_1_4_2_3,1426,HACTION_SELECT2_1_4_2_3,1426,HTML_PAGE_SELECT2_1_4_2_3,select2_1_4_2_3,true
SELECT2_1_4_2_4,1427,HACTION_SELECT2_1_4_2_4,1427,HTML_PAGE_SELECT2_1_4_2_4,select2_1_4_2_4,true
SELECT2_1_4_3,1428,HACTION_SELECT2_1_4_3,1428,HTML_PAGE_SELECT2_1_4_3,select2_1_4_3,true
SELECT2_1_4_3_1,1429,HACTION_SELECT2_1_4_3_1,1429,HTML_PAGE_SELECT2_1_4_3_1,select2_1_4_3_1,true
SELECT2_1_4_3_2,1430,HACTION_SELECT2_1_4_3_2,1430,HTML_PAGE_SELECT2_1_4_3_2,select2_1_4_3_2,true
SELECT2_1_4_3_3,1431,HACTION_SELECT2_1_4_3_3,1431,HTML_PAGE_SELECT2_1_4_3_3,select2_1_4_3_3,true
SELECT2_1_4_3_4,1432,HACTION_SELECT2_1_4_3_4,1432,HTML_PAGE_SELECT2_1_4_3_4,select2_1_4_3_4,true
SELECT2_1_4_4,1433,HACTION_SELECT2_1_4_4,1433,HTML_PAGE_SELECT2_1_4_4,select2_1_4_4,true
SELECT2_1_4_4_1,1434,HACTION_SELECT2_1_4_4_1,1434,HTML_PAGE_SELECT2_1_4_4_1,select2_1_4_4_1,true
SELECT2_1_4_4_2,1435,HACTION_SELECT2_1_4_4_2,1435,HTML_PAGE_SELECT2_1_4_4_2,select2_1_4_4_2,true
SELECT2_1_4_4_3,1436,HACTION_SELECT2_1_4_4_3,1436,HTML_PAGE_SELECT2_1_4_4_3,select2_1_4_4_3,true
SELECT2_1_4_4_4,1437,HACTION_SELECT2_1_4_4_4,1437,HTML_PAGE_SELECT2_1_4_4_4,select2_1_4_4_4,true
SELECT2_2,1438,HACTION_SELECT2_2,1438,HTML_PAGE_SELECT2_2,select2_2,true
SELECT2_2_1,1439,HACTION_SELECT2_2_1,1439,HTML_PAGE_SELECT2_2_1,select2_2_1,true
SELECT2_2_1_1,1440,HACTION_SELECT2_2_1_1,1440,HTML_PAGE_SELECT2_2_1_1,select2_2_1_1,true
SELECT2_2_1_1_1,1441,HACTION_SELECT2_2_1_1_1,1441,HTML_PAGE_SELECT2_2_1_1_1,select2_2_1_1_1,true
SELECT2_2_1_1_2,1442,HACTION_SELECT2_2_1_1_2,1442,HTML_PAGE_SELECT2_2_1_1_2,select2_2_1_1_2,true
SELECT2_2_1_1_3,1443,HACTION_SELECT2_2_1_1_3,1443,HTML_PAGE_SELECT2_2_1_1_3,select2_2_1_1_3,true
SELECT2_2_1_1_4,1444,HACTION_SELECT2_2_1_1_4,1444,HTML_PAGE_SELECT2_2_1_1_4,select2_2_1_1_4,true
SELECT2_2_1_2,1445,HACTION_SELECT2_2_1_2,1445,HTML_PAGE_SELECT2_2_1_2,select2_2_1_2,true
SELECT2_2_1_2_1,1446,HACTION_SELECT2_2_1_2_1,1446,HTML_PAGE_SELECT2_2_1_2_1,select2_2_1_2_1,true
SELECT2_2_1_2_2,1447,HACTION_SELECT2_2_1_2_2,1447,HTML_PAGE_SELECT2_2_1_2_2,select2_2_1_2_2,true
SELECT2_2_1_2_3,1448,HACTION_SELECT2_2_1_2_3,1448,HTML_PAGE_SELECT2_2_1_2_3,select2_2_1_2_3,true
SELECT2_2_1_2_4,1449,HACTION_SELECT2_2_1_2_4,1449,HTML_PAGE_SELECT2_2_1_2_4,select2_2_1_2_4,true
SELECT2_2_1_3,1450,HACTION_SELECT2_2_1_3,1450,HTML_PAGE_SELECT2_2_1_3,select2_2_1_3,true
SELECT2_2_1_3_1,1451,HACTION_SELECT2_2_1_3_1,1451,HTML_PAGE_SELECT2_2_1_3_1,select2_2_1_3_1,true
SELECT2_2_1_3_2,1452,HACTION_SELECT2_2_1_3_2,1452,HTML_PAGE_SELECT2_2_1_3_2,select2_2_1_3_2,true
SELECT2_2_1_3_3,1453,HACTION_SELECT2_2_1_3_3,1453,HTML_PAGE_SELECT2_2_1_3_3,select2_2_1_3_3,true
SELECT2_2_1_3_4,1454,HACTION_SELECT2_2_1_3_4,1454,HTML_PAGE_SELECT2_2_1_3_4,select2_2_1_3_4,true
SELECT2_2_1_4,1455,HACTION_SELECT2_2_1_4,1455,HTML_PAGE_SELECT2_2_1_4,select2_2_1_4,true
SELECT2_2_1_4_1,1456,HACTION_SELECT2_2_1_4_1,1456,HTML_PAGE_SELECT2_2_1_4_1,select2_2_1_4_1,true
SELECT2_2_1_4_2,1457,HACTION_SELECT2_2_1_4_2,1457,HTML_PAGE_SELECT2_2_1_4_2,select2_2_1_4_2,true
SELECT2_2_1_4_3,1458,HACTION_SELECT2_2_1_4_3,1458,HTML_PAGE_SELECT2_2_1_4_3,select2_2_1_4_3,true
SELECT2_2_1_4_4,1459,HACTION_SELECT2_2_1_4_4,1459,HTML_PAGE_SELECT2_2_1_4_4,select2_2_1_4_4,true
SELECT2_2_2,1460,HACTION_SELECT2_2_2,1460,HTML_PAGE_SELECT2_2_2,select2_2_2,true
SELECT2_2_2_1,1461,HACTION_SELECT2_2_2_1,1461,HTML_PAGE_SELECT2_2_2_1,select2_2_2_1,true
SELECT2_2_2_1_1,1462,HACTION_SELECT2_2_2_1_1,1462,HTML_PAGE_SELECT2_2_2_1_1,select2_2_2_1_1,true
SELECT2_2_2_1_2,1463,HACTION_SELECT2_2_2_1_2,1463,HTML_PAGE_SELECT2_2_2_1_2,select2_2_2_1_2,true
SELECT2_2_2_1_3,1464,HACTION_SELECT2_2_2_1_3,1464,HTML_PAGE_SELECT2_2_2_1_3,select2_2_2_1_3,true
SELECT2_2_2_1_4,1465,HACTION_SELECT2_2_2_1_4,1465,HTML_PAGE_SELECT2_2_2_1_4,select2_2_2_1_4,true
SELECT2_2_2_2,1466,HACTION_SELECT2_2_2_2,1466,HTML_PAGE_SELECT2_2_2_2,select2_2_2_2,true
SELECT2_2_2_2_1,1467,HACTION_SELECT2_2_2_2_1,1467,HTML_PAGE_SELECT2_2_2_2_1,select2_2_2_2_1,true
SELECT2_2_2_2_2,1468,HACTION_SELECT2_2_2_2_2,1468,HTML_PAGE_SELECT2_2_2_2_2,select2_2_2_2_2,true
SELECT2_2_2_2_3,1469,HACTION_SELECT2_2_2_2_3,1469,HTML_PAGE_SELECT2_2_2_2_3,select2_2_2_2_3,true
SELECT2_2_2_2_4,1470,HACTION_SELECT2_2_2_2_4,1470,HTML_PAGE_SELECT2_2_2_2_4,select2_2_2_2_4,true
SELECT2_2_2_3,1471,HACTION_SELECT2_2_2_3,1471,HTML_PAGE_SELECT2_2_2_3,select2_2_2_3,true
SELECT2_2_2_3_1,1472,HACTION_SELECT2_2_2_3_1,1472,HTML_PAGE_SELECT2_2_2_3_1,select2_2_2_3_1,true
SELECT2_2_2_3_2,1473,HACTION_SELECT2_2_2_3_2,1473,HTML_PAGE_SELECT2_2_2_3_2,select2_2_2_3_2,true
SELECT2_2_2_3_3,1474,HACTION_SELECT2_2_2_3_3,1474,HTML_PAGE_SELECT2_2_2_3_3,select2_2_2_3_3,true
SELECT2_2_2_3_4,1475,HACTION_SELECT2_2_2_3_4,1475,HTML_PAGE_SELECT2_2_2_3_4,select2_2_2_3_4,true
SELECT2_2_2_4,1476,HACTION_SELECT2_2_2_4,1476,HTML_PAGE_SELECT2_2_2_4,select2_2_2_4,true
SELECT2_2_2_4_1,1477,HACTION_SELECT2_2_2_4_1,1477,HTML_PAGE_SELECT2_2_2_4_1,select2_2_2_4_1,true
SELECT2_2_2_4_2,1478,HACTION_SELECT2_2_2_4_2,1478,HTML_PAGE_SELECT2_2_2_4_2,select2_2_2_4_2,true
SELECT2_2_2_4_3,1479,HACTION_SELECT2_2_2_4_3,1479,HTML_PAGE_SELECT2_2_2_4_3,select2_2_2_4_3,true
SELECT2_2_2_4_4,1480,HACTION_SELECT2_2_2_4_4,1480,HTML_PAGE_SELECT2_2_2_4_4,select2_2_2_4_4,true
SELECT2_2_3,1481,HACTION_SELECT2_2_3,1481,HTML_PAGE_SELECT2_2_3,select2_2_3,true
SELECT2_2_3_1,1482,HACTION_SELECT2_2_3_1,1482,HTML_PAGE_SELECT2_2_3_1,select2_2_3_1,true
SELECT2_2_3_1_1,1483,HACTION_SELECT2_2_3_1_1,1483,HTML_PAGE_SELECT2_2_3_1_1,select2_2_3_1_1,true
SELECT2_2_3_1_2,1484,HACTION_SELECT2_2_3_1_2,1484,HTML_PAGE_SELECT2_2_3_1_2,select2_2_3_1_2,true
SELECT2_2_3_1_3,1485,HACTION_SELECT2_2_3_1_3,1485,HTML_PAGE_SELECT2_2_3_1_3,select2_2_3_1_3,true
SELECT2_2_3_1_4,1486,HACTION_SELECT2_2_3_1_4,1486,HTML_PAGE_SELECT2_2_3_1_4,select2_2_3_1_4,true
SELECT2_2_3_2,1487,HACTION_SELECT2_2_3_2,1487,HTML_PAGE_SELECT2_2_3_2,select2_2_3_2,true
SELECT2_2_3_2_1,1488,HACTION_SELECT2_2_3_2_1,1488,HTML_PAGE_SELECT2_2_3_2_1,select2_2_3_2_1,true
SELECT2_2_3_2_2,1489,HACTION_SELECT2_2_3_2_2,1489,HTML_PAGE_SELECT2_2_3_2_2,select2_2_3_2_2,true
SELECT2_2_3_2_3,1490,HACTION_SELECT2_2_3_2_3,1490,HTML_PAGE_SELECT2_2_3_2_3,select2_2_3_2_3,true
SELECT2_2_3_2_4,1491,HACTION_SELECT2_2_3_2_4,1491,HTML_PAGE_SELECT2_2_3_2_4,select2_2_3_2_4,true
SELECT2_2_3_3,1492,HACTION_SELECT2_2_3_3,1492,HTML_PAGE_SELECT2_2_3_3,select2_2_3_3,true
SELECT2_2_3_3_1,1493,HACTION_SELECT2_2_3_3_1,1493,HTML_PAGE_SELECT2_2_3_3_1,select2_2_3_3_1,true
SELECT2_2_3_3_2,1494,HACTION_SELECT2_2_3_3_2,1494,HTML_PAGE_SELECT2_2_3_3_2,select2_2_3_3_2,true
SELECT2_2_3_3_3,1495,HACTION_SELECT2_2_3_3_3,1495,HTML_PAGE_SELECT2_2_3_3_3,select2_2_3_3_3,true
SELECT2_2_3_3_4,1496,HACTION_SELECT2_2_3_3_4,1496,HTML_PAGE_SELECT2_2_3_3_4,select2_2_3_3_4,true
SELECT2_2_3_4,1497,HACTION_SELECT2_2_3_4,1497,HTML_PAGE_SELECT2_2_3_4,select2_2_3_4,true
SELECT2_2_3_4_1,1498,HACTION_SELECT2_2_3_4_1,1498,HTML_PAGE_SELECT2_2_3_4_1,select2_2_3_4_1,true
SELECT2_2_3_4_2,1499,HACTION_SELECT2_2_3_4_2,1499,HTML_PAGE_SELECT2_2_3_4_2,select2_2_3_4_2,true
SELECT2_2_3_4_3,1500,HACTION_SELECT2_2_3_4_3,1500,HTML_PAGE_SELECT2_2_3_4_3,select2_2_3_4_3,true
SELECT2_2_3_4_4,1501,HACTION_SELECT2_2_3_4_4,1501,HTML_PAGE_SELECT2_2_3_4_4,select2_2_3_4_4,true
SELECT2_2_4,1502,HACTION_SELECT2_2_4,1502,HTML_PAGE_SELECT2_2_4,select2_2_4,true
SELECT2_2_4_1,1503,HACTION_SELECT2_2_4_1,1503,HTML_PAGE_SELECT2_2_4_1,select2_2_4_1,true
SELECT2_2_4_1_1,1504,HACTION_SELECT2_2_4_1_1,1504,HTML_PAGE_SELECT2_2_4_1_1,select2_2_4_1_1,true
SELECT2_2_4_1_2,1505,HACTION_SELECT2_2_4_1_2,1505,HTML_PAGE_SELECT2_2_4_1_2,select2_2_4_1_2,true
SELECT2_2_4_1_3,1506,HACTION_SELECT2_2_4_1_3,1506,HTML_PAGE_SELECT2_2_4_1_3,select2_2_4_1_3,true
SELECT2_2_4_1_4,1507,HACTION_SELECT2_2_4_1_4,1507,HTML_PAGE_SELECT2_2_4_1_4,select2_2_4_1_4,true
SELECT2_2_4_2,1508,HACTION_SELECT2_2_4_2,1508,HTML_PAGE_SELECT2_2_4_2,select2_2_4_2,true
SELECT2_2_4_2_1,1509,HACTION_SELECT2_2_4_2_1,1509,HTML_PAGE_SELECT2_2_4_2_1,select2_2_4_2_1,true
SELECT2_2_4_2_2,1510,HACTION_SELECT2_2_4_2_2,1510,HTML_PAGE_SELECT2_2_4_2_2,select2_2_4_2_2,true
SELECT2_2_4_2_3,1511,HACTION_SELECT2_2_4_2_3,1511,HTML_PAGE_SELECT2_2_4_2_3,select2_2_4_2_3,true
SELECT2_2_4_2_4,1512,HACTION_SELECT2_2_4_2_4,1512,HTML_PAGE_SELECT2_2_4_2_4,select2_2_4_2_4,true
SELECT2_2_4_3,1513,HACTION_SELECT2_2_4_3,1513,HTML_PAGE_SELECT2_2_4_3,select2_2_4_3,true
SELECT2_2_4_3_1,1514,HACTION_SELECT2_2_4_3_1,1514,HTML_PAGE_SELECT2_2_4_3_1,select2_2_4_3_1,true
SELECT2_2_4_3_2,1515,HACTION_SELECT2_2_4_3_2,1515,HTML_PAGE_SELECT2_2_4_3_2,select2_2_4_3_2,true
SELECT2_2_4_3_3,1516,HACTION_SELECT2_2_4_3_3,1516,HTML_PAGE_SELECT2_2_4_3_3,select2_2_4_3_3,true
SELECT2_2_4_3_4,1517,HACTION_SELECT2_2_4_3_4,1517,HTML_PAGE_SELECT2_2_4_3_4,select2_2_4_3_4,true
SELECT2_2_4_4,1518,HACTION_SELECT2_2_4_4,1518,HTML_PAGE_SELECT2_2_4_4,select2_2_4_4,true
SELECT2_2_4_4_1,1519,HACTION_SELECT2_2_4_4_1,1519,HTML_PAGE_SELECT2_2_4_4_1,select2_2_4_4_1,true
SELECT2_2_4_4_2,1520,HACTION_SELECT2_2_4_4_2,1520,HTML_PAGE_SELECT2_2_4_4_2,select2_2_4_4_2,true
SELECT2_2_4_4_3,1521,HACTION_SELECT2_2_4_4_3,1521,HTML_PAGE_SELECT2_2_4_4_3,select2_2_4_4_3,true
SELECT2_2_4_4_4,1522,HACTION_SELECT2_2_4_4_4,1522,HTML_PAGE_SELECT2_2_4_4_4,select2_2_4_4_4,true
SELECT2_3,1523,HACTION_SELECT2_3,1523,HTML_PAGE_SELECT2_3,select2_3,true
SELECT2_3_1,1524,HACTION_SELECT2_3_1,1524,HTML_PAGE_SELECT2_3_1,select2_3_1,true
SELECT2_3_1_1,1525,HACTION_SELECT2_3_1_1,1525,HTML_PAGE_SELECT2_3_1_1,select2_3_1_1,true
SELECT2_3_1_1_1,1526,HACTION_SELECT2_3_1_1_1,1526,HTML_PAGE_SELECT2_3_1_1_1,select2_3_1_1_1,true
SELECT2_3_1_1_2,1527,HACTION_SELECT2_3_1_1_2,1527,HTML_PAGE_SELECT2_3_1_1_2,select2_3_1_1_2,true
SELECT2_3_1_1_3,1528,HACTION_SELECT2_3_1_1_3,1528,HTML_PAGE_SELECT2_3_1_1_3,select2_3_1_1_3,true
SELECT2_3_1_1_4,1529,HACTION_SELECT2_3_1_1_4,1529,HTML_PAGE_SELECT2_3_1_1_4,select2_3_1_1_4,true
SELECT2_3_1_2,1530,HACTION_SELECT2_3_1_2,1530,HTML_PAGE_SELECT2_3_1_2,select2_3_1_2,true
SELECT2_3_1_2_1,1531,HACTION_SELECT2_3_1_2_1,1531,HTML_PAGE_SELECT2_3_1_2_1,select2_3_1_2_1,true
SELECT2_3_1_2_2,1532,HACTION_SELECT2_3_1_2_2,1532,HTML_PAGE_SELECT2_3_1_2_2,select2_3_1_2_2,true
SELECT2_3_1_2_3,1533,HACTION_SELECT2_3_1_2_3,1533,HTML_PAGE_SELECT2_3_1_2_3,select2_3_1_2_3,true
SELECT2_3_1_2_4,1534,HACTION_SELECT2_3_1_2_4,1534,HTML_PAGE_SELECT2_3_1_2_4,select2_3_1_2_4,true
SELECT2_3_1_3,1535,HACTION_SELECT2_3_1_3,1535,HTML_PAGE_SELECT2_3_1_3,select2_3_1_3,true
SELECT2_3_1_3_1,1536,HACTION_SELECT2_3_1_3_1,1536,HTML_PAGE_SELECT2_3_1_3_1,select2_3_1_3_1,true
SELECT2_3_1_3_2,1537,HACTION_SELECT2_3_1_3_2,1537,HTML_PAGE_SELECT2_3_1_3_2,select2_3_1_3_2,true
SELECT2_3_1_3_3,1538,HACTION_SELECT2_3_1_3_3,1538,HTML_PAGE_SELECT2_3_1_3_3,select2_3_1_3_3,true
SELECT2_3_1_3_4,1539,HACTION_SELECT2_3_1_3_4,1539,HTML_PAGE_SELECT2_3_1_3_4,select2_3_1_3_4,true
SELECT2_3_1_4,1540,HACTION_SELECT2_3_1_4,1540,HTML_PAGE_SELECT2_3_1_4,select2_3_1_4,true
SELECT2_3_1_4_1,1541,HACTION_SELECT2_3_1_4_1,1541,HTML_PAGE_SELECT2_3_1_4_1,select2_3_1_4_1,true
SELECT2_3_1_4_2,1542,HACTION_SELECT2_3_1_4_2,1542,HTML_PAGE_SELECT2_3_1_4_2,select2_3_1_4_2,true
SELECT2_3_1_4_3,1543,HACTION_SELECT2_3_1_4_3,1543,HTML_PAGE_SELECT2_3_1_4_3,select2_3_1_4_3,true
SELECT2_3_1_4_4,1544,HACTION_SELECT2_3_1_4_4,1544,HTML_PAGE_SELECT2_3_1_4_4,select2_3_1_4_4,true
SELECT2_3_2,1545,HACTION_SELECT2_3_2,1545,HTML_PAGE_SELECT2_3_2,select2_3_2,true
SELECT2_3_2_1,1546,HACTION_SELECT2_3_2_1,1546,HTML_PAGE_SELECT2_3_2_1,select2_3_2_1,true
SELECT2_3_2_1_1,1547,HACTION_SELECT2_3_2_1_1,1547,HTML_PAGE_SELECT2_3_2_1_1,select2_3_2_1_1,true
SELECT2_3_2_1_2,1548,HACTION_SELECT2_3_2_1_2,1548,HTML_PAGE_SELECT2_3_2_1_2,select2_3_2_1_2,true
SELECT2_3_2_1_3,1549,HACTION_SELECT2_3_2_1_3,1549,HTML_PAGE_SELECT2_3_2_1_3,select2_3_2_1_3,true
SELECT2_3_2_1_4,1550,HACTION_SELECT2_3_2_1_4,1550,HTML_PAGE_SELECT2_3_2_1_4,select2_3_2_1_4,true
SELECT2_3_2_2,1551,HACTION_SELECT2_3_2_2,1551,HTML_PAGE_SELECT2_3_2_2,select2_3_2_2,true
SELECT2_3_2_2_1,1552,HACTION_SELECT2_3_2_2_1,1552,HTML_PAGE_SELECT2_3_2_2_1,select2_3_2_2_1,true
SELECT2_3_2_2_2,1553,HACTION_SELECT2_3_2_2_2,1553,HTML_PAGE_SELECT2_3_2_2_2,select2_3_2_2_2,true
SELECT2_3_2_2_3,1554,HACTION_SELECT2_3_2_2_3,1554,HTML_PAGE_SELECT2_3_2_2_3,select2_3_2_2_3,true
SELECT2_3_2_2_4,1555,HACTION_SELECT2_3_2_2_4,1555,HTML_PAGE_SELECT2_3_2_2_4,select2_3_2_2_4,true
SELECT2_3_2_3,1556,HACTION_SELECT2_3_2_3,1556,HTML_PAGE_SELECT2_3_2_3,select2_3_2_3,true
SELECT2_3_2_3_1,1557,HACTION_SELECT2_3_2_3_1,1557,HTML_PAGE_SELECT2_3_2_3_1,select2_3_2_3_1,true
SELECT2_3_2_3_2,1558,HACTION_SELECT2_3_2_3_2,1558,HTML_PAGE_SELECT2_3_2_3_2,select2_3_2_3_2,true
SELECT2_3_2_3_3,1559,HACTION_SELECT2_3_2_3_3,1559,HTML_PAGE_SELECT2_3_2_3_3,select2_3_2_3_3,true
SELECT2_3_2_3_4,1560,HACTION_SELECT2_3_2_3_4,1560,HTML_PAGE_SELECT2_3_2_3_4,select2_3_2_3_4,true
SELECT2_3_2_4,1561,HACTION_SELECT2_3_2_4,1561,HTML_PAGE_SELECT2_3_2_4,select2_3_2_4,true
SELECT2_3_2_4_1,1562,HACTION_SELECT2_3_2_4_1,1562,HTML_PAGE_SELECT2_3_2_4_1,select2_3_2_4_1,true
SELECT2_3_2_4_2,1563,HACTION_SELECT2_3_2_4_2,1563,HTML_PAGE_SELECT2_3_2_4_2,select2_3_2_4_2,true
SELECT2_3_2_4_3,1564,HACTION_SELECT2_3_2_4_3,1564,HTML_PAGE_SELECT2_3_2_4_3,select2_3_2_4_3,true
SELECT2_3_2_4_4,1565,HACTION_SELECT2_3_2_4_4,1565,HTML_PAGE_SELECT2_3_2_4_4,select2_3_2_4_4,true
SELECT2_3_3,1566,HACTION_SELECT2_3_3,1566,HTML_PAGE_SELECT2_3_3,select2_3_3,true
SELECT2_3_3_1,1567,HACTION_SELECT2_3_3_1,1567,HTML_PAGE_SELECT2_3_3_1,select2_3_3_1,true
SELECT2_3_3_1_1,1568,HACTION_SELECT2_3_3_1_1,1568,HTML_PAGE_SELECT2_3_3_1_1,select2_3_3_1_1,true
SELECT2_3_3_1_2,1569,HACTION_SELECT2_3_3_1_2,1569,HTML_PAGE_SELECT2_3_3_1_2,select2_3_3_1_2,true
SELECT2_3_3_1_3,1570,HACTION_SELECT2_3_3_1_3,1570,HTML_PAGE_SELECT2_3_3_1_3,select2_3_3_1_3,true
SELECT2_3_3_1_4,1571,HACTION_SELECT2_3_3_1_4,1571,HTML_PAGE_SELECT2_3_3_1_4,select2_3_3_1_4,true
SELECT2_3_3_2,1572,HACTION_SELECT2_3_3_2,1572,HTML_PAGE_SELECT2_3_3_2,select2_3_3_2,true
SELECT2_3_3_2_1,1573,HACTION_SELECT2_3_3_2_1,1573,HTML_PAGE_SELECT2_3_3_2_1,select2_3_3_2_1,true
SELECT2_3_3_2_2,1574,HACTION_SELECT2_3_3_2_2,1574,HTML_PAGE_SELECT2_3_3_2_2,select2_3_3_2_2,true
SELECT2_3_3_2_3,1575,HACTION_SELECT2_3_3_2_3,1575,HTML_PAGE_SELECT2_3_3_2_3,select2_3_3_2_3,true
SELECT2_3_3_2_4,1576,HACTION_SELECT2_3_3_2_4,1576,HTML_PAGE_SELECT2_3_3_2_4,select2_3_3_2_4,true
SELECT2_3_3_3,1577,HACTION_SELECT2_3_3_3,1577,HTML_PAGE_SELECT2_3_3_3,select2_3_3_3,true
SELECT2_3_3_3_1,1578,HACTION_SELECT2_3_3_3_1,1578,HTML_PAGE_SELECT2_3_3_3_1,select2_3_3_3_1,true
SELECT2_3_3_3_2,1579,HACTION_SELECT2_3_3_3_2,1579,HTML_PAGE_SELECT2_3_3_3_2,select2_3_3_3_2,true
SELECT2_3_3_3_3,1580,HACTION_SELECT2_3_3_3_3,1580,HTML_PAGE_SELECT2_3_3_3_3,select2_3_3_3_3,true
SELECT2_3_3_3_4,1581,HACTION_SELECT2_3_3_3_4,1581,HTML_PAGE_SELECT2_3_3_3_4,select2_3_3_3_4,true
SELECT2_3_3_4,1582,HACTION_SELECT2_3_3_4,1582,HTML_PAGE_SELECT2_3_3_4,select2_3_3_4,true
SELECT2_3_3_4_1,1583,HACTION_SELECT2_3_3_4_1,1583,HTML_PAGE_SELECT2_3_3_4_1,select2_3_3_4_1,true
SELECT2_3_3_4_2,1584,HACTION_SELECT2_3_3_4_2,1584,HTML_PAGE_SELECT2_3_3_4_2,select2_3_3_4_2,true
SELECT2_3_3_4_3,1585,HACTION_SELECT2_3_3_4_3,1585,HTML_PAGE_SELECT2_3_3_4_3,select2_3_3_4_3,true
SELECT2_3_3_4_4,1586,HACTION_SELECT2_3_3_4_4,1586,HTML_PAGE_SELECT2_3_3_4_4,select2_3_3_4_4,true
SELECT2_3_4,1587,HACTION_SELECT2_3_4,1587,HTML_PAGE_SELECT2_3_4,select2_3_4,true
SELECT2_3_4_1,1588,HACTION_SELECT2_3_4_1,1588,HTML_PAGE_SELECT2_3_4_1,select2_3_4_1,true
SELECT2_3_4_1_1,1589,HACTION_SELECT2_3_4_1_1,1589,HTML_PAGE_SELECT2_3_4_1_1,select2_3_4_1_1,true
SELECT2_3_4_1_2,1590,HACTION_SELECT2_3_4_1_2,1590,HTML_PAGE_SELECT2_3_4_1_2,select2_3_4_1_2,true
SELECT2_3_4_1_3,1591,HACTION_SELECT2_3_4_1_3,1591,HTML_PAGE_SELECT2_3_4_1_3,select2_3_4_1_3,true
SELECT2_3_4_1_4,1592,HACTION_SELECT2_3_4_1_4,1592,HTML_PAGE_SELECT2_3_4_1_4,select2_3_4_1_4,true
SELECT2_3_4_2,1593,HACTION_SELECT2_3_4_2,1593,HTML_PAGE_SELECT2_3_4_2,select2_3_4_2,true
SELECT2_3_4_2_1,1594,HACTION_SELECT2_3_4_2_1,1594,HTML_PAGE_SELECT2_3_4_2_1,select2_3_4_2_1,true
SELECT2_3_4_2_2,1595,HACTION_SELECT2_3_4_2_2,1595,HTML_PAGE_SELECT2_3_4_2_2,select2_3_4_2_2,true
SELECT2_3_4_2_3,1596,HACTION_SELECT2_3_4_2_3,1596,HTML_PAGE_SELECT2_3_4_2_3,select2_3_4_2_3,true
SELECT2_3_4_2_4,1597,HACTION_SELECT2_3_4_2_4,1597,HTML_PAGE_SELECT2_3_4_2_4,select2_3_4_2_4,true
SELECT2_3_4_3,1598,HACTION_SELECT2_3_4_3,1598,HTML_PAGE_SELECT2_3_4_3,select2_3_4_3,true
SELECT2_3_4_3_1,1599,HACTION_SELECT2_3_4_3_1,1599,HTML_PAGE_SELECT2_3_4_3_1,select2_3_4_3_1,true
SELECT2_3_4_3_2,1600,HACTION_SELECT2_3_4_3_2,1600,HTML_PAGE_SELECT2_3_4_3_2,select2_3_4_3_2,true
SELECT2_3_4_3_3,1601,HACTION_SELECT2_3_4_3_3,1601,HTML_PAGE_SELECT2_3_4_3_3,select2_3_4_3_3,true
SELECT2_3_4_3_4,1602,HACTION_SELECT2_3_4_3_4,1602,HTML_PAGE_SELECT2_3_4_3_4,select2_3_4_3_4,true
SELECT2_3_4_4,1603,HACTION_SELECT2_3_4_4,1603,HTML_PAGE_SELECT2_3_4_4,select2_3_4_4,true
SELECT2_3_4_4_1,1604,HACTION_SELECT2_3_4_4_1,1604,HTML_PAGE_SELECT2_3_4_4_1,select2_3_4_4_1,true
SELECT2_3_4_4_2,1605,HACTION_SELECT2_3_4_4_2,1605,HTML_PAGE_SELECT2_3_4_4_2,select2_3_4_4_2,true
SELECT2_3_4_4_3,1606,HACTION_SELECT2_3_4_4_3,1606,HTML_PAGE_SELECT2_3_4_4_3,select2_3_4_4_3,true
SELECT2_3_4_4_4,1607,HACTION_SELECT2_3_4_4_4,1607,HTML_PAGE_SELECT2_3_4_4_4,select2_3_4_4_4,true
SELECT2_4,1608,HACTION_SELECT2_4,1608,HTML_PAGE_SELECT2_4,select2_4,true
SELECT2_4_1,1609,HACTION_SELECT2_4_1,1609,HTML_PAGE_SELECT2_4_1,select2_4_1,true
SELECT2_4_1_1,1610,HACTION_SELECT2_4_1_1,1610,HTML_PAGE_SELECT2_4_1_1,select2_4_1_1,true
SELECT2_4_1_1_1,1611,HACTION_SELECT2_4_1_1_1,1611,HTML_PAGE_SELECT2_4_1_1_1,select2_4_1_1_1,true
SELECT2_4_1_1_2,1612,HACTION_SELECT2_4_1_1_2,1612,HTML_PAGE_SELECT2_4_1_1_2,select2_4_1_1_2,true
SELECT2_4_1_1_3,1613,HACTION_SELECT2_4_1_1_3,1613,HTML_PAGE_SELECT2_4_1_1_3,select2_4_1_1_3,true
SELECT2_4_1_1_4,1614,HACTION_SELECT2_4_1_1_4,1614,HTML_PAGE_SELECT2_4_1_1_4,select2_4_1_1_4,true
SELECT2_4_1_2,1615,HACTION_SELECT2_4_1_2,1615,HTML_PAGE_SELECT2_4_1_2,select2_4_1_2,true
SELECT2_4_1_2_1,1616,HACTION_SELECT2_4_1_2_1,1616,HTML_PAGE_SELECT2_4_1_2_1,select2_4_1_2_1,true
SELECT2_4_1_2_2,1617,HACTION_SELECT2_4_1_2_2,1617,HTML_PAGE_SELECT2_4_1_2_2,select2_4_1_2_2,true
SELECT2_4_1_2_3,1618,HACTION_SELECT2_4_1_2_3,1618,HTML_PAGE_SELECT2_4_1_2_3,select2_4_1_2_3,true
SELECT2_4_1_2_4,1619,HACTION_SELECT2_4_1_2_4,1619,HTML_PAGE_SELECT2_4_1_2_4,select2_4_1_2_4,true
SELECT2_4_1_3,1620,HACTION_SELECT2_4_1_3,1620,HTML_PAGE_SELECT2_4_1_3,select2_4_1_3,true
SELECT2_4_1_3_1,1621,HACTION_SELECT2_4_1_3_1,1621,HTML_PAGE_SELECT2_4_1_3_1,select2_4_1_3_1,true
SELECT2_4_1_3_2,1622,HACTION_SELECT2_4_1_3_2,1622,HTML_PAGE_SELECT2_4_1_3_2,select2_4_1_3_2,true
SELECT2_4_1_3_3,1623,HACTION_SELECT2_4_1_3_3,1623,HTML_PAGE_SELECT2_4_1_3_3,select2_4_1_3_3,true
SELECT2_4_1_3_4,1624,HACTION_SELECT2_4_1_3_4,1624,HTML_PAGE_SELECT2_4_1_3_4,select2_4_1_3_4,true
SELECT2_4_1_4,1625,HACTION_SELECT2_4_1_4,1625,HTML_PAGE_SELECT2_4_1_4,select2_4_1_4,true
SELECT2_4_1_4_1,1626,HACTION_SELECT2_4_1_4_1,1626,HTML_PAGE_SELECT2_4_1_4_1,select2_4_1_4_1,true
SELECT2_4_1_4_2,1627,HACTION_SELECT2_4_1_4_2,1627,HTML_PAGE_SELECT2_4_1_4_2,select2_4_1_4_2,true
SELECT2_4_1_4_3,1628,HACTION_SELECT2_4_1_4_3,1628,HTML_PAGE_SELECT2_4_1_4_3,select2_4_1_4_3,true
SELECT2_4_1_4_4,1629,HACTION_SELECT2_4_1_4_4,1629,HTML_PAGE_SELECT2_4_1_4_4,select2_4_1_4_4,true
SELECT2_4_2,1630,HACTION_SELECT2_4_2,1630,HTML_PAGE_SELECT2_4_2,select2_4_2,true
SELECT2_4_2_1,1631,HACTION_SELECT2_4_2_1,1631,HTML_PAGE_SELECT2_4_2_1,select2_4_2_1,true
SELECT2_4_2_1_1,1632,HACTION_SELECT2_4_2_1_1,1632,HTML_PAGE_SELECT2_4_2_1_1,select2_4_2_1_1,true
SELECT2_4_2_1_2,1633,HACTION_SELECT2_4_2_1_2,1633,HTML_PAGE_SELECT2_4_2_1_2,select2_4_2_1_2,true
SELECT2_4_2_1_3,1634,HACTION_SELECT2_4_2_1_3,1634,HTML_PAGE_SELECT2_4_2_1_3,select2_4_2_1_3,true
SELECT2_4_2_1_4,1635,HACTION_SELECT2_4_2_1_4,1635,HTML_PAGE_SELECT2_4_2_1_4,select2_4_2_1_4,true
SELECT2_4_2_2,1636,HACTION_SELECT2_4_2_2,1636,HTML_PAGE_SELECT2_4_2_2,select2_4_2_2,true
SELECT2_4_2_2_1,1637,HACTION_SELECT2_4_2_2_1,1637,HTML_PAGE_SELECT2_4_2_2_1,select2_4_2_2_1,true
SELECT2_4_2_2_2,1638,HACTION_SELECT2_4_2_2_2,1638,HTML_PAGE_SELECT2_4_2_2_2,select2_4_2_2_2,true
SELECT2_4_2_2_3,1639,HACTION_SELECT2_4_2_2_3,1639,HTML_PAGE_SELECT2_4_2_2_3,select2_4_2_2_3,true
SELECT2_4_2_2_4,1640,HACTION_SELECT2_4_2_2_4,1640,HTML_PAGE_SELECT2_4_2_2_4,select2_4_2_2_4,true
SELECT2_4_2_3,1641,HACTION_SELECT2_4_2_3,1641,HTML_PAGE_SELECT2_4_2_3,select2_4_2_3,true
SELECT2_4_2_3_1,1642,HACTION_SELECT2_4_2_3_1,1642,HTML_PAGE_SELECT2_4_2_3_1,select2_4_2_3_1,true
SELECT2_4_2_3_2,1643,HACTION_SELECT2_4_2_3_2,1643,HTML_PAGE_SELECT2_4_2_3_2,select2_4_2_3_2,true
SELECT2_4_2_3_3,1644,HACTION_SELECT2_4_2_3_3,1644,HTML_PAGE_SELECT2_4_2_3_3,select2_4_2_3_3,true
SELECT2_4_2_3_4,1645,HACTION_SELECT2_4_2_3_4,1645,HTML_PAGE_SELECT2_4_2_3_4,select2_4_2_3_4,true
SELECT2_4_2_4,1646,HACTION_SELECT2_4_2_4,1646,HTML_PAGE_SELECT2_4_2_4,select2_4_2_4,true
SELECT2_4_2_4_1,1647,HACTION_SELECT2_4_2_4_1,1647,HTML_PAGE_SELECT2_4_2_4_1,select2_4_2_4_1,true
SELECT2_4_2_4_2,1648,HACTION_SELECT2_4_2_4_2,1648,HTML_PAGE_SELECT2_4_2_4_2,select2_4_2_4_2,true
SELECT2_4_2_4_3,1649,HACTION_SELECT2_4_2_4_3,1649,HTML_PAGE_SELECT2_4_2_4_3,select2_4_2_4_3,true
SELECT2_4_2_4_4,1650,HACTION_SELECT2_4_2_4_4,1650,HTML_PAGE_SELECT2_4_2_4_4,select2_4_2_4_4,true
SELECT2_4_3,1651,HACTION_SELECT2_4_3,1651,HTML_PAGE_SELECT2_4_3,select2_4_3,true
SELECT2_4_3_1,1652,HACTION_SELECT2_4_3_1,1652,HTML_PAGE_SELECT2_4_3_1,select2_4_3_1,true
SELECT2_4_3_1_1,1653,HACTION_SELECT2_4_3_1_1,1653,HTML_PAGE_SELECT2_4_3_1_1,select2_4_3_1_1,true
SELECT2_4_3_1_2,1654,HACTION_SELECT2_4_3_1_2,1654,HTML_PAGE_SELECT2_4_3_1_2,select2_4_3_1_2,true
SELECT2_4_3_1_3,1655,HACTION_SELECT2_4_3_1_3,1655,HTML_PAGE_SELECT2_4_3_1_3,select2_4_3_1_3,true
SELECT2_4_3_1_4,1656,HACTION_SELECT2_4_3_1_4,1656,HTML_PAGE_SELECT2_4_3_1_4,select2_4_3_1_4,true
SELECT2_4_3_2,1657,HACTION_SELECT2_4_3_2,1657,HTML_PAGE_SELECT2_4_3_2,select2_4_3_2,true
SELECT2_4_3_2_1,1658,HACTION_SELECT2_4_3_2_1,1658,HTML_PAGE_SELECT2_4_3_2_1,select2_4_3_2_1,true
SELECT2_4_3_2_2,1659,HACTION_SELECT2_4_3_2_2,1659,HTML_PAGE_SELECT2_4_3_2_2,select2_4_3_2_2,true
SELECT2_4_3_2_3,1660,HACTION_SELECT2_4_3_2_3,1660,HTML_PAGE_SELECT2_4_3_2_3,select2_4_3_2_3,true
SELECT2_4_3_2_4,1661,HACTION_SELECT2_4_3_2_4,1661,HTML_PAGE_SELECT2_4_3_2_4,select2_4_3_2_4,true
SELECT2_4_3_3,1662,HACTION_SELECT2_4_3_3,1662,HTML_PAGE_SELECT2_4_3_3,select2_4_3_3,true
SELECT2_4_3_3_1,1663,HACTION_SELECT2_4_3_3_1,1663,HTML_PAGE_SELECT2_4_3_3_1,select2_4_3_3_1,true
SELECT2_4_3_3_2,1664,HACTION_SELECT2_4_3_3_2,1664,HTML_PAGE_SELECT2_4_3_3_2,select2_4_3_3_2,true
SELECT2_4_3_3_3,1665,HACTION_SELECT2_4_3_3_3,1665,HTML_PAGE_SELECT2_4_3_3_3,select2_4_3_3_3,true
SELECT2_4_3_3_4,1666,HACTION_SELECT2_4_3_3_4,1666,HTML_PAGE_SELECT2_4_3_3_4,select2_4_3_3_4,true
SELECT2_4_3_4,1667,HACTION_SELECT2_4_3_4,1667,HTML_PAGE_SELECT2_4_3_4,select2_4_3_4,true
SELECT2_4_3_4_1,1668,HACTION_SELECT2_4_3_4_1,1668,HTML_PAGE_SELECT2_4_3_4_1,select2_4_3_4_1,true
SELECT2_4_3_4_2,1669,HACTION_SELECT2_4_3_4_2,1669,HTML_PAGE_SELECT2_4_3_4_2,select2_4_3_4_2,true
SELECT2_4_3_4_3,1670,HACTION_SELECT2_4_3_4_3,1670,HTML_PAGE_SELECT2_4_3_4_3,select2_4_3_4_3,true
SELECT2_4_3_4_4,1671,HACTION_SELECT2_4_3_4_4,1671,HTML_PAGE_SELECT2_4_3_4_4,select2_4_3_4_4,true
SELECT2_4_4,1672,HACTION_SELECT2_4_4,1672,HTML_PAGE_SELECT2_4_4,select2_4_4,true
SELECT2_4_4_1,1673,HACTION_SELECT2_4_4_1,1673,HTML_PAGE_SELECT2_4_4_1,select2_4_4_1,true
SELECT2_4_4_1_1,1674,HACTION_SELECT2_4_4_1_1,1674,HTML_PAGE_SELECT2_4_4_1_1,select2_4_4_1_1,true
SELECT2_4_4_1_2,1675,HACTION_SELECT2_4_4_1_2,1675,HTML_PAGE_SELECT2_4_4_1_2,select2_4_4_1_2,true
SELECT2_4_4_1_3,1676,HACTION_SELECT2_4_4_1_3,1676,HTML_PAGE_SELECT2_4_4_1_3,select2_4_4_1_3,true
SELECT2_4_4_1_4,1677,HACTION_SELECT2_4_4_1_4,1677,HTML_PAGE_SELECT2_4_4_1_4,select2_4_4_1_4,true
SELECT2_4_4_2,1678,HACTION_SELECT2_4_4_2,1678,HTML_PAGE_SELECT2_4_4_2,select2_4_4_2,true
SELECT2_4_4_2_1,1679,HACTION_SELECT2_4_4_2_1,1679,HTML_PAGE_SELECT2_4_4_2_1,select2_4_4_2_1,true
SELECT2_4_4_2_2,1680,HACTION_SELECT2_4_4_2_2,1680,HTML_PAGE_SELECT2_4_4_2_2,select2_4_4_2_2,true
SELECT2_4_4_2_3,1681,HACTION_SELECT2_4_4_2_3,1681,HTML_PAGE_SELECT2_4_4_2_3,select2_4_4_2_3,true
SELECT2_4_4_2_4,1682,HACTION_SELECT2_4_4_2_4,1682,HTML_PAGE_SELECT2_4_4_2_4,select2_4_4_2_4,true
SELECT2_4_4_3,1683,HACTION_SELECT2_4_4_3,1683,HTML_PAGE_SELECT2_4_4_3,select2_4_4_3,true
SELECT2_4_4_3_1,1684,HACTION_SELECT2_4_4_3_1,1684,HTML_PAGE_SELECT2_4_4_3_1,select2_4_4_3_1,true
SELECT2_4_4_3_2,1685,HACTION_SELECT2_4_4_3_2,1685,HTML_PAGE_SELECT2_4_4_3_2,select2_4_4_3_2,true
SELECT2_4_4_3_3,1686,HACTION_SELECT2_4_4_3_3,1686,HTML_PAGE_SELECT2_4_4_3_3,select2_4_4_3_3,true
SELECT2_4_4_3_4,1687,HACTION_SELECT2_4_4_3_4,1687,HTML_PAGE_SELECT2_4_4_3_4,select2_4_4_3_4,true
SELECT2_4_4_4,1688,HACTION_SELECT2_4_4_4,1688,HTML_PAGE_SELECT2_4_4_4,select2_4_4_4,true
SELECT2_4_4_4_1,1689,HACTION_SELECT2_4_4_4_1,1689,HTML_PAGE_SELECT2_4_4_4_1,select2_4_4_4_1,true
SELECT2_4_4_4_2,1690,HACTION_SELECT2_4_4_4_2,1690,HTML_PAGE_SELECT2_4_4_4_2,select2_4_4_4_2,true
SELECT2_4_4_4_3,1691,HACTION_SELECT2_4_4_4_3,1691,HTML_PAGE_SELECT2_4_4_4_3,select2_4_4_4_3,true
SELECT2_4_4_4_4,1692,HACTION_SELECT2_4_4_4_4,1692,HTML_PAGE_SELECT2_4_4_4_4,select2_4_4_4_4,true
SELECT3,1693,HACTION_SELECT3,1693,HTML_PAGE_SELECT3,select3,true
SELECT3_1,1694,HACTION_SELECT3_1,1694,HTML_PAGE_SELECT3_1,select3_1,true
SELECT3_1_1,1695,HACTION_SELECT3_1_1,1695,HTML_PAGE_SELECT3_1_1,select3_1_1,true
SELECT3_1_1_1,1696,HACTION_SELECT3_1_1_1,1696,HTML_PAGE_SELECT3_1_1_1,select3_1_1_1,true
SELECT3_1_1_1_1,1697,HACTION_SELECT3_1_1_1_1,1697,HTML_PAGE_SELECT3_1_1_1_1,select3_1_1_1_1,true
SELECT3_1_1_1_2,1698,HACTION_SELECT3_1_1_1_2,1698,HTML_PAGE_SELECT3_1_1_1_2,select3_1_1_1_2,true
SELECT3_1_1_1_3,1699,HACTION_SELECT3_1_1_1_3,1699,HTML_PAGE_SELECT3_1_1_1_3,select3_1_1_1_3,true
SELECT3_1_1_1_4,1700,HACTION_SELECT3_1_1_1_4,1700,HTML_PAGE_SELECT3_1_1_1_4,select3_1_1_1_4,true
SELECT3_1_1_2,1701,HACTION_SELECT3_1_1_2,1701,HTML_PAGE_SELECT3_1_1_2,select3_1_1_2,true
SELECT3_1_1_2_1,1702,HACTION_SELECT3_1_1_2_1,1702,HTML_PAGE_SELECT3_1_1_2_1,select3_1_1_2_1,true
SELECT3_1_1_2_2,1703,HACTION_SELECT3_1_1_2_2,1703,HTML_PAGE_SELECT3_1_1_2_2,select3_1_1_2_2,true
SELECT3_1_1_2_3,1704,HACTION_SELECT3_1_1_2_3,1704,HTML_PAGE_SELECT3_1_1_2_3,select3_1_1_2_3,true
SELECT3_1_1_2_4,1705,HACTION_SELECT3_1_1_2_4,1705,HTML_PAGE_SELECT3_1_1_2_4,select3_1_1_2_4,true
SELECT3_1_1_3,1706,HACTION_SELECT3_1_1_3,1706,HTML_PAGE_SELECT3_1_1_3,select3_1_1_3,true
SELECT3_1_1_3_1,1707,HACTION_SELECT3_1_1_3_1,1707,HTML_PAGE_SELECT3_1_1_3_1,select3_1_1_3_1,true
SELECT3_1_1_3_2,1708,HACTION_SELECT3_1_1_3_2,1708,HTML_PAGE_SELECT3_1_1_3_2,select3_1_1_3_2,true
SELECT3_1_1_3_3,1709,HACTION_SELECT3_1_1_3_3,1709,HTML_PAGE_SELECT3_1_1_3_3,select3_1_1_3_3,true
SELECT3_1_1_3_4,1710,HACTION_SELECT3_1_1_3_4,1710,HTML_PAGE_SELECT3_1_1_3_4,select3_1_1_3_4,true
SELECT3_1_1_4,1711,HACTION_SELECT3_1_1_4,1711,HTML_PAGE_SELECT3_1_1_4,select3_1_1_4,true
SELECT3_1_1_4_1,1712,HACTION_SELECT3_1_1_4_1,1712,HTML_PAGE_SELECT3_1_1_4_1,select3_1_1_4_1,true
SELECT3_1_1_4_2,1713,HACTION_SELECT3_1_1_4_2,1713,HTML_PAGE_SELECT3_1_1_4_2,select3_1_1_4_2,true
SELECT3_1_1_4_3,1714,HACTION_SELECT3_1_1_4_3,1714,HTML_PAGE_SELECT3_1_1_4_3,select3_1_1_4_3,true
SELECT3_1_1_4_4,1715,HACTION_SELECT3_1_1_4_4,1715,HTML_PAGE_SELECT3_1_1_4_4,select3_1_1_4_4,true
SELECT3_1_2,1716,HACTION_SELECT3_1_2,1716,HTML_PAGE_SELECT3_1_2,select3_1_2,true
SELECT3_1_2_1,1717,HACTION_SELECT3_1_2_1,1717,HTML_PAGE_SELECT3_1_2_1,select3_1_2_1,true
SELECT3_1_2_1_1,1718,HACTION_SELECT3_1_2_1_1,1718,HTML_PAGE_SELECT3_1_2_1_1,select3_1_2_1_1,true
SELECT3_1_2_1_2,1719,HACTION_SELECT3_1_2_1_2,1719,HTML_PAGE_SELECT3_1_2_1_2,select3_1_2_1_2,true
SELECT3_1_2_1_3,1720,HACTION_SELECT3_1_2_1_3,1720,HTML_PAGE_SELECT3_1_2_1_3,select3_1_2_1_3,true
SELECT3_1_2_1_4,1721,HACTION_SELECT3_1_2_1_4,1721,HTML_PAGE_SELECT3_1_2_1_4,select3_1_2_1_4,true
SELECT3_1_2_2,1722,HACTION_SELECT3_1_2_2,1722,HTML_PAGE_SELECT3_1_2_2,select3_1_2_2,true
SELECT3_1_2_2_1,1723,HACTION_SELECT3_1_2_2_1,1723,HTML_PAGE_SELECT3_1_2_2_1,select3_1_2_2_1,true
SELECT3_1_2_2_2,1724,HACTION_SELECT3_1_2_2_2,1724,HTML_PAGE_SELECT3_1_2_2_2,select3_1_2_2_2,true
SELECT3_1_2_2_3,1725,HACTION_SELECT3_1_2_2_3,1725,HTML_PAGE_SELECT3_1_2_2_3,select3_1_2_2_3,true
SELECT3_1_2_2_4,1726,HACTION_SELECT3_1_2_2_4,1726,HTML_PAGE_SELECT3_1_2_2_4,select3_1_2_2_4,true
SELECT3_1_2_3,1727,HACTION_SELECT3_1_2_3,1727,HTML_PAGE_SELECT3_1_2_3,select3_1_2_3,true
SELECT3_1_2_3_1,1728,HACTION_SELECT3_1_2_3_1,1728,HTML_PAGE_SELECT3_1_2_3_1,select3_1_2_3_1,true
SELECT3_1_2_3_2,1729,HACTION_SELECT3_1_2_3_2,1729,HTML_PAGE_SELECT3_1_2_3_2,select3_1_2_3_2,true
SELECT3_1_2_3_3,1730,HACTION_SELECT3_1_2_3_3,1730,HTML_PAGE_SELECT3_1_2_3_3,select3_1_2_3_3,true
SELECT3_1_2_3_4,1731,HACTION_SELECT3_1_2_3_4,1731,HTML_PAGE_SELECT3_1_2_3_4,select3_1_2_3_4,true
SELECT3_1_2_4,1732,HACTION_SELECT3_1_2_4,1732,HTML_PAGE_SELECT3_1_2_4,select3_1_2_4,true
SELECT3_1_2_4_1,1733,HACTION_SELECT3_1_2_4_1,1733,HTML_PAGE_SELECT3_1_2_4_1,select3_1_2_4_1,true
SELECT3_1_2_4_2,1734,HACTION_SELECT3_1_2_4_2,1734,HTML_PAGE_SELECT3_1_2_4_2,select3_1_2_4_2,true
SELECT3_1_2_4_3,1735,HACTION_SELECT3_1_2_4_3,1735,HTML_PAGE_SELECT3_1_2_4_3,select3_1_2_4_3,true
SELECT3_1_2_4_4,1736,HACTION_SELECT3_1_2_4_4,1736,HTML_PAGE_SELECT3_1_2_4_4,select3_1_2_4_4,true
SELECT3_1_3,1737,HACTION_SELECT3_1_3,1737,HTML_PAGE_SELECT3_1_3,select3_1_3,true
SELECT3_1_3_1,1738,HACTION_SELECT3_1_3_1,1738,HTML_PAGE_SELECT3_1_3_1,select3_1_3_1,true
SELECT3_1_3_1_1,1739,HACTION_SELECT3_1_3_1_1,1739,HTML_PAGE_SELECT3_1_3_1_1,select3_1_3_1_1,true
SELECT3_1_3_1_2,1740,HACTION_SELECT3_1_3_1_2,1740,HTML_PAGE_SELECT3_1_3_1_2,select3_1_3_1_2,true
SELECT3_1_3_1_3,1741,HACTION_SELECT3_1_3_1_3,1741,HTML_PAGE_SELECT3_1_3_1_3,select3_1_3_1_3,true
SELECT3_1_3_1_4,1742,HACTION_SELECT3_1_3_1_4,1742,HTML_PAGE_SELECT3_1_3_1_4,select3_1_3_1_4,true
SELECT3_1_3_2,1743,HACTION_SELECT3_1_3_2,1743,HTML_PAGE_SELECT3_1_3_2,select3_1_3_2,true
SELECT3_1_3_2_1,1744,HACTION_SELECT3_1_3_2_1,1744,HTML_PAGE_SELECT3_1_3_2_1,select3_1_3_2_1,true
SELECT3_1_3_2_2,1745,HACTION_SELECT3_1_3_2_2,1745,HTML_PAGE_SELECT3_1_3_2_2,select3_1_3_2_2,true
SELECT3_1_3_2_3,1746,HACTION_SELECT3_1_3_2_3,1746,HTML_PAGE_SELECT3_1_3_2_3,select3_1_3_2_3,true
SELECT3_1_3_2_4,1747,HACTION_SELECT3_1_3_2_4,1747,HTML_PAGE_SELECT3_1_3_2_4,select3_1_3_2_4,true
SELECT3_1_3_3,1748,HACTION_SELECT3_1_3_3,1748,HTML_PAGE_SELECT3_1_3_3,select3_1_3_3,true
SELECT3_1_3_3_1,1749,HACTION_SELECT3_1_3_3_1,1749,HTML_PAGE_SELECT3_1_3_3_1,select3_1_3_3_1,true
SELECT3_1_3_3_2,1750,HACTION_SELECT3_1_3_3_2,1750,HTML_PAGE_SELECT3_1_3_3_2,select3_1_3_3_2,true
SELECT3_1_3_3_3,1751,HACTION_SELECT3_1_3_3_3,1751,HTML_PAGE_SELECT3_1_3_3_3,select3_1_3_3_3,true
SELECT3_1_3_3_4,1752,HACTION_SELECT3_1_3_3_4,1752,HTML_PAGE_SELECT3_1_3_3_4,select3_1_3_3_4,true
SELECT3_1_3_4,1753,HACTION_SELECT3_1_3_4,1753,HTML_PAGE_SELECT3_1_3_4,select3_1_3_4,true
SELECT3_1_3_4_1,1754,HACTION_SELECT3_1_3_4_1,1754,HTML_PAGE_SELECT3_1_3_4_1,select3_1_3_4_1,true
SELECT3_1_3_4_2,1755,HACTION_SELECT3_1_3_4_2,1755,HTML_PAGE_SELECT3_1_3_4_2,select3_1_3_4_2,true
SELECT3_1_3_4_3,1756,HACTION_SELECT3_1_3_4_3,1756,HTML_PAGE_SELECT3_1_3_4_3,select3_1_3_4_3,true
SELECT3_1_3_4_4,1757,HACTION_SELECT3_1_3_4_4,1757,HTML_PAGE_SELECT3_1_3_4_4,select3_1_3_4_4,true
SELECT3_1_4,1758,HACTION_SELECT3_1_4,1758,HTML_PAGE_SELECT3_1_4,select3_1_4,true
SELECT3_1_4_1,1759,HACTION_SELECT3_1_4_1,1759,HTML_PAGE_SELECT3_1_4_1,select3_1_4_1,true
SELECT3_1_4_1_1,1760,HACTION_SELECT3_1_4_1_1,1760,HTML_PAGE_SELECT3_1_4_1_1,select3_1_4_1_1,true
SELECT3_1_4_1_2,1761,HACTION_SELECT3_1_4_1_2,1761,HTML_PAGE_SELECT3_1_4_1_2,select3_1_4_1_2,true
SELECT3_1_4_1_3,1762,HACTION_SELECT3_1_4_1_3,1762,HTML_PAGE_SELECT3_1_4_1_3,select3_1_4_1_3,true
SELECT3_1_4_1_4,1763,HACTION_SELECT3_1_4_1_4,1763,HTML_PAGE_SELECT3_1_4_1_4,select3_1_4_1_4,true
SELECT3_1_4_2,1764,HACTION_SELECT3_1_4_2,1764,HTML_PAGE_SELECT3_1_4_2,select3_1_4_2,true
SELECT3_1_4_2_1,1765,HACTION_SELECT3_1_4_2_1,1765,HTML_PAGE_SELECT3_1_4_2_1,select3_1_4_2_1,true
SELECT3_1_4_2_2,1766,HACTION_SELECT3_1_4_2_2,1766,HTML_PAGE_SELECT3_1_4_2_2,select3_1_4_2_2,true
SELECT3_1_4_2_3,1767,HACTION_SELECT3_1_4_2_3,1767,HTML_PAGE_SELECT3_1_4_2_3,select3_1_4_2_3,true
SELECT3_1_4_2_4,1768,HACTION_SELECT3_1_4_2_4,1768,HTML_PAGE_SELECT3_1_4_2_4,select3_1_4_2_4,true
SELECT3_1_4_3,1769,HACTION_SELECT3_1_4_3,1769,HTML_PAGE_SELECT3_1_4_3,select3_1_4_3,true
SELECT3_1_4_3_1,1770,HACTION_SELECT3_1_4_3_1,1770,HTML_PAGE_SELECT3_1_4_3_1,select3_1_4_3_1,true
SELECT3_1_4_3_2,1771,HACTION_SELECT3_1_4_3_2,1771,HTML_PAGE_SELECT3_1_4_3_2,select3_1_4_3_2,true
SELECT3_1_4_3_3,1772,HACTION_SELECT3_1_4_3_3,1772,HTML_PAGE_SELECT3_1_4_3_3,select3_1_4_3_3,true
SELECT3_1_4_3_4,1773,HACTION_SELECT3_1_4_3_4,1773,HTML_PAGE_SELECT3_1_4_3_4,select3_1_4_3_4,true
SELECT3_1_4_4,1774,HACTION_SELECT3_1_4_4,1774,HTML_PAGE_SELECT3_1_4_4,select3_1_4_4,true
SELECT3_1_4_4_1,1775,HACTION_SELECT3_1_4_4_1,1775,HTML_PAGE_SELECT3_1_4_4_1,select3_1_4_4_1,true
SELECT3_1_4_4_2,1776,HACTION_SELECT3_1_4_4_2,1776,HTML_PAGE_SELECT3_1_4_4_2,select3_1_4_4_2,true
SELECT3_1_4_4_3,1777,HACTION_SELECT3_1_4_4_3,1777,HTML_PAGE_SELECT3_1_4_4_3,select3_1_4_4_3,true
SELECT3_1_4_4_4,1778,HACTION_SELECT3_1_4_4_4,1778,HTML_PAGE_SELECT3_1_4_4_4,select3_1_4_4_4,true
SELECT3_2,1779,HACTION_SELECT3_2,1779,HTML_PAGE_SELECT3_2,select3_2,true
SELECT3_2_1,1780,HACTION_SELECT3_2_1,1780,HTML_PAGE_SELECT3_2_1,select3_2_1,true
SELECT3_2_1_1,1781,HACTION_SELECT3_2_1_1,1781,HTML_PAGE_SELECT3_2_1_1,select3_2_1_1,true
SELECT3_2_1_1_1,1782,HACTION_SELECT3_2_1_1_1,1782,HTML_PAGE_SELECT3_2_1_1_1,select3_2_1_1_1,true
SELECT3_2_1_1_2,1783,HACTION_SELECT3_2_1_1_2,1783,HTML_PAGE_SELECT3_2_1_1_2,select3_2_1_1_2,true
SELECT3_2_1_1_3,1784,HACTION_SELECT3_2_1_1_3,1784,HTML_PAGE_SELECT3_2_1_1_3,select3_2_1_1_3,true
SELECT3_2_1_1_4,1785,HACTION_SELECT3_2_1_1_4,1785,HTML_PAGE_SELECT3_2_1_1_4,select3_2_1_1_4,true
SELECT3_2_1_2,1786,HACTION_SELECT3_2_1_2,1786,HTML_PAGE_SELECT3_2_1_2,select3_2_1_2,true
SELECT3_2_1_2_1,1787,HACTION_SELECT3_2_1_2_1,1787,HTML_PAGE_SELECT3_2_1_2_1,select3_2_1_2_1,true
SELECT3_2_1_2_2,1788,HACTION_SELECT3_2_1_2_2,1788,HTML_PAGE_SELECT3_2_1_2_2,select3_2_1_2_2,true
SELECT3_2_1_2_3,1789,HACTION_SELECT3_2_1_2_3,1789,HTML_PAGE_SELECT3_2_1_2_3,select3_2_1_2_3,true
SELECT3_2_1_2_4,1790,HACTION_SELECT3_2_1_2_4,1790,HTML_PAGE_SELECT3_2_1_2_4,select3_2_1_2_4,true
SELECT3_2_1_3,1791,HACTION_SELECT3_2_1_3,1791,HTML_PAGE_SELECT3_2_1_3,select3_2_1_3,true
SELECT3_2_1_3_1,1792,HACTION_SELECT3_2_1_3_1,1792,HTML_PAGE_SELECT3_2_1_3_1,select3_2_1_3_1,true
SELECT3_2_1_3_2,1793,HACTION_SELECT3_2_1_3_2,1793,HTML_PAGE_SELECT3_2_1_3_2,select3_2_1_3_2,true
SELECT3_2_1_3_3,1794,HACTION_SELECT3_2_1_3_3,1794,HTML_PAGE_SELECT3_2_1_3_3,select3_2_1_3_3,true
SELECT3_2_1_3_4,1795,HACTION_SELECT3_2_1_3_4,1795,HTML_PAGE_SELECT3_2_1_3_4,select3_2_1_3_4,true
SELECT3_2_1_4,1796,HACTION_SELECT3_2_1_4,1796,HTML_PAGE_SELECT3_2_1_4,select3_2_1_4,true
SELECT3_2_1_4_1,1797,HACTION_SELECT3_2_1_4_1,1797,HTML_PAGE_SELECT3_2_1_4_1,select3_2_1_4_1,true
SELECT3_2_1_4_2,1798,HACTION_SELECT3_2_1_4_2,1798,HTML_PAGE_SELECT3_2_1_4_2,select3_2_1_4_2,true
SELECT3_2_1_4_3,1799,HACTION_SELECT3_2_1_4_3,1799,HTML_PAGE_SELECT3_2_1_4_3,select3_2_1_4_3,true
SELECT3_2_1_4_4,1800,HACTION_SELECT3_2_1_4_4,1800,HTML_PAGE_SELECT3_2_1_4_4,select3_2_1_4_4,true
SELECT3_2_2,1801,HACTION_SELECT3_2_2,1801,HTML_PAGE_SELECT3_2_2,select3_2_2,true
SELECT3_2_2_1,1802,HACTION_SELECT3_2_2_1,1802,HTML_PAGE_SELECT3_2_2_1,select3_2_2_1,true
SELECT3_2_2_1_1,1803,HACTION_SELECT3_2_2_1_1,1803,HTML_PAGE_SELECT3_2_2_1_1,select3_2_2_1_1,true
SELECT3_2_2_1_2,1804,HACTION_SELECT3_2_2_1_2,1804,HTML_PAGE_SELECT3_2_2_1_2,select3_2_2_1_2,true
SELECT3_2_2_1_3,1805,HACTION_SELECT3_2_2_1_3,1805,HTML_PAGE_SELECT3_2_2_1_3,select3_2_2_1_3,true
SELECT3_2_2_1_4,1806,HACTION_SELECT3_2_2_1_4,1806,HTML_PAGE_SELECT3_2_2_1_4,select3_2_2_1_4,true
SELECT3_2_2_2,1807,HACTION_SELECT3_2_2_2,1807,HTML_PAGE_SELECT3_2_2_2,select3_2_2_2,true
SELECT3_2_2_2_1,1808,HACTION_SELECT3_2_2_2_1,1808,HTML_PAGE_SELECT3_2_2_2_1,select3_2_2_2_1,true
SELECT3_2_2_2_2,1809,HACTION_SELECT3_2_2_2_2,1809,HTML_PAGE_SELECT3_2_2_2_2,select3_2_2_2_2,true
SELECT3_2_2_2_3,1810,HACTION_SELECT3_2_2_2_3,1810,HTML_PAGE_SELECT3_2_2_2_3,select3_2_2_2_3,true
SELECT3_2_2_2_4,1811,HACTION_SELECT3_2_2_2_4,1811,HTML_PAGE_SELECT3_2_2_2_4,select3_2_2_2_4,true
SELECT3_2_2_3,1812,HACTION_SELECT3_2_2_3,1812,HTML_PAGE_SELECT3_2_2_3,select3_2_2_3,true
SELECT3_2_2_3_1,1813,HACTION_SELECT3_2_2_3_1,1813,HTML_PAGE_SELECT3_2_2_3_1,select3_2_2_3_1,true
SELECT3_2_2_3_2,1814,HACTION_SELECT3_2_2_3_2,1814,HTML_PAGE_SELECT3_2_2_3_2,select3_2_2_3_2,true
SELECT3_2_2_3_3,1815,HACTION_SELECT3_2_2_3_3,1815,HTML_PAGE_SELECT3_2_2_3_3,select3_2_2_3_3,true
SELECT3_2_2_3_4,1816,HACTION_SELECT3_2_2_3_4,1816,HTML_PAGE_SELECT3_2_2_3_4,select3_2_2_3_4,true
SELECT3_2_2_4,1817,HACTION_SELECT3_2_2_4,1817,HTML_PAGE_SELECT3_2_2_4,select3_2_2_4,true
SELECT3_2_2_4_1,1818,HACTION_SELECT3_2_2_4_1,1818,HTML_PAGE_SELECT3_2_2_4_1,select3_2_2_4_1,true
SELECT3_2_2_4_2,1819,HACTION_SELECT3_2_2_4_2,1819,HTML_PAGE_SELECT3_2_2_4_2,select3_2_2_4_2,true
SELECT3_2_2_4_3,1820,HACTION_SELECT3_2_2_4_3,1820,HTML_PAGE_SELECT3_2_2_4_3,select3_2_2_4_3,true
SELECT3_2_2_4_4,1821,HACTION_SELECT3_2_2_4_4,1821,HTML_PAGE_SELECT3_2_2_4_4,select3_2_2_4_4,true
SELECT3_2_3,1822,HACTION_SELECT3_2_3,1822,HTML_PAGE_SELECT3_2_3,select3_2_3,true
SELECT3_2_3_1,1823,HACTION_SELECT3_2_3_1,1823,HTML_PAGE_SELECT3_2_3_1,select3_2_3_1,true
SELECT3_2_3_1_1,1824,HACTION_SELECT3_2_3_1_1,1824,HTML_PAGE_SELECT3_2_3_1_1,select3_2_3_1_1,true
SELECT3_2_3_1_2,1825,HACTION_SELECT3_2_3_1_2,1825,HTML_PAGE_SELECT3_2_3_1_2,select3_2_3_1_2,true
SELECT3_2_3_1_3,1826,HACTION_SELECT3_2_3_1_3,1826,HTML_PAGE_SELECT3_2_3_1_3,select3_2_3_1_3,true
SELECT3_2_3_1_4,1827,HACTION_SELECT3_2_3_1_4,1827,HTML_PAGE_SELECT3_2_3_1_4,select3_2_3_1_4,true
SELECT3_2_3_2,1828,HACTION_SELECT3_2_3_2,1828,HTML_PAGE_SELECT3_2_3_2,select3_2_3_2,true
SELECT3_2_3_2_1,1829,HACTION_SELECT3_2_3_2_1,1829,HTML_PAGE_SELECT3_2_3_2_1,select3_2_3_2_1,true
SELECT3_2_3_2_2,1830,HACTION_SELECT3_2_3_2_2,1830,HTML_PAGE_SELECT3_2_3_2_2,select3_2_3_2_2,true
SELECT3_2_3_2_3,1831,HACTION_SELECT3_2_3_2_3,1831,HTML_PAGE_SELECT3_2_3_2_3,select3_2_3_2_3,true
SELECT3_2_3_2_4,1832,HACTION_SELECT3_2_3_2_4,1832,HTML_PAGE_SELECT3_2_3_2_4,select3_2_3_2_4,true
SELECT3_2_3_3,1833,HACTION_SELECT3_2_3_3,1833,HTML_PAGE_SELECT3_2_3_3,select3_2_3_3,true
SELECT3_2_3_3_1,1834,HACTION_SELECT3_2_3_3_1,1834,HTML_PAGE_SELECT3_2_3_3_1,select3_2_3_3_1,true
SELECT3_2_3_3_2,1835,HACTION_SELECT3_2_3_3_2,1835,HTML_PAGE_SELECT3_2_3_3_2,select3_2_3_3_2,true
SELECT3_2_3_3_3,1836,HACTION_SELECT3_2_3_3_3,1836,HTML_PAGE_SELECT3_2_3_3_3,select3_2_3_3_3,true
SELECT3_2_3_3_4,1837,HACTION_SELECT3_2_3_3_4,1837,HTML_PAGE_SELECT3_2_3_3_4,select3_2_3_3_4,true
SELECT3_2_3_4,1838,HACTION_SELECT3_2_3_4,1838,HTML_PAGE_SELECT3_2_3_4,select3_2_3_4,true
SELECT3_2_3_4_1,1839,HACTION_SELECT3_2_3_4_1,1839,HTML_PAGE_SELECT3_2_3_4_1,select3_2_3_4_1,true
SELECT3_2_3_4_2,1840,HACTION_SELECT3_2_3_4_2,1840,HTML_PAGE_SELECT3_2_3_4_2,select3_2_3_4_2,true
SELECT3_2_3_4_3,1841,HACTION_SELECT3_2_3_4_3,1841,HTML_PAGE_SELECT3_2_3_4_3,select3_2_3_4_3,true
SELECT3_2_3_4_4,1842,HACTION_SELECT3_2_3_4_4,1842,HTML_PAGE_SELECT3_2_3_4_4,select3_2_3_4_4,true
SELECT3_2_4,1843,HACTION_SELECT3_2_4,1843,HTML_PAGE_SELECT3_2_4,select3_2_4,true
SELECT3_2_4_1,1844,HACTION_SELECT3_2_4_1,1844,HTML_PAGE_SELECT3_2_4_1,select3_2_4_1,true
SELECT3_2_4_1_1,1845,HACTION_SELECT3_2_4_1_1,1845,HTML_PAGE_SELECT3_2_4_1_1,select3_2_4_1_1,true
SELECT3_2_4_1_2,1846,HACTION_SELECT3_2_4_1_2,1846,HTML_PAGE_SELECT3_2_4_1_2,select3_2_4_1_2,true
SELECT3_2_4_1_3,1847,HACTION_SELECT3_2_4_1_3,1847,HTML_PAGE_SELECT3_2_4_1_3,select3_2_4_1_3,true
SELECT3_2_4_1_4,1848,HACTION_SELECT3_2_4_1_4,1848,HTML_PAGE_SELECT3_2_4_1_4,select3_2_4_1_4,true
SELECT3_2_4_2,1849,HACTION_SELECT3_2_4_2,1849,HTML_PAGE_SELECT3_2_4_2,select3_2_4_2,true
SELECT3_2_4_2_1,1850,HACTION_SELECT3_2_4_2_1,1850,HTML_PAGE_SELECT3_2_4_2_1,select3_2_4_2_1,true
SELECT3_2_4_2_2,1851,HACTION_SELECT3_2_4_2_2,1851,HTML_PAGE_SELECT3_2_4_2_2,select3_2_4_2_2,true
SELECT3_2_4_2_3,1852,HACTION_SELECT3_2_4_2_3,1852,HTML_PAGE_SELECT3_2_4_2_3,select3_2_4_2_3,true
SELECT3_2_4_2_4,1853,HACTION_SELECT3_2_4_2_4,1853,HTML_PAGE_SELECT3_2_4_2_4,select3_2_4_2_4,true
SELECT3_2_4_3,1854,HACTION_SELECT3_2_4_3,1854,HTML_PAGE_SELECT3_2_4_3,select3_2_4_3,true
SELECT3_2_4_3_1,1855,HACTION_SELECT3_2_4_3_1,1855,HTML_PAGE_SELECT3_2_4_3_1,select3_2_4_3_1,true
SELECT3_2_4_3_2,1856,HACTION_SELECT3_2_4_3_2,1856,HTML_PAGE_SELECT3_2_4_3_2,select3_2_4_3_2,true
SELECT3_2_4_3_3,1857,HACTION_SELECT3_2_4_3_3,1857,HTML_PAGE_SELECT3_2_4_3_3,select3_2_4_3_3,true
SELECT3_2_4_3_4,1858,HACTION_SELECT3_2_4_3_4,1858,HTML_PAGE_SELECT3_2_4_3_4,select3_2_4_3_4,true
SELECT3_2_4_4,1859,HACTION_SELECT3_2_4_4,1859,HTML_PAGE_SELECT3_2_4_4,select3_2_4_4,true
SELECT3_2_4_4_1,1860,HACTION_SELECT3_2_4_4_1,1860,HTML_PAGE_SELECT3_2_4_4_1,select3_2_4_4_1,true
SELECT3_2_4_4_2,1861,HACTION_SELECT3_2_4_4_2,1861,HTML_PAGE_SELECT3_2_4_4_2,select3_2_4_4_2,true
SELECT3_2_4_4_3,1862,HACTION_SELECT3_2_4_4_3,1862,HTML_PAGE_SELECT3_2_4_4_3,select3_2_4_4_3,true
SELECT3_2_4_4_4,1863,HACTION_SELECT3_2_4_4_4,1863,HTML_PAGE_SELECT3_2_4_4_4,select3_2_4_4_4,true
SELECT3_3,1864,HACTION_SELECT3_3,1864,HTML_PAGE_SELECT3_3,select3_3,true
SELECT3_3_1,1865,HACTION_SELECT3_3_1,1865,HTML_PAGE_SELECT3_3_1,select3_3_1,true
SELECT3_3_1_1,1866,HACTION_SELECT3_3_1_1,1866,HTML_PAGE_SELECT3_3_1_1,select3_3_1_1,true
SELECT3_3_1_1_1,1867,HACTION_SELECT3_3_1_1_1,1867,HTML_PAGE_SELECT3_3_1_1_1,select3_3_1_1_1,true
SELECT3_3_1_1_2,1868,HACTION_SELECT3_3_1_1_2,1868,HTML_PAGE_SELECT3_3_1_1_2,select3_3_1_1_2,true
SELECT3_3_1_1_3,1869,HACTION_SELECT3_3_1_1_3,1869,HTML_PAGE_SELECT3_3_1_1_3,select3_3_1_1_3,true
SELECT3_3_1_1_4,1870,HACTION_SELECT3_3_1_1_4,1870,HTML_PAGE_SELECT3_3_1_1_4,select3_3_1_1_4,true
SELECT3_3_1_2,1871,HACTION_SELECT3_3_1_2,1871,HTML_PAGE_SELECT3_3_1_2,select3_3_1_2,true
SELECT3_3_1_2_1,1872,HACTION_SELECT3_3_1_2_1,1872,HTML_PAGE_SELECT3_3_1_2_1,select3_3_1_2_1,true
SELECT3_3_1_2_2,1873,HACTION_SELECT3_3_1_2_2,1873,HTML_PAGE_SELECT3_3_1_2_2,select3_3_1_2_2,true
SELECT3_3_1_2_3,1874,HACTION_SELECT3_3_1_2_3,1874,HTML_PAGE_SELECT3_3_1_2_3,select3_3_1_2_3,true
SELECT3_3_1_2_4,1875,HACTION_SELECT3_3_1_2_4,1875,HTML_PAGE_SELECT3_3_1_2_4,select3_3_1_2_4,true
SELECT3_3_1_3,1876,HACTION_SELECT3_3_1_3,1876,HTML_PAGE_SELECT3_3_1_3,select3_3_1_3,true
SELECT3_3_1_3_1,1877,HACTION_SELECT3_3_1_3_1,1877,HTML_PAGE_SELECT3_3_1_3_1,select3_3_1_3_1,true
SELECT3_3_1_3_2,1878,HACTION_SELECT3_3_1_3_2,1878,HTML_PAGE_SELECT3_3_1_3_2,select3_3_1_3_2,true
SELECT3_3_1_3_3,1879,HACTION_SELECT3_3_1_3_3,1879,HTML_PAGE_SELECT3_3_1_3_3,select3_3_1_3_3,true
SELECT3_3_1_3_4,1880,HACTION_SELECT3_3_1_3_4,1880,HTML_PAGE_SELECT3_3_1_3_4,select3_3_1_3_4,true
SELECT3_3_1_4,1881,HACTION_SELECT3_3_1_4,1881,HTML_PAGE_SELECT3_3_1_4,select3_3_1_4,true
SELECT3_3_1_4_1,1882,HACTION_SELECT3_3_1_4_1,1882,HTML_PAGE_SELECT3_3_1_4_1,select3_3_1_4_1,true
SELECT3_3_1_4_2,1883,HACTION_SELECT3_3_1_4_2,1883,HTML_PAGE_SELECT3_3_1_4_2,select3_3_1_4_2,true
SELECT3_3_1_4_3,1884,HACTION_SELECT3_3_1_4_3,1884,HTML_PAGE_SELECT3_3_1_4_3,select3_3_1_4_3,true
SELECT3_3_1_4_4,1885,HACTION_SELECT3_3_1_4_4,1885,HTML_PAGE_SELECT3_3_1_4_4,select3_3_1_4_4,true
SELECT3_3_2,1886,HACTION_SELECT3_3_2,1886,HTML_PAGE_SELECT3_3_2,select3_3_2,true
SELECT3_3_2_1,1887,HACTION_SELECT3_3_2_1,1887,HTML_PAGE_SELECT3_3_2_1,select3_3_2_1,true
SELECT3_3_2_1_1,1888,HACTION_SELECT3_3_2_1_1,1888,HTML_PAGE_SELECT3_3_2_1_1,select3_3_2_1_1,true
SELECT3_3_2_1_2,1889,HACTION_SELECT3_3_2_1_2,1889,HTML_PAGE_SELECT3_3_2_1_2,select3_3_2_1_2,true
SELECT3_3_2_1_3,1890,HACTION_SELECT3_3_2_1_3,1890,HTML_PAGE_SELECT3_3_2_1_3,select3_3_2_1_3,true
SELECT3_3_2_1_4,1891,HACTION_SELECT3_3_2_1_4,1891,HTML_PAGE_SELECT3_3_2_1_4,select3_3_2_1_4,true
SELECT3_3_2_2,1892,HACTION_SELECT3_3_2_2,1892,HTML_PAGE_SELECT3_3_2_2,select3_3_2_2,true
SELECT3_3_2_2_1,1893,HACTION_SELECT3_3_2_2_1,1893,HTML_PAGE_SELECT3_3_2_2_1,select3_3_2_2_1,true
SELECT3_3_2_2_2,1894,HACTION_SELECT3_3_2_2_2,1894,HTML_PAGE_SELECT3_3_2_2_2,select3_3_2_2_2,true
SELECT3_3_2_2_3,1895,HACTION_SELECT3_3_2_2_3,1895,HTML_PAGE_SELECT3_3_2_2_3,select3_3_2_2_3,true
SELECT3_3_2_2_4,1896,HACTION_SELECT3_3_2_2_4,1896,HTML_PAGE_SELECT3_3_2_2_4,select3_3_2_2_4,true
SELECT3_3_2_3,1897,HACTION_SELECT3_3_2_3,1897,HTML_PAGE_SELECT3_3_2_3,select3_3_2_3,true
SELECT3_3_2_3_1,1898,HACTION_SELECT3_3_2_3_1,1898,HTML_PAGE_SELECT3_3_2_3_1,select3_3_2_3_1,true
SELECT3_3_2_3_2,1899,HACTION_SELECT3_3_2_3_2,1899,HTML_PAGE_SELECT3_3_2_3_2,select3_3_2_3_2,true
SELECT3_3_2_3_3,1900,HACTION_SELECT3_3_2_3_3,1900,HTML_PAGE_SELECT3_3_2_3_3,select3_3_2_3_3,true
SELECT3_3_2_3_4,1901,HACTION_SELECT3_3_2_3_4,1901,HTML_PAGE_SELECT3_3_2_3_4,select3_3_2_3_4,true
SELECT3_3_2_4,1902,HACTION_SELECT3_3_2_4,1902,HTML_PAGE_SELECT3_3_2_4,select3_3_2_4,true
SELECT3_3_2_4_1,1903,HACTION_SELECT3_3_2_4_1,1903,HTML_PAGE_SELECT3_3_2_4_1,select3_3_2_4_1,true
SELECT3_3_2_4_2,1904,HACTION_SELECT3_3_2_4_2,1904,HTML_PAGE_SELECT3_3_2_4_2,select3_3_2_4_2,true
SELECT3_3_2_4_3,1905,HACTION_SELECT3_3_2_4_3,1905,HTML_PAGE_SELECT3_3_2_4_3,select3_3_2_4_3,true
SELECT3_3_2_4_4,1906,HACTION_SELECT3_3_2_4_4,1906,HTML_PAGE_SELECT3_3_2_4_4,select3_3_2_4_4,true
SELECT3_3_3,1907,HACTION_SELECT3_3_3,1907,HTML_PAGE_SELECT3_3_3,select3_3_3,true
SELECT3_3_3_1,1908,HACTION_SELECT3_3_3_1,1908,HTML_PAGE_SELECT3_3_3_1,select3_3_3_1,true
SELECT3_3_3_1_1,1909,HACTION_SELECT3_3_3_1_1,1909,HTML_PAGE_SELECT3_3_3_1_1,select3_3_3_1_1,true
SELECT3_3_3_1_2,1910,HACTION_SELECT3_3_3_1_2,1910,HTML_PAGE_SELECT3_3_3_1_2,select3_3_3_1_2,true
SELECT3_3_3_1_3,1911,HACTION_SELECT3_3_3_1_3,1911,HTML_PAGE_SELECT3_3_3_1_3,select3_3_3_1_3,true
SELECT3_3_3_1_4,1912,HACTION_SELECT3_3_3_1_4,1912,HTML_PAGE_SELECT3_3_3_1_4,select3_3_3_1_4,true
SELECT3_3_3_2,1913,HACTION_SELECT3_3_3_2,1913,HTML_PAGE_SELECT3_3_3_2,select3_3_3_2,true
SELECT3_3_3_2_1,1914,HACTION_SELECT3_3_3_2_1,1914,HTML_PAGE_SELECT3_3_3_2_1,select3_3_3_2_1,true
SELECT3_3_3_2_2,1915,HACTION_SELECT3_3_3_2_2,1915,HTML_PAGE_SELECT3_3_3_2_2,select3_3_3_2_2,true
SELECT3_3_3_2_3,1916,HACTION_SELECT3_3_3_2_3,1916,HTML_PAGE_SELECT3_3_3_2_3,select3_3_3_2_3,true
SELECT3_3_3_2_4,1917,HACTION_SELECT3_3_3_2_4,1917,HTML_PAGE_SELECT3_3_3_2_4,select3_3_3_2_4,true
SELECT3_3_3_3,1918,HACTION_SELECT3_3_3_3,1918,HTML_PAGE_SELECT3_3_3_3,select3_3_3_3,true
SELECT3_3_3_3_1,1919,HACTION_SELECT3_3_3_3_1,1919,HTML_PAGE_SELECT3_3_3_3_1,select3_3_3_3_1,true
SELECT3_3_3_3_2,1920,HACTION_SELECT3_3_3_3_2,1920,HTML_PAGE_SELECT3_3_3_3_2,select3_3_3_3_2,true
SELECT3_3_3_3_3,1921,HACTION_SELECT3_3_3_3_3,1921,HTML_PAGE_SELECT3_3_3_3_3,select3_3_3_3_3,true
SELECT3_3_3_3_4,1922,HACTION_SELECT3_3_3_3_4,1922,HTML_PAGE_SELECT3_3_3_3_4,select3_3_3_3_4,true
SELECT3_3_3_4,1923,HACTION_SELECT3_3_3_4,1923,HTML_PAGE_SELECT3_3_3_4,select3_3_3_4,true
SELECT3_3_3_4_1,1924,HACTION_SELECT3_3_3_4_1,1924,HTML_PAGE_SELECT3_3_3_4_1,select3_3_3_4_1,true
SELECT3_3_3_4_2,1925,HACTION_SELECT3_3_3_4_2,1925,HTML_PAGE_SELECT3_3_3_4_2,select3_3_3_4_2,true
SELECT3_3_3_4_3,1926,HACTION_SELECT3_3_3_4_3,1926,HTML_PAGE_SELECT3_3_3_4_3,select3_3_3_4_3,true
SELECT3_3_3_4_4,1927,HACTION_SELECT3_3_3_4_4,1927,HTML_PAGE_SELECT3_3_3_4_4,select3_3_3_4_4,true
SELECT3_3_4,1928,HACTION_SELECT3_3_4,1928,HTML_PAGE_SELECT3_3_4,select3_3_4,true
SELECT3_3_4_1,1929,HACTION_SELECT3_3_4_1,1929,HTML_PAGE_SELECT3_3_4_1,select3_3_4_1,true
SELECT3_3_4_1_1,1930,HACTION_SELECT3_3_4_1_1,1930,HTML_PAGE_SELECT3_3_4_1_1,select3_3_4_1_1,true
SELECT3_3_4_1_2,1931,HACTION_SELECT3_3_4_1_2,1931,HTML_PAGE_SELECT3_3_4_1_2,select3_3_4_1_2,true
SELECT3_3_4_1_3,1932,HACTION_SELECT3_3_4_1_3,1932,HTML_PAGE_SELECT3_3_4_1_3,select3_3_4_1_3,true
SELECT3_3_4_1_4,1933,HACTION_SELECT3_3_4_1_4,1933,HTML_PAGE_SELECT3_3_4_1_4,select3_3_4_1_4,true
SELECT3_3_4_2,1934,HACTION_SELECT3_3_4_2,1934,HTML_PAGE_SELECT3_3_4_2,select3_3_4_2,true
SELECT3_3_4_2_1,1935,HACTION_SELECT3_3_4_2_1,1935,HTML_PAGE_SELECT3_3_4_2_1,select3_3_4_2_1,true
SELECT3_3_4_2_2,1936,HACTION_SELECT3_3_4_2_2,1936,HTML_PAGE_SELECT3_3_4_2_2,select3_3_4_2_2,true
SELECT3_3_4_2_3,1937,HACTION_SELECT3_3_4_2_3,1937,HTML_PAGE_SELECT3_3_4_2_3,select3_3_4_2_3,true
SELECT3_3_4_2_4,1938,HACTION_SELECT3_3_4_2_4,1938,HTML_PAGE_SELECT3_3_4_2_4,select3_3_4_2_4,true
SELECT3_3_4_3,1939,HACTION_SELECT3_3_4_3,1939,HTML_PAGE_SELECT3_3_4_3,select3_3_4_3,true
SELECT3_3_4_3_1,1940,HACTION_SELECT3_3_4_3_1,1940,HTML_PAGE_SELECT3_3_4_3_1,select3_3_4_3_1,true
SELECT3_3_4_3_2,1941,HACTION_SELECT3_3_4_3_2,1941,HTML_PAGE_SELECT3_3_4_3_2,select3_3_4_3_2,true
SELECT3_3_4_3_3,1942,HACTION_SELECT3_3_4_3_3,1942,HTML_PAGE_SELECT3_3_4_3_3,select3_3_4_3_3,true
SELECT3_3_4_3_4,1943,HACTION_SELECT3_3_4_3_4,1943,HTML_PAGE_SELECT3_3_4_3_4,select3_3_4_3_4,true
SELECT3_3_4_4,1944,HACTION_SELECT3_3_4_4,1944,HTML_PAGE_SELECT3_3_4_4,select3_3_4_4,true
SELECT3_3_4_4_1,1945,HACTION_SELECT3_3_4_4_1,1945,HTML_PAGE_SELECT3_3_4_4_1,select3_3_4_4_1,true
SELECT3_3_4_4_2,1946,HACTION_SELECT3_3_4_4_2,1946,HTML_PAGE_SELECT3_3_4_4_2,select3_3_4_4_2,true
SELECT3_3_4_4_3,1947,HACTION_SELECT3_3_4_4_3,1947,HTML_PAGE_SELECT3_3_4_4_3,select3_3_4_4_3,true
SELECT3_3_4_4_4,1948,HACTION_SELECT3_3_4_4_4,1948,HTML_PAGE_SELECT3_3_4_4_4,select3_3_4_4_4,true
SELECT3_4,1949,HACTION_SELECT3_4,1949,HTML_PAGE_SELECT3_4,select3_4,true
SELECT3_4_1,1950,HACTION_SELECT3_4_1,1950,HTML_PAGE_SELECT3_4_1,select3_4_1,true
SELECT3_4_1_1,1951,HACTION_SELECT3_4_1_1,1951,HTML_PAGE_SELECT3_4_1_1,select3_4_1_1,true
SELECT3_4_1_1_1,1952,HACTION_SELECT3_4_1_1_1,1952,HTML_PAGE_SELECT3_4_1_1_1,select3_4_1_1_1,true
SELECT3_4_1_1_2,1953,HACTION_SELECT3_4_1_1_2,1953,HTML_PAGE_SELECT3_4_1_1_2,select3_4_1_1_2,true
SELECT3_4_1_1_3,1954,HACTION_SELECT3_4_1_1_3,1954,HTML_PAGE_SELECT3_4_1_1_3,select3_4_1_1_3,true
SELECT3_4_1_1_4,1955,HACTION_SELECT3_4_1_1_4,1955,HTML_PAGE_SELECT3_4_1_1_4,select3_4_1_1_4,true
SELECT3_4_1_2,1956,HACTION_SELECT3_4_1_2,1956,HTML_PAGE_SELECT3_4_1_2,select3_4_1_2,true
SELECT3_4_1_2_1,1957,HACTION_SELECT3_4_1_2_1,1957,HTML_PAGE_SELECT3_4_1_2_1,select3_4_1_2_1,true
SELECT3_4_1_2_2,1958,HACTION_SELECT3_4_1_2_2,1958,HTML_PAGE_SELECT3_4_1_2_2,select3_4_1_2_2,true
SELECT3_4_1_2_3,1959,HACTION_SELECT3_4_1_2_3,1959,HTML_PAGE_SELECT3_4_1_2_3,select3_4_1_2_3,true
SELECT3_4_1_2_4,1960,HACTION_SELECT3_4_1_2_4,1960,HTML_PAGE_SELECT3_4_1_2_4,select3_4_1_2_4,true
SELECT3_4_1_3,1961,HACTION_SELECT3_4_1_3,1961,HTML_PAGE_SELECT3_4_1_3,select3_4_1_3,true
SELECT3_4_1_3_1,1962,HACTION_SELECT3_4_1_3_1,1962,HTML_PAGE_SELECT3_4_1_3_1,select3_4_1_3_1,true
SELECT3_4_1_3_2,1963,HACTION_SELECT3_4_1_3_2,1963,HTML_PAGE_SELECT3_4_1_3_2,select3_4_1_3_2,true
SELECT3_4_1_3_3,1964,HACTION_SELECT3_4_1_3_3,1964,HTML_PAGE_SELECT3_4_1_3_3,select3_4_1_3_3,true
SELECT3_4_1_3_4,1965,HACTION_SELECT3_4_1_3_4,1965,HTML_PAGE_SELECT3_4_1_3_4,select3_4_1_3_4,true
SELECT3_4_1_4,1966,HACTION_SELECT3_4_1_4,1966,HTML_PAGE_SELECT3_4_1_4,select3_4_1_4,true
SELECT3_4_1_4_1,1967,HACTION_SELECT3_4_1_4_1,1967,HTML_PAGE_SELECT3_4_1_4_1,select3_4_1_4_1,true
SELECT3_4_1_4_2,1968,HACTION_SELECT3_4_1_4_2,1968,HTML_PAGE_SELECT3_4_1_4_2,select3_4_1_4_2,true
SELECT3_4_1_4_3,1969,HACTION_SELECT3_4_1_4_3,1969,HTML_PAGE_SELECT3_4_1_4_3,select3_4_1_4_3,true
SELECT3_4_1_4_4,1970,HACTION_SELECT3_4_1_4_4,1970,HTML_PAGE_SELECT3_4_1_4_4,select3_4_1_4_4,true
SELECT3_4_2,1971,HACTION_SELECT3_4_2,1971,HTML_PAGE_SELECT3_4_2,select3_4_2,true
SELECT3_4_2_1,1972,HACTION_SELECT3_4_2_1,1972,HTML_PAGE_SELECT3_4_2_1,select3_4_2_1,true
SELECT3_4_2_1_1,1973,HACTION_SELECT3_4_2_1_1,1973,HTML_PAGE_SELECT3_4_2_1_1,select3_4_2_1_1,true
SELECT3_4_2_1_2,1974,HACTION_SELECT3_4_2_1_2,1974,HTML_PAGE_SELECT3_4_2_1_2,select3_4_2_1_2,true
SELECT3_4_2_1_3,1975,HACTION_SELECT3_4_2_1_3,1975,HTML_PAGE_SELECT3_4_2_1_3,select3_4_2_1_3,true
SELECT3_4_2_1_4,1976,HACTION_SELECT3_4_2_1_4,1976,HTML_PAGE_SELECT3_4_2_1_4,select3_4_2_1_4,true
SELECT3_4_2_2,1977,HACTION_SELECT3_4_2_2,1977,HTML_PAGE_SELECT3_4_2_2,select3_4_2_2,true
SELECT3_4_2_2_1,1978,HACTION_SELECT3_4_2_2_1,1978,HTML_PAGE_SELECT3_4_2_2_1,select3_4_2_2_1,true
SELECT3_4_2_2_2,1979,HACTION_SELECT3_4_2_2_2,1979,HTML_PAGE_SELECT3_4_2_2_2,select3_4_2_2_2,true
SELECT3_4_2_2_3,1980,HACTION_SELECT3_4_2_2_3,1980,HTML_PAGE_SELECT3_4_2_2_3,select3_4_2_2_3,true
SELECT3_4_2_2_4,1981,HACTION_SELECT3_4_2_2_4,1981,HTML_PAGE_SELECT3_4_2_2_4,select3_4_2_2_4,true
SELECT3_4_2_3,1982,HACTION_SELECT3_4_2_3,1982,HTML_PAGE_SELECT3_4_2_3,select3_4_2_3,true
SELECT3_4_2_3_1,1983,HACTION_SELECT3_4_2_3_1,1983,HTML_PAGE_SELECT3_4_2_3_1,select3_4_2_3_1,true
SELECT3_4_2_3_2,1984,HACTION_SELECT3_4_2_3_2,1984,HTML_PAGE_SELECT3_4_2_3_2,select3_4_2_3_2,true
SELECT3_4_2_3_3,1985,HACTION_SELECT3_4_2_3_3,1985,HTML_PAGE_SELECT3_4_2_3_3,select3_4_2_3_3,true
SELECT3_4_2_3_4,1986,HACTION_SELECT3_4_2_3_4,1986,HTML_PAGE_SELECT3_4_2_3_4,select3_4_2_3_4,true
SELECT3_4_2_4,1987,HACTION_SELECT3_4_2_4,1987,HTML_PAGE_SELECT3_4_2_4,select3_4_2_4,true
SELECT3_4_2_4_1,1988,HACTION_SELECT3_4_2_4_1,1988,HTML_PAGE_SELECT3_4_2_4_1,select3_4_2_4_1,true
SELECT3_4_2_4_2,1989,HACTION_SELECT3_4_2_4_2,1989,HTML_PAGE_SELECT3_4_2_4_2,select3_4_2_4_2,true
SELECT3_4_2_4_3,1990,HACTION_SELECT3_4_2_4_3,1990,HTML_PAGE_SELECT3_4_2_4_3,select3_4_2_4_3,true
SELECT3_4_2_4_4,1991,HACTION_SELECT3_4_2_4_4,1991,HTML_PAGE_SELECT3_4_2_4_4,select3_4_2_4_4,true
SELECT3_4_3,1992,HACTION_SELECT3_4_3,1992,HTML_PAGE_SELECT3_4_3,select3_4_3,true
SELECT3_4_3_1,1993,HACTION_SELECT3_4_3_1,1993,HTML_PAGE_SELECT3_4_3_1,select3_4_3_1,true
SELECT3_4_3_1_1,1994,HACTION_SELECT3_4_3_1_1,1994,HTML_PAGE_SELECT3_4_3_1_1,select3_4_3_1_1,true
SELECT3_4_3_1_2,1995,HACTION_SELECT3_4_3_1_2,1995,HTML_PAGE_SELECT3_4_3_1_2,select3_4_3_1_2,true
SELECT3_4_3_1_3,1996,HACTION_SELECT3_4_3_1_3,1996,HTML_PAGE_SELECT3_4_3_1_3,select3_4_3_1_3,true
SELECT3_4_3_1_4,1997,HACTION_SELECT3_4_3_1_4,1997,HTML_PAGE_SELECT3_4_3_1_4,select3_4_3_1_4,true
SELECT3_4_3_2,1998,HACTION_SELECT3_4_3_2,1998,HTML_PAGE_SELECT3_4_3_2,select3_4_3_2,true
SELECT3_4_3_2_1,1999,HACTION_SELECT3_4_3_2_1,1999,HTML_PAGE_SELECT3_4_3_2_1,select3_4_3_2_1,true
SELECT3_4_3_2_2,2000,HACTION_SELECT3_4_3_2_2,2000,HTML_PAGE_SELECT3_4_3_2_2,select3_4_3_2_2,true
SELECT3_4_3_2_3,2001,HACTION_SELECT3_4_3_2_3,2001,HTML_PAGE_SELECT3_4_3_2_3,select3_4_3_2_3,true
SELECT3_4_3_2_4,2002,HACTION_SELECT3_4_3_2_4,2002,HTML_PAGE_SELECT3_4_3_2_4,select3_4_3_2_4,true
SELECT3_4_3_3,2003,HACTION_SELECT3_4_3_3,2003,HTML_PAGE_SELECT3_4_3_3,select3_4_3_3,true
SELECT3_4_3_3_1,2004,HACTION_SELECT3_4_3_3_1,2004,HTML_PAGE_SELECT3_4_3_3_1,select3_4_3_3_1,true
SELECT3_4_3_3_2,2005,HACTION_SELECT3_4_3_3_2,2005,HTML_PAGE_SELECT3_4_3_3_2,select3_4_3_3_2,true
SELECT3_4_3_3_3,2006,HACTION_SELECT3_4_3_3_3,2006,HTML_PAGE_SELECT3_4_3_3_3,select3_4_3_3_3,true
SELECT3_4_3_3_4,2007,HACTION_SELECT3_4_3_3_4,2007,HTML_PAGE_SELECT3_4_3_3_4,select3_4_3_3_4,true
SELECT3_4_3_4,2008,HACTION_SELECT3_4_3_4,2008,HTML_PAGE_SELECT3_4_3_4,select3_4_3_4,true
SELECT3_4_3_4_1,2009,HACTION_SELECT3_4_3_4_1,2009,HTML_PAGE_SELECT3_4_3_4_1,select3_4_3_4_1,true
SELECT3_4_3_4_2,2010,HACTION_SELECT3_4_3_4_2,2010,HTML_PAGE_SELECT3_4_3_4_2,select3_4_3_4_2,true
SELECT3_4_3_4_3,2011,HACTION_SELECT3_4_3_4_3,2011,HTML_PAGE_SELECT3_4_3_4_3,select3_4_3_4_3,true
SELECT3_4_3_4_4,2012,HACTION_SELECT3_4_3_4_4,2012,HTML_PAGE_SELECT3_4_3_4_4,select3_4_3_4_4,true
SELECT3_4_4,2013,HACTION_SELECT3_4_4,2013,HTML_PAGE_SELECT3_4_4,select3_4_4,true
SELECT3_4_4_1,2014,HACTION_SELECT3_4_4_1,2014,HTML_PAGE_SELECT3_4_4_1,select3_4_4_1,true
SELECT3_4_4_1_1,2015,HACTION_SELECT3_4_4_1_1,2015,HTML_PAGE_SELECT3_4_4_1_1,select3_4_4_1_1,true
SELECT3_4_4_1_2,2016,HACTION_SELECT3_4_4_1_2,2016,HTML_PAGE_SELECT3_4_4_1_2,select3_4_4_1_2,true
SELECT3_4_4_1_3,2017,HACTION_SELECT3_4_4_1_3,2017,HTML_PAGE_SELECT3_4_4_1_3,select3_4_4_1_3,true
SELECT3_4_4_1_4,2018,HACTION_SELECT3_4_4_1_4,2018,HTML_PAGE_SELECT3_4_4_1_4,select3_4_4_1_4,true
SELECT3_4_4_2,2019,HACTION_SELECT3_4_4_2,2019,HTML_PAGE_SELECT3_4_4_2,select3_4_4_2,true
SELECT3_4_4_2_1,2020,HACTION_SELECT3_4_4_2_1,2020,HTML_PAGE_SELECT3_4_4_2_1,select3_4_4_2_1,true
SELECT3_4_4_2_2,2021,HACTION_SELECT3_4_4_2_2,2021,HTML_PAGE_SELECT3_4_4_2_2,select3_4_4_2_2,true
SELECT3_4_4_2_3,2022,HACTION_SELECT3_4_4_2_3,2022,HTML_PAGE_SELECT3_4_4_2_3,select3_4_4_2_3,true
SELECT3_4_4_2_4,2023,HACTION_SELECT3_4_4_2_4,2023,HTML_PAGE_SELECT3_4_4_2_4,select3_4_4_2_4,true
SELECT3_4_4_3,2024,HACTION_SELECT3_4_4_3,2024,HTML_PAGE_SELECT3_4_4_3,select3_4_4_3,true
SELECT3_4_4_3_1,2025,HACTION_SELECT3_4_4_3_1,2025,HTML_PAGE_SELECT3_4_4_3_1,select3_4_4_3_1,true
SELECT3_4_4_3_2,2026,HACTION_SELECT3_4_4_3_2,2026,HTML_PAGE_SELECT3_4_4_3_2,select3_4_4_3_2,true
SELECT3_4_4_3_3,2027,HACTION_SELECT3_4_4_3_3,2027,HTML_PAGE_SELECT3_4_4_3_3,select3_4_4_3_3,true
SELECT3_4_4_3_4,2028,HACTION_SELECT3_4_4_3_4,2028,HTML_PAGE_SELECT3_4_4_3_4,select3_4_4_3_4,true
SELECT3_4_4_4,2029,HACTION_SELECT3_4_4_4,2029,HTML_PAGE_SELECT3_4_4_4,select3_4_4_4,true
SELECT3_4_4_4_1,2030,HACTION_SELECT3_4_4_4_1,2030,HTML_PAGE_SELECT3_4_4_4_1,select3_4_4_4_1,true
SELECT3_4_4_4_2,2031,HACTION_SELECT3_4_4_4_2,2031,HTML_PAGE_SELECT3_4_4_4_2,select3_4_4_4_2,true
SELECT3_4_4_4_3,2032,HACTION_SELECT3_4_4_4_3,2032,HTML_PAGE_SELECT3_4_4_4_3,select3_4_4_4_3,true
SELECT3_4_4_4_4,2033,HACTION_SELECT3_4_4_4_4,2033,HTML_PAGE_SELECT3_4_4_4_4,select3_4_4_4_4,true
SELECT4,2034,HACTION_SELECT4,2034,HTML_PAGE_SELECT4,select4,true
SELECT4_1,2035,HACTION_SELECT4_1,2035,HTML_PAGE_SELECT4_1,select4_1,true
SELECT4_1_1,2036,HACTION_SELECT4_1_1,2036,HTML_PAGE_SELECT4_1_1,select4_1_1,true
SELECT4_1_1_1,2037,HACTION_SELECT4_1_1_1,2037,HTML_PAGE_SELECT4_1_1_1,select4_1_1_1,true
SELECT4_1_1_1_1,2038,HACTION_SELECT4_1_1_1_1,2038,HTML_PAGE_SELECT4_1_1_1_1,select4_1_1_1_1,true
SELECT4_1_1_1_2,2039,HACTION_SELECT4_1_1_1_2,2039,HTML_PAGE_SELECT4_1_1_1_2,select4_1_1_1_2,true
SELECT4_1_1_1_3,2040,HACTION_SELECT4_1_1_1_3,2040,HTML_PAGE_SELECT4_1_1_1_3,select4_1_1_1_3,true
SELECT4_1_1_1_4,2041,HACTION_SELECT4_1_1_1_4,2041,HTML_PAGE_SELECT4_1_1_1_4,select4_1_1_1_4,true
SELECT4_1_1_2,2042,HACTION_SELECT4_1_1_2,2042,HTML_PAGE_SELECT4_1_1_2,select4_1_1_2,true
SELECT4_1_1_2_1,2043,HACTION_SELECT4_1_1_2_1,2043,HTML_PAGE_SELECT4_1_1_2_1,select4_1_1_2_1,true
SELECT4_1_1_2_2,2044,HACTION_SELECT4_1_1_2_2,2044,HTML_PAGE_SELECT4_1_1_2_2,select4_1_1_2_2,true
SELECT4_1_1_2_3,2045,HACTION_SELECT4_1_1_2_3,2045,HTML_PAGE_SELECT4_1_1_2_3,select4_1_1_2_3,true
SELECT4_1_1_2_4,2046,HACTION_SELECT4_1_1_2_4,2046,HTML_PAGE_SELECT4_1_1_2_4,select4_1_1_2_4,true
SELECT4_1_1_3,2047,HACTION_SELECT4_1_1_3,2047,HTML_PAGE_SELECT4_1_1_3,select4_1_1_3,true
SELECT4_1_1_3_1,2048,HACTION_SELECT4_1_1_3_1,2048,HTML_PAGE_SELECT4_1_1_3_1,select4_1_1_3_1,true
SELECT4_1_1_3_2,2049,HACTION_SELECT4_1_1_3_2,2049,HTML_PAGE_SELECT4_1_1_3_2,select4_1_1_3_2,true
SELECT4_1_1_3_3,2050,HACTION_SELECT4_1_1_3_3,2050,HTML_PAGE_SELECT4_1_1_3_3,select4_1_1_3_3,true
SELECT4_1_1_3_4,2051,HACTION_SELECT4_1_1_3_4,2051,HTML_PAGE_SELECT4_1_1_3_4,select4_1_1_3_4,true
SELECT4_1_1_4,2052,HACTION_SELECT4_1_1_4,2052,HTML_PAGE_SELECT4_1_1_4,select4_1_1_4,true
SELECT4_1_1_4_1,2053,HACTION_SELECT4_1_1_4_1,2053,HTML_PAGE_SELECT4_1_1_4_1,select4_1_1_4_1,true
SELECT4_1_1_4_2,2054,HACTION_SELECT4_1_1_4_2,2054,HTML_PAGE_SELECT4_1_1_4_2,select4_1_1_4_2,true
SELECT4_1_1_4_3,2055,HACTION_SELECT4_1_1_4_3,2055,HTML_PAGE_SELECT4_1_1_4_3,select4_1_1_4_3,true
SELECT4_1_1_4_4,2056,HACTION_SELECT4_1_1_4_4,2056,HTML_PAGE_SELECT4_1_1_4_4,select4_1_1_4_4,true
SELECT4_1_2,2057,HACTION_SELECT4_1_2,2057,HTML_PAGE_SELECT4_1_2,select4_1_2,true
SELECT4_1_2_1,2058,HACTION_SELECT4_1_2_1,2058,HTML_PAGE_SELECT4_1_2_1,select4_1_2_1,true
SELECT4_1_2_1_1,2059,HACTION_SELECT4_1_2_1_1,2059,HTML_PAGE_SELECT4_1_2_1_1,select4_1_2_1_1,true
SELECT4_1_2_1_2,2060,HACTION_SELECT4_1_2_1_2,2060,HTML_PAGE_SELECT4_1_2_1_2,select4_1_2_1_2,true
SELECT4_1_2_1_3,2061,HACTION_SELECT4_1_2_1_3,2061,HTML_PAGE_SELECT4_1_2_1_3,select4_1_2_1_3,true
SELECT4_1_2_1_4,2062,HACTION_SELECT4_1_2_1_4,2062,HTML_PAGE_SELECT4_1_2_1_4,select4_1_2_1_4,true
SELECT4_1_2_2,2063,HACTION_SELECT4_1_2_2,2063,HTML_PAGE_SELECT4_1_2_2,select4_1_2_2,true
SELECT4_1_2_2_1,2064,HACTION_SELECT4_1_2_2_1,2064,HTML_PAGE_SELECT4_1_2_2_1,select4_1_2_2_1,true
SELECT4_1_2_2_2,2065,HACTION_SELECT4_1_2_2_2,2065,HTML_PAGE_SELECT4_1_2_2_2,select4_1_2_2_2,true
SELECT4_1_2_2_3,2066,HACTION_SELECT4_1_2_2_3,2066,HTML_PAGE_SELECT4_1_2_2_3,select4_1_2_2_3,true
SELECT4_1_2_2_4,2067,HACTION_SELECT4_1_2_2_4,2067,HTML_PAGE_SELECT4_1_2_2_4,select4_1_2_2_4,true
SELECT4_1_2_3,2068,HACTION_SELECT4_1_2_3,2068,HTML_PAGE_SELECT4_1_2_3,select4_1_2_3,true
SELECT4_1_2_3_1,2069,HACTION_SELECT4_1_2_3_1,2069,HTML_PAGE_SELECT4_1_2_3_1,select4_1_2_3_1,true
SELECT4_1_2_3_2,2070,HACTION_SELECT4_1_2_3_2,2070,HTML_PAGE_SELECT4_1_2_3_2,select4_1_2_3_2,true
SELECT4_1_2_3_3,2071,HACTION_SELECT4_1_2_3_3,2071,HTML_PAGE_SELECT4_1_2_3_3,select4_1_2_3_3,true
SELECT4_1_2_3_4,2072,HACTION_SELECT4_1_2_3_4,2072,HTML_PAGE_SELECT4_1_2_3_4,select4_1_2_3_4,true
SELECT4_1_2_4,2073,HACTION_SELECT4_1_2_4,2073,HTML_PAGE_SELECT4_1_2_4,select4_1_2_4,true
SELECT4_1_2_4_1,2074,HACTION_SELECT4_1_2_4_1,2074,HTML_PAGE_SELECT4_1_2_4_1,select4_1_2_4_1,true
SELECT4_1_2_4_2,2075,HACTION_SELECT4_1_2_4_2,2075,HTML_PAGE_SELECT4_1_2_4_2,select4_1_2_4_2,true
SELECT4_1_2_4_3,2076,HACTION_SELECT4_1_2_4_3,2076,HTML_PAGE_SELECT4_1_2_4_3,select4_1_2_4_3,true
SELECT4_1_2_4_4,2077,HACTION_SELECT4_1_2_4_4,2077,HTML_PAGE_SELECT4_1_2_4_4,select4_1_2_4_4,true
SELECT4_1_3,2078,HACTION_SELECT4_1_3,2078,HTML_PAGE_SELECT4_1_3,select4_1_3,true
SELECT4_1_3_1,2079,HACTION_SELECT4_1_3_1,2079,HTML_PAGE_SELECT4_1_3_1,select4_1_3_1,true
SELECT4_1_3_1_1,2080,HACTION_SELECT4_1_3_1_1,2080,HTML_PAGE_SELECT4_1_3_1_1,select4_1_3_1_1,true
SELECT4_1_3_1_2,2081,HACTION_SELECT4_1_3_1_2,2081,HTML_PAGE_SELECT4_1_3_1_2,select4_1_3_1_2,true
SELECT4_1_3_1_3,2082,HACTION_SELECT4_1_3_1_3,2082,HTML_PAGE_SELECT4_1_3_1_3,select4_1_3_1_3,true
SELECT4_1_3_1_4,2083,HACTION_SELECT4_1_3_1_4,2083,HTML_PAGE_SELECT4_1_3_1_4,select4_1_3_1_4,true
SELECT4_1_3_2,2084,HACTION_SELECT4_1_3_2,2084,HTML_PAGE_SELECT4_1_3_2,select4_1_3_2,true
SELECT4_1_3_2_1,2085,HACTION_SELECT4_1_3_2_1,2085,HTML_PAGE_SELECT4_1_3_2_1,select4_1_3_2_1,true
SELECT4_1_3_2_2,2086,HACTION_SELECT4_1_3_2_2,2086,HTML_PAGE_SELECT4_1_3_2_2,select4_1_3_2_2,true
SELECT4_1_3_2_3,2087,HACTION_SELECT4_1_3_2_3,2087,HTML_PAGE_SELECT4_1_3_2_3,select4_1_3_2_3,true
SELECT4_1_3_2_4,2088,HACTION_SELECT4_1_3_2_4,2088,HTML_PAGE_SELECT4_1_3_2_4,select4_1_3_2_4,true
SELECT4_1_3_3,2089,HACTION_SELECT4_1_3_3,2089,HTML_PAGE_SELECT4_1_3_3,select4_1_3_3,true
SELECT4_1_3_3_1,2090,HACTION_SELECT4_1_3_3_1,2090,HTML_PAGE_SELECT4_1_3_3_1,select4_1_3_3_1,true
SELECT4_1_3_3_2,2091,HACTION_SELECT4_1_3_3_2,2091,HTML_PAGE_SELECT4_1_3_3_2,select4_1_3_3_2,true
SELECT4_1_3_3_3,2092,HACTION_SELECT4_1_3_3_3,2092,HTML_PAGE_SELECT4_1_3_3_3,select4_1_3_3_3,true
SELECT4_1_3_3_4,2093,HACTION_SELECT4_1_3_3_4,2093,HTML_PAGE_SELECT4_1_3_3_4,select4_1_3_3_4,true
SELECT4_1_3_4,2094,HACTION_SELECT4_1_3_4,2094,HTML_PAGE_SELECT4_1_3_4,select4_1_3_4,true
SELECT4_1_3_4_1,2095,HACTION_SELECT4_1_3_4_1,2095,HTML_PAGE_SELECT4_1_3_4_1,select4_1_3_4_1,true
SELECT4_1_3_4_2,2096,HACTION_SELECT4_1_3_4_2,2096,HTML_PAGE_SELECT4_1_3_4_2,select4_1_3_4_2,true
SELECT4_1_3_4_3,2097,HACTION_SELECT4_1_3_4_3,2097,HTML_PAGE_SELECT4_1_3_4_3,select4_1_3_4_3,true
SELECT4_1_3_4_4,2098,HACTION_SELECT4_1_3_4_4,2098,HTML_PAGE_SELECT4_1_3_4_4,select4_1_3_4_4,true
SELECT4_1_4,2099,HACTION_SELECT4_1_4,2099,HTML_PAGE_SELECT4_1_4,select4_1_4,true
SELECT4_1_4_1,2100,HACTION_SELECT4_1_4_1,2100,HTML_PAGE_SELECT4_1_4_1,select4_1_4_1,true
SELECT4_1_4_1_1,2101,HACTION_SELECT4_1_4_1_1,2101,HTML_PAGE_SELECT4_1_4_1_1,select4_1_4_1_1,true
SELECT4_1_4_1_2,2102,HACTION_SELECT4_1_4_1_2,2102,HTML_PAGE_SELECT4_1_4_1_2,select4_1_4_1_2,true
SELECT4_1_4_1_3,2103,HACTION_SELECT4_1_4_1_3,2103,HTML_PAGE_SELECT4_1_4_1_3,select4_1_4_1_3,true
SELECT4_1_4_1_4,2104,HACTION_SELECT4_1_4_1_4,2104,HTML_PAGE_SELECT4_1_4_1_4,select4_1_4_1_4,true
SELECT4_1_4_2,2105,HACTION_SELECT4_1_4_2,2105,HTML_PAGE_SELECT4_1_4_2,select4_1_4_2,true
SELECT4_1_4_2_1,2106,HACTION_SELECT4_1_4_2_1,2106,HTML_PAGE_SELECT4_1_4_2_1,select4_1_4_2_1,true
SELECT4_1_4_2_2,2107,HACTION_SELECT4_1_4_2_2,2107,HTML_PAGE_SELECT4_1_4_2_2,select4_1_4_2_2,true
SELECT4_1_4_2_3,2108,HACTION_SELECT4_1_4_2_3,2108,HTML_PAGE_SELECT4_1_4_2_3,select4_1_4_2_3,true
SELECT4_1_4_2_4,2109,HACTION_SELECT4_1_4_2_4,2109,HTML_PAGE_SELECT4_1_4_2_4,select4_1_4_2_4,true
SELECT4_1_4_3,2110,HACTION_SELECT4_1_4_3,2110,HTML_PAGE_SELECT4_1_4_3,select4_1_4_3,true
SELECT4_1_4_3_1,2111,HACTION_SELECT4_1_4_3_1,2111,HTML_PAGE_SELECT4_1_4_3_1,select4_1_4_3_1,true
SELECT4_1_4_3_2,2112,HACTION_SELECT4_1_4_3_2,2112,HTML_PAGE_SELECT4_1_4_3_2,select4_1_4_3_2,true
SELECT4_1_4_3_3,2113,HACTION_SELECT4_1_4_3_3,2113,HTML_PAGE_SELECT4_1_4_3_3,select4_1_4_3_3,true
SELECT4_1_4_3_4,2114,HACTION_SELECT4_1_4_3_4,2114,HTML_PAGE_SELECT4_1_4_3_4,select4_1_4_3_4,true
SELECT4_1_4_4,2115,HACTION_SELECT4_1_4_4,2115,HTML_PAGE_SELECT4_1_4_4,select4_1_4_4,true
SELECT4_1_4_4_1,2116,HACTION_SELECT4_1_4_4_1,2116,HTML_PAGE_SELECT4_1_4_4_1,select4_1_4_4_1,true
SELECT4_1_4_4_2,2117,HACTION_SELECT4_1_4_4_2,2117,HTML_PAGE_SELECT4_1_4_4_2,select4_1_4_4_2,true
SELECT4_1_4_4_3,2118,HACTION_SELECT4_1_4_4_3,2118,HTML_PAGE_SELECT4_1_4_4_3,select4_1_4_4_3,true
SELECT4_1_4_4_4,2119,HACTION_SELECT4_1_4_4_4,2119,HTML_PAGE_SELECT4_1_4_4_4,select4_1_4_4_4,true
SELECT4_2,2120,HACTION_SELECT4_2,2120,HTML_PAGE_SELECT4_2,select4_2,true
SELECT4_2_1,2121,HACTION_SELECT4_2_1,2121,HTML_PAGE_SELECT4_2_1,select4_2_1,true
SELECT4_2_1_1,2122,HACTION_SELECT4_2_1_1,2122,HTML_PAGE_SELECT4_2_1_1,select4_2_1_1,true
SELECT4_2_1_1_1,2123,HACTION_SELECT4_2_1_1_1,2123,HTML_PAGE_SELECT4_2_1_1_1,select4_2_1_1_1,true
SELECT4_2_1_1_2,2124,HACTION_SELECT4_2_1_1_2,2124,HTML_PAGE_SELECT4_2_1_1_2,select4_2_1_1_2,true
SELECT4_2_1_1_3,2125,HACTION_SELECT4_2_1_1_3,2125,HTML_PAGE_SELECT4_2_1_1_3,select4_2_1_1_3,true
SELECT4_2_1_1_4,2126,HACTION_SELECT4_2_1_1_4,2126,HTML_PAGE_SELECT4_2_1_1_4,select4_2_1_1_4,true
SELECT4_2_1_2,2127,HACTION_SELECT4_2_1_2,2127,HTML_PAGE_SELECT4_2_1_2,select4_2_1_2,true
SELECT4_2_1_2_1,2128,HACTION_SELECT4_2_1_2_1,2128,HTML_PAGE_SELECT4_2_1_2_1,select4_2_1_2_1,true
SELECT4_2_1_2_2,2129,HACTION_SELECT4_2_1_2_2,2129,HTML_PAGE_SELECT4_2_1_2_2,select4_2_1_2_2,true
SELECT4_2_1_2_3,2130,HACTION_SELECT4_2_1_2_3,2130,HTML_PAGE_SELECT4_2_1_2_3,select4_2_1_2_3,true
SELECT4_2_1_2_4,2131,HACTION_SELECT4_2_1_2_4,2131,HTML_PAGE_SELECT4_2_1_2_4,select4_2_1_2_4,true
SELECT4_2_1_3,2132,HACTION_SELECT4_2_1_3,2132,HTML_PAGE_SELECT4_2_1_3,select4_2_1_3,true
SELECT4_2_1_3_1,2133,HACTION_SELECT4_2_1_3_1,2133,HTML_PAGE_SELECT4_2_1_3_1,select4_2_1_3_1,true
SELECT4_2_1_3_2,2134,HACTION_SELECT4_2_1_3_2,2134,HTML_PAGE_SELECT4_2_1_3_2,select4_2_1_3_2,true
SELECT4_2_1_3_3,2135,HACTION_SELECT4_2_1_3_3,2135,HTML_PAGE_SELECT4_2_1_3_3,select4_2_1_3_3,true
SELECT4_2_1_3_4,2136,HACTION_SELECT4_2_1_3_4,2136,HTML_PAGE_SELECT4_2_1_3_4,select4_2_1_3_4,true
SELECT4_2_1_4,2137,HACTION_SELECT4_2_1_4,2137,HTML_PAGE_SELECT4_2_1_4,select4_2_1_4,true
SELECT4_2_1_4_1,2138,HACTION_SELECT4_2_1_4_1,2138,HTML_PAGE_SELECT4_2_1_4_1,select4_2_1_4_1,true
SELECT4_2_1_4_2,2139,HACTION_SELECT4_2_1_4_2,2139,HTML_PAGE_SELECT4_2_1_4_2,select4_2_1_4_2,true
SELECT4_2_1_4_3,2140,HACTION_SELECT4_2_1_4_3,2140,HTML_PAGE_SELECT4_2_1_4_3,select4_2_1_4_3,true
SELECT4_2_1_4_4,2141,HACTION_SELECT4_2_1_4_4,2141,HTML_PAGE_SELECT4_2_1_4_4,select4_2_1_4_4,true
SELECT4_2_2,2142,HACTION_SELECT4_2_2,2142,HTML_PAGE_SELECT4_2_2,select4_2_2,true
SELECT4_2_2_1,2143,HACTION_SELECT4_2_2_1,2143,HTML_PAGE_SELECT4_2_2_1,select4_2_2_1,true
SELECT4_2_2_1_1,2144,HACTION_SELECT4_2_2_1_1,2144,HTML_PAGE_SELECT4_2_2_1_1,select4_2_2_1_1,true
SELECT4_2_2_1_2,2145,HACTION_SELECT4_2_2_1_2,2145,HTML_PAGE_SELECT4_2_2_1_2,select4_2_2_1_2,true
SELECT4_2_2_1_3,2146,HACTION_SELECT4_2_2_1_3,2146,HTML_PAGE_SELECT4_2_2_1_3,select4_2_2_1_3,true
SELECT4_2_2_1_4,2147,HACTION_SELECT4_2_2_1_4,2147,HTML_PAGE_SELECT4_2_2_1_4,select4_2_2_1_4,true
SELECT4_2_2_2,2148,HACTION_SELECT4_2_2_2,2148,HTML_PAGE_SELECT4_2_2_2,select4_2_2_2,true
SELECT4_2_2_2_1,2149,HACTION_SELECT4_2_2_2_1,2149,HTML_PAGE_SELECT4_2_2_2_1,select4_2_2_2_1,true
SELECT4_2_2_2_2,2150,HACTION_SELECT4_2_2_2_2,2150,HTML_PAGE_SELECT4_2_2_2_2,select4_2_2_2_2,true
SELECT4_2_2_2_3,2151,HACTION_SELECT4_2_2_2_3,2151,HTML_PAGE_SELECT4_2_2_2_3,select4_2_2_2_3,true
SELECT4_2_2_2_4,2152,HACTION_SELECT4_2_2_2_4,2152,HTML_PAGE_SELECT4_2_2_2_4,select4_2_2_2_4,true
SELECT4_2_2_3,2153,HACTION_SELECT4_2_2_3,2153,HTML_PAGE_SELECT4_2_2_3,select4_2_2_3,true
SELECT4_2_2_3_1,2154,HACTION_SELECT4_2_2_3_1,2154,HTML_PAGE_SELECT4_2_2_3_1,select4_2_2_3_1,true
SELECT4_2_2_3_2,2155,HACTION_SELECT4_2_2_3_2,2155,HTML_PAGE_SELECT4_2_2_3_2,select4_2_2_3_2,true
SELECT4_2_2_3_3,2156,HACTION_SELECT4_2_2_3_3,2156,HTML_PAGE_SELECT4_2_2_3_3,select4_2_2_3_3,true
SELECT4_2_2_3_4,2157,HACTION_SELECT4_2_2_3_4,2157,HTML_PAGE_SELECT4_2_2_3_4,select4_2_2_3_4,true
SELECT4_2_2_4,2158,HACTION_SELECT4_2_2_4,2158,HTML_PAGE_SELECT4_2_2_4,select4_2_2_4,true
SELECT4_2_2_4_1,2159,HACTION_SELECT4_2_2_4_1,2159,HTML_PAGE_SELECT4_2_2_4_1,select4_2_2_4_1,true
SELECT4_2_2_4_2,2160,HACTION_SELECT4_2_2_4_2,2160,HTML_PAGE_SELECT4_2_2_4_2,select4_2_2_4_2,true
SELECT4_2_2_4_3,2161,HACTION_SELECT4_2_2_4_3,2161,HTML_PAGE_SELECT4_2_2_4_3,select4_2_2_4_3,true
SELECT4_2_2_4_4,2162,HACTION_SELECT4_2_2_4_4,2162,HTML_PAGE_SELECT4_2_2_4_4,select4_2_2_4_4,true
SELECT4_2_3,2163,HACTION_SELECT4_2_3,2163,HTML_PAGE_SELECT4_2_3,select4_2_3,true
SELECT4_2_3_1,2164,HACTION_SELECT4_2_3_1,2164,HTML_PAGE_SELECT4_2_3_1,select4_2_3_1,true
SELECT4_2_3_1_1,2165,HACTION_SELECT4_2_3_1_1,2165,HTML_PAGE_SELECT4_2_3_1_1,select4_2_3_1_1,true
SELECT4_2_3_1_2,2166,HACTION_SELECT4_2_3_1_2,2166,HTML_PAGE_SELECT4_2_3_1_2,select4_2_3_1_2,true
SELECT4_2_3_1_3,2167,HACTION_SELECT4_2_3_1_3,2167,HTML_PAGE_SELECT4_2_3_1_3,select4_2_3_1_3,true
SELECT4_2_3_1_4,2168,HACTION_SELECT4_2_3_1_4,2168,HTML_PAGE_SELECT4_2_3_1_4,select4_2_3_1_4,true
SELECT4_2_3_2,2169,HACTION_SELECT4_2_3_2,2169,HTML_PAGE_SELECT4_2_3_2,select4_2_3_2,true
SELECT4_2_3_2_1,2170,HACTION_SELECT4_2_3_2_1,2170,HTML_PAGE_SELECT4_2_3_2_1,select4_2_3_2_1,true
SELECT4_2_3_2_2,2171,HACTION_SELECT4_2_3_2_2,2171,HTML_PAGE_SELECT4_2_3_2_2,select4_2_3_2_2,true
SELECT4_2_3_2_3,2172,HACTION_SELECT4_2_3_2_3,2172,HTML_PAGE_SELECT4_2_3_2_3,select4_2_3_2_3,true
SELECT4_2_3_2_4,2173,HACTION_SELECT4_2_3_2_4,2173,HTML_PAGE_SELECT4_2_3_2_4,select4_2_3_2_4,true
SELECT4_2_3_3,2174,HACTION_SELECT4_2_3_3,2174,HTML_PAGE_SELECT4_2_3_3,select4_2_3_3,true
SELECT4_2_3_3_1,2175,HACTION_SELECT4_2_3_3_1,2175,HTML_PAGE_SELECT4_2_3_3_1,select4_2_3_3_1,true
SELECT4_2_3_3_2,2176,HACTION_SELECT4_2_3_3_2,2176,HTML_PAGE_SELECT4_2_3_3_2,select4_2_3_3_2,true
SELECT4_2_3_3_3,2177,HACTION_SELECT4_2_3_3_3,2177,HTML_PAGE_SELECT4_2_3_3_3,select4_2_3_3_3,true
SELECT4_2_3_3_4,2178,HACTION_SELECT4_2_3_3_4,2178,HTML_PAGE_SELECT4_2_3_3_4,select4_2_3_3_4,true
SELECT4_2_3_4,2179,HACTION_SELECT4_2_3_4,2179,HTML_PAGE_SELECT4_2_3_4,select4_2_3_4,true
SELECT4_2_3_4_1,2180,HACTION_SELECT4_2_3_4_1,2180,HTML_PAGE_SELECT4_2_3_4_1,select4_2_3_4_1,true
SELECT4_2_3_4_2,2181,HACTION_SELECT4_2_3_4_2,2181,HTML_PAGE_SELECT4_2_3_4_2,select4_2_3_4_2,true
SELECT4_2_3_4_3,2182,HACTION_SELECT4_2_3_4_3,2182,HTML_PAGE_SELECT4_2_3_4_3,select4_2_3_4_3,true
SELECT4_2_3_4_4,2183,HACTION_SELECT4_2_3_4_4,2183,HTML_PAGE_SELECT4_2_3_4_4,select4_2_3_4_4,true
SELECT4_2_4,2184,HACTION_SELECT4_2_4,2184,HTML_PAGE_SELECT4_2_4,select4_2_4,true
SELECT4_2_4_1,2185,HACTION_SELECT4_2_4_1,2185,HTML_PAGE_SELECT4_2_4_1,select4_2_4_1,true
SELECT4_2_4_1_1,2186,HACTION_SELECT4_2_4_1_1,2186,HTML_PAGE_SELECT4_2_4_1_1,select4_2_4_1_1,true
SELECT4_2_4_1_2,2187,HACTION_SELECT4_2_4_1_2,2187,HTML_PAGE_SELECT4_2_4_1_2,select4_2_4_1_2,true
SELECT4_2_4_1_3,2188,HACTION_SELECT4_2_4_1_3,2188,HTML_PAGE_SELECT4_2_4_1_3,select4_2_4_1_3,true
SELECT4_2_4_1_4,2189,HACTION_SELECT4_2_4_1_4,2189,HTML_PAGE_SELECT4_2_4_1_4,select4_2_4_1_4,true
SELECT4_2_4_2,2190,HACTION_SELECT4_2_4_2,2190,HTML_PAGE_SELECT4_2_4_2,select4_2_4_2,true
SELECT4_2_4_2_1,2191,HACTION_SELECT4_2_4_2_1,2191,HTML_PAGE_SELECT4_2_4_2_1,select4_2_4_2_1,true
SELECT4_2_4_2_2,2192,HACTION_SELECT4_2_4_2_2,2192,HTML_PAGE_SELECT4_2_4_2_2,select4_2_4_2_2,true
SELECT4_2_4_2_3,2193,HACTION_SELECT4_2_4_2_3,2193,HTML_PAGE_SELECT4_2_4_2_3,select4_2_4_2_3,true
SELECT4_2_4_2_4,2194,HACTION_SELECT4_2_4_2_4,2194,HTML_PAGE_SELECT4_2_4_2_4,select4_2_4_2_4,true
SELECT4_2_4_3,2195,HACTION_SELECT4_2_4_3,2195,HTML_PAGE_SELECT4_2_4_3,select4_2_4_3,true
SELECT4_2_4_3_1,2196,HACTION_SELECT4_2_4_3_1,2196,HTML_PAGE_SELECT4_2_4_3_1,select4_2_4_3_1,true
SELECT4_2_4_3_2,2197,HACTION_SELECT4_2_4_3_2,2197,HTML_PAGE_SELECT4_2_4_3_2,select4_2_4_3_2,true
SELECT4_2_4_3_3,2198,HACTION_SELECT4_2_4_3_3,2198,HTML_PAGE_SELECT4_2_4_3_3,select4_2_4_3_3,true
SELECT4_2_4_3_4,2199,HACTION_SELECT4_2_4_3_4,2199,HTML_PAGE_SELECT4_2_4_3_4,select4_2_4_3_4,true
SELECT4_2_4_4,2200,HACTION_SELECT4_2_4_4,2200,HTML_PAGE_SELECT4_2_4_4,select4_2_4_4,true
SELECT4_2_4_4_1,2201,HACTION_SELECT4_2_4_4_1,2201,HTML_PAGE_SELECT4_2_4_4_1,select4_2_4_4_1,true
SELECT4_2_4_4_2,2202,HACTION_SELECT4_2_4_4_2,2202,HTML_PAGE_SELECT4_2_4_4_2,select4_2_4_4_2,true
SELECT4_2_4_4_3,2203,HACTION_SELECT4_2_4_4_3,2203,HTML_PAGE_SELECT4_2_4_4_3,select4_2_4_4_3,true
SELECT4_2_4_4_4,2204,HACTION_SELECT4_2_4_4_4,2204,HTML_PAGE_SELECT4_2_4_4_4,select4_2_4_4_4,true
SELECT4_3,2205,HACTION_SELECT4_3,2205,HTML_PAGE_SELECT4_3,select4_3,true
SELECT4_3_1,2206,HACTION_SELECT4_3_1,2206,HTML_PAGE_SELECT4_3_1,select4_3_1,true
SELECT4_3_1_1,2207,HACTION_SELECT4_3_1_1,2207,HTML_PAGE_SELECT4_3_1_1,select4_3_1_1,true
SELECT4_3_1_1_1,2208,HACTION_SELECT4_3_1_1_1,2208,HTML_PAGE_SELECT4_3_1_1_1,select4_3_1_1_1,true
SELECT4_3_1_1_2,2209,HACTION_SELECT4_3_1_1_2,2209,HTML_PAGE_SELECT4_3_1_1_2,select4_3_1_1_2,true
SELECT4_3_1_1_3,2210,HACTION_SELECT4_3_1_1_3,2210,HTML_PAGE_SELECT4_3_1_1_3,select4_3_1_1_3,true
SELECT4_3_1_1_4,2211,HACTION_SELECT4_3_1_1_4,2211,HTML_PAGE_SELECT4_3_1_1_4,select4_3_1_1_4,true
SELECT4_3_1_2,2212,HACTION_SELECT4_3_1_2,2212,HTML_PAGE_SELECT4_3_1_2,select4_3_1_2,true
SELECT4_3_1_2_1,2213,HACTION_SELECT4_3_1_2_1,2213,HTML_PAGE_SELECT4_3_1_2_1,select4_3_1_2_1,true
SELECT4_3_1_2_2,2214,HACTION_SELECT4_3_1_2_2,2214,HTML_PAGE_SELECT4_3_1_2_2,select4_3_1_2_2,true
SELECT4_3_1_2_3,2215,HACTION_SELECT4_3_1_2_3,2215,HTML_PAGE_SELECT4_3_1_2_3,select4_3_1_2_3,true
SELECT4_3_1_2_4,2216,HACTION_SELECT4_3_1_2_4,2216,HTML_PAGE_SELECT4_3_1_2_4,select4_3_1_2_4,true
SELECT4_3_1_3,2217,HACTION_SELECT4_3_1_3,2217,HTML_PAGE_SELECT4_3_1_3,select4_3_1_3,true
SELECT4_3_1_3_1,2218,HACTION_SELECT4_3_1_3_1,2218,HTML_PAGE_SELECT4_3_1_3_1,select4_3_1_3_1,true
SELECT4_3_1_3_2,2219,HACTION_SELECT4_3_1_3_2,2219,HTML_PAGE_SELECT4_3_1_3_2,select4_3_1_3_2,true
SELECT4_3_1_3_3,2220,HACTION_SELECT4_3_1_3_3,2220,HTML_PAGE_SELECT4_3_1_3_3,select4_3_1_3_3,true
SELECT4_3_1_3_4,2221,HACTION_SELECT4_3_1_3_4,2221,HTML_PAGE_SELECT4_3_1_3_4,select4_3_1_3_4,true
SELECT4_3_1_4,2222,HACTION_SELECT4_3_1_4,2222,HTML_PAGE_SELECT4_3_1_4,select4_3_1_4,true
SELECT4_3_1_4_1,2223,HACTION_SELECT4_3_1_4_1,2223,HTML_PAGE_SELECT4_3_1_4_1,select4_3_1_4_1,true
SELECT4_3_1_4_2,2224,HACTION_SELECT4_3_1_4_2,2224,HTML_PAGE_SELECT4_3_1_4_2,select4_3_1_4_2,true
SELECT4_3_1_4_3,2225,HACTION_SELECT4_3_1_4_3,2225,HTML_PAGE_SELECT4_3_1_4_3,select4_3_1_4_3,true
SELECT4_3_1_4_4,2226,HACTION_SELECT4_3_1_4_4,2226,HTML_PAGE_SELECT4_3_1_4_4,select4_3_1_4_4,true
SELECT4_3_2,2227,HACTION_SELECT4_3_2,2227,HTML_PAGE_SELECT4_3_2,select4_3_2,true
SELECT4_3_2_1,2228,HACTION_SELECT4_3_2_1,2228,HTML_PAGE_SELECT4_3_2_1,select4_3_2_1,true
SELECT4_3_2_1_1,2229,HACTION_SELECT4_3_2_1_1,2229,HTML_PAGE_SELECT4_3_2_1_1,select4_3_2_1_1,true
SELECT4_3_2_1_2,2230,HACTION_SELECT4_3_2_1_2,2230,HTML_PAGE_SELECT4_3_2_1_2,select4_3_2_1_2,true
SELECT4_3_2_1_3,2231,HACTION_SELECT4_3_2_1_3,2231,HTML_PAGE_SELECT4_3_2_1_3,select4_3_2_1_3,true
SELECT4_3_2_1_4,2232,HACTION_SELECT4_3_2_1_4,2232,HTML_PAGE_SELECT4_3_2_1_4,select4_3_2_1_4,true
SELECT4_3_2_2,2233,HACTION_SELECT4_3_2_2,2233,HTML_PAGE_SELECT4_3_2_2,select4_3_2_2,true
SELECT4_3_2_2_1,2234,HACTION_SELECT4_3_2_2_1,2234,HTML_PAGE_SELECT4_3_2_2_1,select4_3_2_2_1,true
SELECT4_3_2_2_2,2235,HACTION_SELECT4_3_2_2_2,2235,HTML_PAGE_SELECT4_3_2_2_2,select4_3_2_2_2,true
SELECT4_3_2_2_3,2236,HACTION_SELECT4_3_2_2_3,2236,HTML_PAGE_SELECT4_3_2_2_3,select4_3_2_2_3,true
SELECT4_3_2_2_4,2237,HACTION_SELECT4_3_2_2_4,2237,HTML_PAGE_SELECT4_3_2_2_4,select4_3_2_2_4,true
SELECT4_3_2_3,2238,HACTION_SELECT4_3_2_3,2238,HTML_PAGE_SELECT4_3_2_3,select4_3_2_3,true
SELECT4_3_2_3_1,2239,HACTION_SELECT4_3_2_3_1,2239,HTML_PAGE_SELECT4_3_2_3_1,select4_3_2_3_1,true
SELECT4_3_2_3_2,2240,HACTION_SELECT4_3_2_3_2,2240,HTML_PAGE_SELECT4_3_2_3_2,select4_3_2_3_2,true
SELECT4_3_2_3_3,2241,HACTION_SELECT4_3_2_3_3,2241,HTML_PAGE_SELECT4_3_2_3_3,select4_3_2_3_3,true
SELECT4_3_2_3_4,2242,HACTION_SELECT4_3_2_3_4,2242,HTML_PAGE_SELECT4_3_2_3_4,select4_3_2_3_4,true
SELECT4_3_2_4,2243,HACTION_SELECT4_3_2_4,2243,HTML_PAGE_SELECT4_3_2_4,select4_3_2_4,true
SELECT4_3_2_4_1,2244,HACTION_SELECT4_3_2_4_1,2244,HTML_PAGE_SELECT4_3_2_4_1,select4_3_2_4_1,true
SELECT4_3_2_4_2,2245,HACTION_SELECT4_3_2_4_2,2245,HTML_PAGE_SELECT4_3_2_4_2,select4_3_2_4_2,true
SELECT4_3_2_4_3,2246,HACTION_SELECT4_3_2_4_3,2246,HTML_PAGE_SELECT4_3_2_4_3,select4_3_2_4_3,true
SELECT4_3_2_4_4,2247,HACTION_SELECT4_3_2_4_4,2247,HTML_PAGE_SELECT4_3_2_4_4,select4_3_2_4_4,true
SELECT4_3_3,2248,HACTION_SELECT4_3_3,2248,HTML_PAGE_SELECT4_3_3,select4_3_3,true
SELECT4_3_3_1,2249,HACTION_SELECT4_3_3_1,2249,HTML_PAGE_SELECT4_3_3_1,select4_3_3_1,true
SELECT4_3_3_1_1,2250,HACTION_SELECT4_3_3_1_1,2250,HTML_PAGE_SELECT4_3_3_1_1,select4_3_3_1_1,true
SELECT4_3_3_1_2,2251,HACTION_SELECT4_3_3_1_2,2251,HTML_PAGE_SELECT4_3_3_1_2,select4_3_3_1_2,true
SELECT4_3_3_1_3,2252,HACTION_SELECT4_3_3_1_3,2252,HTML_PAGE_SELECT4_3_3_1_3,select4_3_3_1_3,true
SELECT4_3_3_1_4,2253,HACTION_SELECT4_3_3_1_4,2253,HTML_PAGE_SELECT4_3_3_1_4,select4_3_3_1_4,true
SELECT4_3_3_2,2254,HACTION_SELECT4_3_3_2,2254,HTML_PAGE_SELECT4_3_3_2,select4_3_3_2,true
SELECT4_3_3_2_1,2255,HACTION_SELECT4_3_3_2_1,2255,HTML_PAGE_SELECT4_3_3_2_1,select4_3_3_2_1,true
SELECT4_3_3_2_2,2256,HACTION_SELECT4_3_3_2_2,2256,HTML_PAGE_SELECT4_3_3_2_2,select4_3_3_2_2,true
SELECT4_3_3_2_3,2257,HACTION_SELECT4_3_3_2_3,2257,HTML_PAGE_SELECT4_3_3_2_3,select4_3_3_2_3,true
SELECT4_3_3_2_4,2258,HACTION_SELECT4_3_3_2_4,2258,HTML_PAGE_SELECT4_3_3_2_4,select4_3_3_2_4,true
SELECT4_3_3_3,2259,HACTION_SELECT4_3_3_3,2259,HTML_PAGE_SELECT4_3_3_3,select4_3_3_3,true
SELECT4_3_3_3_1,2260,HACTION_SELECT4_3_3_3_1,2260,HTML_PAGE_SELECT4_3_3_3_1,select4_3_3_3_1,true
SELECT4_3_3_3_2,2261,HACTION_SELECT4_3_3_3_2,2261,HTML_PAGE_SELECT4_3_3_3_2,select4_3_3_3_2,true
SELECT4_3_3_3_3,2262,HACTION_SELECT4_3_3_3_3,2262,HTML_PAGE_SELECT4_3_3_3_3,select4_3_3_3_3,true
SELECT4_3_3_3_4,2263,HACTION_SELECT4_3_3_3_4,2263,HTML_PAGE_SELECT4_3_3_3_4,select4_3_3_3_4,true
SELECT4_3_3_4,2264,HACTION_SELECT4_3_3_4,2264,HTML_PAGE_SELECT4_3_3_4,select4_3_3_4,true
SELECT4_3_3_4_1,2265,HACTION_SELECT4_3_3_4_1,2265,HTML_PAGE_SELECT4_3_3_4_1,select4_3_3_4_1,true
SELECT4_3_3_4_2,2266,HACTION_SELECT4_3_3_4_2,2266,HTML_PAGE_SELECT4_3_3_4_2,select4_3_3_4_2,true
SELECT4_3_3_4_3,2267,HACTION_SELECT4_3_3_4_3,2267,HTML_PAGE_SELECT4_3_3_4_3,select4_3_3_4_3,true
SELECT4_3_3_4_4,2268,HACTION_SELECT4_3_3_4_4,2268,HTML_PAGE_SELECT4_3_3_4_4,select4_3_3_4_4,true
SELECT4_3_4,2269,HACTION_SELECT4_3_4,2269,HTML_PAGE_SELECT4_3_4,select4_3_4,true
SELECT4_3_4_1,2270,HACTION_SELECT4_3_4_1,2270,HTML_PAGE_SELECT4_3_4_1,select4_3_4_1,true
SELECT4_3_4_1_1,2271,HACTION_SELECT4_3_4_1_1,2271,HTML_PAGE_SELECT4_3_4_1_1,select4_3_4_1_1,true
SELECT4_3_4_1_2,2272,HACTION_SELECT4_3_4_1_2,2272,HTML_PAGE_SELECT4_3_4_1_2,select4_3_4_1_2,true
SELECT4_3_4_1_3,2273,HACTION_SELECT4_3_4_1_3,2273,HTML_PAGE_SELECT4_3_4_1_3,select4_3_4_1_3,true
SELECT4_3_4_1_4,2274,HACTION_SELECT4_3_4_1_4,2274,HTML_PAGE_SELECT4_3_4_1_4,select4_3_4_1_4,true
SELECT4_3_4_2,2275,HACTION_SELECT4_3_4_2,2275,HTML_PAGE_SELECT4_3_4_2,select4_3_4_2,true
SELECT4_3_4_2_1,2276,HACTION_SELECT4_3_4_2_1,2276,HTML_PAGE_SELECT4_3_4_2_1,select4_3_4_2_1,true
SELECT4_3_4_2_2,2277,HACTION_SELECT4_3_4_2_2,2277,HTML_PAGE_SELECT4_3_4_2_2,select4_3_4_2_2,true
SELECT4_3_4_2_3,2278,HACTION_SELECT4_3_4_2_3,2278,HTML_PAGE_SELECT4_3_4_2_3,select4_3_4_2_3,true
SELECT4_3_4_2_4,2279,HACTION_SELECT4_3_4_2_4,2279,HTML_PAGE_SELECT4_3_4_2_4,select4_3_4_2_4,true
SELECT4_3_4_3,2280,HACTION_SELECT4_3_4_3,2280,HTML_PAGE_SELECT4_3_4_3,select4_3_4_3,true
SELECT4_3_4_3_1,2281,HACTION_SELECT4_3_4_3_1,2281,HTML_PAGE_SELECT4_3_4_3_1,select4_3_4_3_1,true
SELECT4_3_4_3_2,2282,HACTION_SELECT4_3_4_3_2,2282,HTML_PAGE_SELECT4_3_4_3_2,select4_3_4_3_2,true
SELECT4_3_4_3_3,2283,HACTION_SELECT4_3_4_3_3,2283,HTML_PAGE_SELECT4_3_4_3_3,select4_3_4_3_3,true
SELECT4_3_4_3_4,2284,HACTION_SELECT4_3_4_3_4,2284,HTML_PAGE_SELECT4_3_4_3_4,select4_3_4_3_4,true
SELECT4_3_4_4,2285,HACTION_SELECT4_3_4_4,2285,HTML_PAGE_SELECT4_3_4_4,select4_3_4_4,true
SELECT4_3_4_4_1,2286,HACTION_SELECT4_3_4_4_1,2286,HTML_PAGE_SELECT4_3_4_4_1,select4_3_4_4_1,true
SELECT4_3_4_4_2,2287,HACTION_SELECT4_3_4_4_2,2287,HTML_PAGE_SELECT4_3_4_4_2,select4_3_4_4_2,true
SELECT4_3_4_4_3,2288,HACTION_SELECT4_3_4_4_3,2288,HTML_PAGE_SELECT4_3_4_4_3,select4_3_4_4_3,true
SELECT4_3_4_4_4,2289,HACTION_SELECT4_3_4_4_4,2289,HTML_PAGE_SELECT4_3_4_4_4,select4_3_4_4_4,true
SELECT4_4,2290,HACTION_SELECT4_4,2290,HTML_PAGE_SELECT4_4,select4_4,true
SELECT4_4_1,2291,HACTION_SELECT4_4_1,2291,HTML_PAGE_SELECT4_4_1,select4_4_1,true
SELECT4_4_1_1,2292,HACTION_SELECT4_4_1_1,2292,HTML_PAGE_SELECT4_4_1_1,select4_4_1_1,true
SELECT4_4_1_1_1,2293,HACTION_SELECT4_4_1_1_1,2293,HTML_PAGE_SELECT4_4_1_1_1,select4_4_1_1_1,true
SELECT4_4_1_1_2,2294,HACTION_SELECT4_4_1_1_2,2294,HTML_PAGE_SELECT4_4_1_1_2,select4_4_1_1_2,true
SELECT4_4_1_1_3,2295,HACTION_SELECT4_4_1_1_3,2295,HTML_PAGE_SELECT4_4_1_1_3,select4_4_1_1_3,true
SELECT4_4_1_1_4,2296,HACTION_SELECT4_4_1_1_4,2296,HTML_PAGE_SELECT4_4_1_1_4,select4_4_1_1_4,true
SELECT4_4_1_2,2297,HACTION_SELECT4_4_1_2,2297,HTML_PAGE_SELECT4_4_1_2,select4_4_1_2,true
SELECT4_4_1_2_1,2298,HACTION_SELECT4_4_1_2_1,2298,HTML_PAGE_SELECT4_4_1_2_1,select4_4_1_2_1,true
SELECT4_4_1_2_2,2299,HACTION_SELECT4_4_1_2_2,2299,HTML_PAGE_SELECT4_4_1_2_2,select4_4_1_2_2,true
SELECT4_4_1_2_3,2300,HACTION_SELECT4_4_1_2_3,2300,HTML_PAGE_SELECT4_4_1_2_3,select4_4_1_2_3,true
SELECT4_4_1_2_4,2301,HACTION_SELECT4_4_1_2_4,2301,HTML_PAGE_SELECT4_4_1_2_4,select4_4_1_2_4,true
SELECT4_4_1_3,2302,HACTION_SELECT4_4_1_3,2302,HTML_PAGE_SELECT4_4_1_3,select4_4_1_3,true
SELECT4_4_1_3_1,2303,HACTION_SELECT4_4_1_3_1,2303,HTML_PAGE_SELECT4_4_1_3_1,select4_4_1_3_1,true
SELECT4_4_1_3_2,2304,HACTION_SELECT4_4_1_3_2,2304,HTML_PAGE_SELECT4_4_1_3_2,select4_4_1_3_2,true
SELECT4_4_1_3_3,2305,HACTION_SELECT4_4_1_3_3,2305,HTML_PAGE_SELECT4_4_1_3_3,select4_4_1_3_3,true
SELECT4_4_1_3_4,2306,HACTION_SELECT4_4_1_3_4,2306,HTML_PAGE_SELECT4_4_1_3_4,select4_4_1_3_4,true
SELECT4_4_1_4,2307,HACTION_SELECT4_4_1_4,2307,HTML_PAGE_SELECT4_4_1_4,select4_4_1_4,true
SELECT4_4_1_4_1,2308,HACTION_SELECT4_4_1_4_1,2308,HTML_PAGE_SELECT4_4_1_4_1,select4_4_1_4_1,true
SELECT4_4_1_4_2,2309,HACTION_SELECT4_4_1_4_2,2309,HTML_PAGE_SELECT4_4_1_4_2,select4_4_1_4_2,true
SELECT4_4_1_4_3,2310,HACTION_SELECT4_4_1_4_3,2310,HTML_PAGE_SELECT4_4_1_4_3,select4_4_1_4_3,true
SELECT4_4_1_4_4,2311,HACTION_SELECT4_4_1_4_4,2311,HTML_PAGE_SELECT4_4_1_4_4,select4_4_1_4_4,true
SELECT4_4_2,2312,HACTION_SELECT4_4_2,2312,HTML_PAGE_SELECT4_4_2,select4_4_2,true
SELECT4_4_2_1,2313,HACTION_SELECT4_4_2_1,2313,HTML_PAGE_SELECT4_4_2_1,select4_4_2_1,true
SELECT4_4_2_1_1,2314,HACTION_SELECT4_4_2_1_1,2314,HTML_PAGE_SELECT4_4_2_1_1,select4_4_2_1_1,true
SELECT4_4_2_1_2,2315,HACTION_SELECT4_4_2_1_2,2315,HTML_PAGE_SELECT4_4_2_1_2,select4_4_2_1_2,true
SELECT4_4_2_1_3,2316,HACTION_SELECT4_4_2_1_3,2316,HTML_PAGE_SELECT4_4_2_1_3,select4_4_2_1_3,true
SELECT4_4_2_1_4,2317,HACTION_SELECT4_4_2_1_4,2317,HTML_PAGE_SELECT4_4_2_1_4,select4_4_2_1_4,true
SELECT4_4_2_2,2318,HACTION_SELECT4_4_2_2,2318,HTML_PAGE_SELECT4_4_2_2,select4_4_2_2,true
SELECT4_4_2_2_1,2319,HACTION_SELECT4_4_2_2_1,2319,HTML_PAGE_SELECT4_4_2_2_1,select4_4_2_2_1,true
SELECT4_4_2_2_2,2320,HACTION_SELECT4_4_2_2_2,2320,HTML_PAGE_SELECT4_4_2_2_2,select4_4_2_2_2,true
SELECT4_4_2_2_3,2321,HACTION_SELECT4_4_2_2_3,2321,HTML_PAGE_SELECT4_4_2_2_3,select4_4_2_2_3,true
SELECT4_4_2_2_4,2322,HACTION_SELECT4_4_2_2_4,2322,HTML_PAGE_SELECT4_4_2_2_4,select4_4_2_2_4,true
SELECT4_4_2_3,2323,HACTION_SELECT4_4_2_3,2323,HTML_PAGE_SELECT4_4_2_3,select4_4_2_3,true
SELECT4_4_2_3_1,2324,HACTION_SELECT4_4_2_3_1,2324,HTML_PAGE_SELECT4_4_2_3_1,select4_4_2_3_1,true
SELECT4_4_2_3_2,2325,HACTION_SELECT4_4_2_3_2,2325,HTML_PAGE_SELECT4_4_2_3_2,select4_4_2_3_2,true
SELECT4_4_2_3_3,2326,HACTION_SELECT4_4_2_3_3,2326,HTML_PAGE_SELECT4_4_2_3_3,select4_4_2_3_3,true
SELECT4_4_2_3_4,2327,HACTION_SELECT4_4_2_3_4,2327,HTML_PAGE_SELECT4_4_2_3_4,select4_4_2_3_4,true
SELECT4_4_2_4,2328,HACTION_SELECT4_4_2_4,2328,HTML_PAGE_SELECT4_4_2_4,select4_4_2_4,true
SELECT4_4_2_4_1,2329,HACTION_SELECT4_4_2_4_1,2329,HTML_PAGE_SELECT4_4_2_4_1,select4_4_2_4_1,true
SELECT4_4_2_4_2,2330,HACTION_SELECT4_4_2_4_2,2330,HTML_PAGE_SELECT4_4_2_4_2,select4_4_2_4_2,true
SELECT4_4_2_4_3,2331,HACTION_SELECT4_4_2_4_3,2331,HTML_PAGE_SELECT4_4_2_4_3,select4_4_2_4_3,true
SELECT4_4_2_4_4,2332,HACTION_SELECT4_4_2_4_4,2332,HTML_PAGE_SELECT4_4_2_4_4,select4_4_2_4_4,true
SELECT4_4_3,2333,HACTION_SELECT4_4_3,2333,HTML_PAGE_SELECT4_4_3,select4_4_3,true
SELECT4_4_3_1,2334,HACTION_SELECT4_4_3_1,2334,HTML_PAGE_SELECT4_4_3_1,select4_4_3_1,true
SELECT4_4_3_1_1,2335,HACTION_SELECT4_4_3_1_1,2335,HTML_PAGE_SELECT4_4_3_1_1,select4_4_3_1_1,true
SELECT4_4_3_1_2,2336,HACTION_SELECT4_4_3_1_2,2336,HTML_PAGE_SELECT4_4_3_1_2,select4_4_3_1_2,true
SELECT4_4_3_1_3,2337,HACTION_SELECT4_4_3_1_3,2337,HTML_PAGE_SELECT4_4_3_1_3,select4_4_3_1_3,true
SELECT4_4_3_1_4,2338,HACTION_SELECT4_4_3_1_4,2338,HTML_PAGE_SELECT4_4_3_1_4,select4_4_3_1_4,true
SELECT4_4_3_2,2339,HACTION_SELECT4_4_3_2,2339,HTML_PAGE_SELECT4_4_3_2,select4_4_3_2,true
SELECT4_4_3_2_1,2340,HACTION_SELECT4_4_3_2_1,2340,HTML_PAGE_SELECT4_4_3_2_1,select4_4_3_2_1,true
SELECT4_4_3_2_2,2341,HACTION_SELECT4_4_3_2_2,2341,HTML_PAGE_SELECT4_4_3_2_2,select4_4_3_2_2,true
SELECT4_4_3_2_3,2342,HACTION_SELECT4_4_3_2_3,2342,HTML_PAGE_SELECT4_4_3_2_3,select4_4_3_2_3,true
SELECT4_4_3_2_4,2343,HACTION_SELECT4_4_3_2_4,2343,HTML_PAGE_SELECT4_4_3_2_4,select4_4_3_2_4,true
SELECT4_4_3_3,2344,HACTION_SELECT4_4_3_3,2344,HTML_PAGE_SELECT4_4_3_3,select4_4_3_3,true
SELECT4_4_3_3_1,2345,HACTION_SELECT4_4_3_3_1,2345,HTML_PAGE_SELECT4_4_3_3_1,select4_4_3_3_1,true
SELECT4_4_3_3_2,2346,HACTION_SELECT4_4_3_3_2,2346,HTML_PAGE_SELECT4_4_3_3_2,select4_4_3_3_2,true
SELECT4_4_3_3_3,2347,HACTION_SELECT4_4_3_3_3,2347,HTML_PAGE_SELECT4_4_3_3_3,select4_4_3_3_3,true
SELECT4_4_3_3_4,2348,HACTION_SELECT4_4_3_3_4,2348,HTML_PAGE_SELECT4_4_3_3_4,select4_4_3_3_4,true
SELECT4_4_3_4,2349,HACTION_SELECT4_4_3_4,2349,HTML_PAGE_SELECT4_4_3_4,select4_4_3_4,true
SELECT4_4_3_4_1,2350,HACTION_SELECT4_4_3_4_1,2350,HTML_PAGE_SELECT4_4_3_4_1,select4_4_3_4_1,true
SELECT4_4_3_4_2,2351,HACTION_SELECT4_4_3_4_2,2351,HTML_PAGE_SELECT4_4_3_4_2,select4_4_3_4_2,true
SELECT4_4_3_4_3,2352,HACTION_SELECT4_4_3_4_3,2352,HTML_PAGE_SELECT4_4_3_4_3,select4_4_3_4_3,true
SELECT4_4_3_4_4,2353,HACTION_SELECT4_4_3_4_4,2353,HTML_PAGE_SELECT4_4_3_4_4,select4_4_3_4_4,true
SELECT4_4_4,2354,HACTION_SELECT4_4_4,2354,HTML_PAGE_SELECT4_4_4,select4_4_4,true
SELECT4_4_4_1,2355,HACTION_SELECT4_4_4_1,2355,HTML_PAGE_SELECT4_4_4_1,select4_4_4_1,true
SELECT4_4_4_1_1,2356,HACTION_SELECT4_4_4_1_1,2356,HTML_PAGE_SELECT4_4_4_1_1,select4_4_4_1_1,true
SELECT4_4_4_1_2,2357,HACTION_SELECT4_4_4_1_2,2357,HTML_PAGE_SELECT4_4_4_1_2,select4_4_4_1_2,true
SELECT4_4_4_1_3,2358,HACTION_SELECT4_4_4_1_3,2358,HTML_PAGE_SELECT4_4_4_1_3,select4_4_4_1_3,true
SELECT4_4_4_1_4,2359,HACTION_SELECT4_4_4_1_4,2359,HTML_PAGE_SELECT4_4_4_1_4,select4_4_4_1_4,true
SELECT4_4_4_2,2360,HACTION_SELECT4_4_4_2,2360,HTML_PAGE_SELECT4_4_4_2,select4_4_4_2,true
SELECT4_4_4_2_1,2361,HACTION_SELECT4_4_4_2_1,2361,HTML_PAGE_SELECT4_4_4_2_1,select4_4_4_2_1,true
SELECT4_4_4_2_2,2362,HACTION_SELECT4_4_4_2_2,2362,HTML_PAGE_SELECT4_4_4_2_2,select4_4_4_2_2,true
SELECT4_4_4_2_3,2363,HACTION_SELECT4_4_4_2_3,2363,HTML_PAGE_SELECT4_4_4_2_3,select4_4_4_2_3,true
SELECT4_4_4_2_4,2364,HACTION_SELECT4_4_4_2_4,2364,HTML_PAGE_SELECT4_4_4_2_4,select4_4_4_2_4,true
SELECT4_4_4_3,2365,HACTION_SELECT4_4_4_3,2365,HTML_PAGE_SELECT4_4_4_3,select4_4_4_3,true
SELECT4_4_4_3_1,2366,HACTION_SELECT4_4_4_3_1,2366,HTML_PAGE_SELECT4_4_4_3_1,select4_4_4_3_1,true
SELECT4_4_4_3_2,2367,HACTION_SELECT4_4_4_3_2,2367,HTML_PAGE_SELECT4_4_4_3_2,select4_4_4_3_2,true
SELECT4_4_4_3_3,2368,HACTION_SELECT4_4_4_3_3,2368,HTML_PAGE_SELECT4_4_4_3_3,select4_4_4_3_3,true
SELECT4_4_4_3_4,2369,HACTION_SELECT4_4_4_3_4,2369,HTML_PAGE_SELECT4_4_4_3_4,select4_4_4_3_4,true
SELECT4_4_4_4,2370,HACTION_SELECT4_4_4_4,2370,HTML_PAGE_SELECT4_4_4_4,select4_4_4_4,true
SELECT4_4_4_4_1,2371,HACTION_SELECT4_4_4_4_1,2371,HTML_PAGE_SELECT4_4_4_4_1,select4_4_4_4_1,true
SELECT4_4_4_4_2,2372,HACTION_SELECT4_4_4_4_2,2372,HTML_PAGE_SELECT4_4_4_4_2,select4_4_4_4_2,true
SELECT4_4_4_4_3,2373,HACTION_SELECT4_4_4_4_3,2373,HTML_PAGE_SELECT4_4_4_4_3,select4_4_4_4_3,true
SELECT4_4_4_4_4,2374,HACTION_SELECT4_4_4_4_4,2374,HTML_PAGE_SELECT4_4_4_4_4,select4_4_4_4_4,true
SELECT5,2375,HACTION_SELECT5,2375,HTML_PAGE_SELECT5,select5,true
SELECT5_1,2376,HACTION_SELECT5_1,2376,HTML_PAGE_SELECT5_1,select5_1,true
SELECT5_1_1,2377,HACTION_SELECT5_1_1,2377,HTML_PAGE_SELECT5_1_1,select5_1_1,true
SELECT5_1_1_1,2378,HACTION_SELECT5_1_1_1,2378,HTML_PAGE_SELECT5_1_1_1,select5_1_1_1,true
SELECT5_1_1_1_1,2379,HACTION_SELECT5_1_1_1_1,2379,HTML_PAGE_SELECT5_1_1_1_1,select5_1_1_1_1,true
SELECT5_1_1_1_2,2380,HACTION_SELECT5_1_1_1_2,2380,HTML_PAGE_SELECT5_1_1_1_2,select5_1_1_1_2,true
SELECT5_1_1_1_3,2381,HACTION_SELECT5_1_1_1_3,2381,HTML_PAGE_SELECT5_1_1_1_3,select5_1_1_1_3,true
SELECT5_1_1_1_4,2382,HACTION_SELECT5_1_1_1_4,2382,HTML_PAGE_SELECT5_1_1_1_4,select5_1_1_1_4,true
SELECT5_1_1_2,2383,HACTION_SELECT5_1_1_2,2383,HTML_PAGE_SELECT5_1_1_2,select5_1_1_2,true
SELECT5_1_1_2_1,2384,HACTION_SELECT5_1_1_2_1,2384,HTML_PAGE_SELECT5_1_1_2_1,select5_1_1_2_1,true
SELECT5_1_1_2_2,2385,HACTION_SELECT5_1_1_2_2,2385,HTML_PAGE_SELECT5_1_1_2_2,select5_1_1_2_2,true
SELECT5_1_1_2_3,2386,HACTION_SELECT5_1_1_2_3,2386,HTML_PAGE_SELECT5_1_1_2_3,select5_1_1_2_3,true
SELECT5_1_1_2_4,2387,HACTION_SELECT5_1_1_2_4,2387,HTML_PAGE_SELECT5_1_1_2_4,select5_1_1_2_4,true
SELECT5_1_1_3,2388,HACTION_SELECT5_1_1_3,2388,HTML_PAGE_SELECT5_1_1_3,select5_1_1_3,true
SELECT5_1_1_3_1,2389,HACTION_SELECT5_1_1_3_1,2389,HTML_PAGE_SELECT5_1_1_3_1,select5_1_1_3_1,true
SELECT5_1_1_3_2,2390,HACTION_SELECT5_1_1_3_2,2390,HTML_PAGE_SELECT5_1_1_3_2,select5_1_1_3_2,true
SELECT5_1_1_3_3,2391,HACTION_SELECT5_1_1_3_3,2391,HTML_PAGE_SELECT5_1_1_3_3,select5_1_1_3_3,true
SELECT5_1_1_3_4,2392,HACTION_SELECT5_1_1_3_4,2392,HTML_PAGE_SELECT5_1_1_3_4,select5_1_1_3_4,true
SELECT5_1_1_4,2393,HACTION_SELECT5_1_1_4,2393,HTML_PAGE_SELECT5_1_1_4,select5_1_1_4,true
SELECT5_1_1_4_1,2394,HACTION_SELECT5_1_1_4_1,2394,HTML_PAGE_SELECT5_1_1_4_1,select5_1_1_4_1,true
SELECT5_1_1_4_2,2395,HACTION_SELECT5_1_1_4_2,2395,HTML_PAGE_SELECT5_1_1_4_2,select5_1_1_4_2,true
SELECT5_1_1_4_3,2396,HACTION_SELECT5_1_1_4_3,2396,HTML_PAGE_SELECT5_1_1_4_3,select5_1_1_4_3,true
SELECT5_1_1_4_4,2397,HACTION_SELECT5_1_1_4_4,2397,HTML_PAGE_SELECT5_1_1_4_4,select5_1_1_4_4,true
SELECT5_1_2,2398,HACTION_SELECT5_1_2,2398,HTML_PAGE_SELECT5_1_2,select5_1_2,true
SELECT5_1_2_1,2399,HACTION_SELECT5_1_2_1,2399,HTML_PAGE_SELECT5_1_2_1,select5_1_2_1,true
SELECT5_1_2_1_1,2400,HACTION_SELECT5_1_2_1_1,2400,HTML_PAGE_SELECT5_1_2_1_1,select5_1_2_1_1,true
SELECT5_1_2_1_2,2401,HACTION_SELECT5_1_2_1_2,2401,HTML_PAGE_SELECT5_1_2_1_2,select5_1_2_1_2,true
SELECT5_1_2_1_3,2402,HACTION_SELECT5_1_2_1_3,2402,HTML_PAGE_SELECT5_1_2_1_3,select5_1_2_1_3,true
SELECT5_1_2_1_4,2403,HACTION_SELECT5_1_2_1_4,2403,HTML_PAGE_SELECT5_1_2_1_4,select5_1_2_1_4,true
SELECT5_1_2_2,2404,HACTION_SELECT5_1_2_2,2404,HTML_PAGE_SELECT5_1_2_2,select5_1_2_2,true
SELECT5_1_2_2_1,2405,HACTION_SELECT5_1_2_2_1,2405,HTML_PAGE_SELECT5_1_2_2_1,select5_1_2_2_1,true
SELECT5_1_2_2_2,2406,HACTION_SELECT5_1_2_2_2,2406,HTML_PAGE_SELECT5_1_2_2_2,select5_1_2_2_2,true
SELECT5_1_2_2_3,2407,HACTION_SELECT5_1_2_2_3,2407,HTML_PAGE_SELECT5_1_2_2_3,select5_1_2_2_3,true
SELECT5_1_2_2_4,2408,HACTION_SELECT5_1_2_2_4,2408,HTML_PAGE_SELECT5_1_2_2_4,select5_1_2_2_4,true
SELECT5_1_2_3,2409,HACTION_SELECT5_1_2_3,2409,HTML_PAGE_SELECT5_1_2_3,select5_1_2_3,true
SELECT5_1_2_3_1,2410,HACTION_SELECT5_1_2_3_1,2410,HTML_PAGE_SELECT5_1_2_3_1,select5_1_2_3_1,true
SELECT5_1_2_3_2,2411,HACTION_SELECT5_1_2_3_2,2411,HTML_PAGE_SELECT5_1_2_3_2,select5_1_2_3_2,true
SELECT5_1_2_3_3,2412,HACTION_SELECT5_1_2_3_3,2412,HTML_PAGE_SELECT5_1_2_3_3,select5_1_2_3_3,true
SELECT5_1_2_3_4,2413,HACTION_SELECT5_1_2_3_4,2413,HTML_PAGE_SELECT5_1_2_3_4,select5_1_2_3_4,true
SELECT5_1_2_4,2414,HACTION_SELECT5_1_2_4,2414,HTML_PAGE_SELECT5_1_2_4,select5_1_2_4,true
SELECT5_1_2_4_1,2415,HACTION_SELECT5_1_2_4_1,2415,HTML_PAGE_SELECT5_1_2_4_1,select5_1_2_4_1,true
SELECT5_1_2_4_2,2416,HACTION_SELECT5_1_2_4_2,2416,HTML_PAGE_SELECT5_1_2_4_2,select5_1_2_4_2,true
SELECT5_1_2_4_3,2417,HACTION_SELECT5_1_2_4_3,2417,HTML_PAGE_SELECT5_1_2_4_3,select5_1_2_4_3,true
SELECT5_1_2_4_4,2418,HACTION_SELECT5_1_2_4_4,2418,HTML_PAGE_SELECT5_1_2_4_4,select5_1_2_4_4,true
SELECT5_1_3,2419,HACTION_SELECT5_1_3,2419,HTML_PAGE_SELECT5_1_3,select5_1_3,true
SELECT5_1_3_1,2420,HACTION_SELECT5_1_3_1,2420,HTML_PAGE_SELECT5_1_3_1,select5_1_3_1,true
SELECT5_1_3_1_1,2421,HACTION_SELECT5_1_3_1_1,2421,HTML_PAGE_SELECT5_1_3_1_1,select5_1_3_1_1,true
SELECT5_1_3_1_2,2422,HACTION_SELECT5_1_3_1_2,2422,HTML_PAGE_SELECT5_1_3_1_2,select5_1_3_1_2,true
SELECT5_1_3_1_3,2423,HACTION_SELECT5_1_3_1_3,2423,HTML_PAGE_SELECT5_1_3_1_3,select5_1_3_1_3,true
SELECT5_1_3_1_4,2424,HACTION_SELECT5_1_3_1_4,2424,HTML_PAGE_SELECT5_1_3_1_4,select5_1_3_1_4,true
SELECT5_1_3_2,2425,HACTION_SELECT5_1_3_2,2425,HTML_PAGE_SELECT5_1_3_2,select5_1_3_2,true
SELECT5_1_3_2_1,2426,HACTION_SELECT5_1_3_2_1,2426,HTML_PAGE_SELECT5_1_3_2_1,select5_1_3_2_1,true
SELECT5_1_3_2_2,2427,HACTION_SELECT5_1_3_2_2,2427,HTML_PAGE_SELECT5_1_3_2_2,select5_1_3_2_2,true
SELECT5_1_3_2_3,2428,HACTION_SELECT5_1_3_2_3,2428,HTML_PAGE_SELECT5_1_3_2_3,select5_1_3_2_3,true
SELECT5_1_3_2_4,2429,HACTION_SELECT5_1_3_2_4,2429,HTML_PAGE_SELECT5_1_3_2_4,select5_1_3_2_4,true
SELECT5_1_3_3,2430,HACTION_SELECT5_1_3_3,2430,HTML_PAGE_SELECT5_1_3_3,select5_1_3_3,true
SELECT5_1_3_3_1,2431,HACTION_SELECT5_1_3_3_1,2431,HTML_PAGE_SELECT5_1_3_3_1,select5_1_3_3_1,true
SELECT5_1_3_3_2,2432,HACTION_SELECT5_1_3_3_2,2432,HTML_PAGE_SELECT5_1_3_3_2,select5_1_3_3_2,true
SELECT5_1_3_3_3,2433,HACTION_SELECT5_1_3_3_3,2433,HTML_PAGE_SELECT5_1_3_3_3,select5_1_3_3_3,true
SELECT5_1_3_3_4,2434,HACTION_SELECT5_1_3_3_4,2434,HTML_PAGE_SELECT5_1_3_3_4,select5_1_3_3_4,true
SELECT5_1_3_4,2435,HACTION_SELECT5_1_3_4,2435,HTML_PAGE_SELECT5_1_3_4,select5_1_3_4,true
SELECT5_1_3_4_1,2436,HACTION_SELECT5_1_3_4_1,2436,HTML_PAGE_SELECT5_1_3_4_1,select5_1_3_4_1,true
SELECT5_1_3_4_2,2437,HACTION_SELECT5_1_3_4_2,2437,HTML_PAGE_SELECT5_1_3_4_2,select5_1_3_4_2,true
SELECT5_1_3_4_3,2438,HACTION_SELECT5_1_3_4_3,2438,HTML_PAGE_SELECT5_1_3_4_3,select5_1_3_4_3,true
SELECT5_1_3_4_4,2439,HACTION_SELECT5_1_3_4_4,2439,HTML_PAGE_SELECT5_1_3_4_4,select5_1_3_4_4,true
SELECT5_1_4,2440,HACTION_SELECT5_1_4,2440,HTML_PAGE_SELECT5_1_4,select5_1_4,true
SELECT5_1_4_1,2441,HACTION_SELECT5_1_4_1,2441,HTML_PAGE_SELECT5_1_4_1,select5_1_4_1,true
SELECT5_1_4_1_1,2442,HACTION_SELECT5_1_4_1_1,2442,HTML_PAGE_SELECT5_1_4_1_1,select5_1_4_1_1,true
SELECT5_1_4_1_2,2443,HACTION_SELECT5_1_4_1_2,2443,HTML_PAGE_SELECT5_1_4_1_2,select5_1_4_1_2,true
SELECT5_1_4_1_3,2444,HACTION_SELECT5_1_4_1_3,2444,HTML_PAGE_SELECT5_1_4_1_3,select5_1_4_1_3,true
SELECT5_1_4_1_4,2445,HACTION_SELECT5_1_4_1_4,2445,HTML_PAGE_SELECT5_1_4_1_4,select5_1_4_1_4,true
SELECT5_1_4_2,2446,HACTION_SELECT5_1_4_2,2446,HTML_PAGE_SELECT5_1_4_2,select5_1_4_2,true
SELECT5_1_4_2_1,2447,HACTION_SELECT5_1_4_2_1,2447,HTML_PAGE_SELECT5_1_4_2_1,select5_1_4_2_1,true
SELECT5_1_4_2_2,2448,HACTION_SELECT5_1_4_2_2,2448,HTML_PAGE_SELECT5_1_4_2_2,select5_1_4_2_2,true
SELECT5_1_4_2_3,2449,HACTION_SELECT5_1_4_2_3,2449,HTML_PAGE_SELECT5_1_4_2_3,select5_1_4_2_3,true
SELECT5_1_4_2_4,2450,HACTION_SELECT5_1_4_2_4,2450,HTML_PAGE_SELECT5_1_4_2_4,select5_1_4_2_4,true
SELECT5_1_4_3,2451,HACTION_SELECT5_1_4_3,2451,HTML_PAGE_SELECT5_1_4_3,select5_1_4_3,true
SELECT5_1_4_3_1,2452,HACTION_SELECT5_1_4_3_1,2452,HTML_PAGE_SELECT5_1_4_3_1,select5_1_4_3_1,true
SELECT5_1_4_3_2,2453,HACTION_SELECT5_1_4_3_2,2453,HTML_PAGE_SELECT5_1_4_3_2,select5_1_4_3_2,true
SELECT5_1_4_3_3,2454,HACTION_SELECT5_1_4_3_3,2454,HTML_PAGE_SELECT5_1_4_3_3,select5_1_4_3_3,true
SELECT5_1_4_3_4,2455,HACTION_SELECT5_1_4_3_4,2455,HTML_PAGE_SELECT5_1_4_3_4,select5_1_4_3_4,true
SELECT5_1_4_4,2456,HACTION_SELECT5_1_4_4,2456,HTML_PAGE_SELECT5_1_4_4,select5_1_4_4,true
SELECT5_1_4_4_1,2457,HACTION_SELECT5_1_4_4_1,2457,HTML_PAGE_SELECT5_1_4_4_1,select5_1_4_4_1,true
SELECT5_1_4_4_2,2458,HACTION_SELECT5_1_4_4_2,2458,HTML_PAGE_SELECT5_1_4_4_2,select5_1_4_4_2,true
SELECT5_1_4_4_3,2459,HACTION_SELECT5_1_4_4_3,2459,HTML_PAGE_SELECT5_1_4_4_3,select5_1_4_4_3,true
SELECT5_1_4_4_4,2460,HACTION_SELECT5_1_4_4_4,2460,HTML_PAGE_SELECT5_1_4_4_4,select5_1_4_4_4,true
SELECT5_2,2461,HACTION_SELECT5_2,2461,HTML_PAGE_SELECT5_2,select5_2,true
SELECT5_2_1,2462,HACTION_SELECT5_2_1,2462,HTML_PAGE_SELECT5_2_1,select5_2_1,true
SELECT5_2_1_1,2463,HACTION_SELECT5_2_1_1,2463,HTML_PAGE_SELECT5_2_1_1,select5_2_1_1,true
SELECT5_2_1_1_1,2464,HACTION_SELECT5_2_1_1_1,2464,HTML_PAGE_SELECT5_2_1_1_1,select5_2_1_1_1,true
SELECT5_2_1_1_2,2465,HACTION_SELECT5_2_1_1_2,2465,HTML_PAGE_SELECT5_2_1_1_2,select5_2_1_1_2,true
SELECT5_2_1_1_3,2466,HACTION_SELECT5_2_1_1_3,2466,HTML_PAGE_SELECT5_2_1_1_3,select5_2_1_1_3,true
SELECT5_2_1_1_4,2467,HACTION_SELECT5_2_1_1_4,2467,HTML_PAGE_SELECT5_2_1_1_4,select5_2_1_1_4,true
SELECT5_2_1_2,2468,HACTION_SELECT5_2_1_2,2468,HTML_PAGE_SELECT5_2_1_2,select5_2_1_2,true
SELECT5_2_1_2_1,2469,HACTION_SELECT5_2_1_2_1,2469,HTML_PAGE_SELECT5_2_1_2_1,select5_2_1_2_1,true
SELECT5_2_1_2_2,2470,HACTION_SELECT5_2_1_2_2,2470,HTML_PAGE_SELECT5_2_1_2_2,select5_2_1_2_2,true
SELECT5_2_1_2_3,2471,HACTION_SELECT5_2_1_2_3,2471,HTML_PAGE_SELECT5_2_1_2_3,select5_2_1_2_3,true
SELECT5_2_1_2_4,2472,HACTION_SELECT5_2_1_2_4,2472,HTML_PAGE_SELECT5_2_1_2_4,select5_2_1_2_4,true
SELECT5_2_1_3,2473,HACTION_SELECT5_2_1_3,2473,HTML_PAGE_SELECT5_2_1_3,select5_2_1_3,true
SELECT5_2_1_3_1,2474,HACTION_SELECT5_2_1_3_1,2474,HTML_PAGE_SELECT5_2_1_3_1,select5_2_1_3_1,true
SELECT5_2_1_3_2,2475,HACTION_SELECT5_2_1_3_2,2475,HTML_PAGE_SELECT5_2_1_3_2,select5_2_1_3_2,true
SELECT5_2_1_3_3,2476,HACTION_SELECT5_2_1_3_3,2476,HTML_PAGE_SELECT5_2_1_3_3,select5_2_1_3_3,true
SELECT5_2_1_3_4,2477,HACTION_SELECT5_2_1_3_4,2477,HTML_PAGE_SELECT5_2_1_3_4,select5_2_1_3_4,true
SELECT5_2_1_4,2478,HACTION_SELECT5_2_1_4,2478,HTML_PAGE_SELECT5_2_1_4,select5_2_1_4,true
SELECT5_2_1_4_1,2479,HACTION_SELECT5_2_1_4_1,2479,HTML_PAGE_SELECT5_2_1_4_1,select5_2_1_4_1,true
SELECT5_2_1_4_2,2480,HACTION_SELECT5_2_1_4_2,2480,HTML_PAGE_SELECT5_2_1_4_2,select5_2_1_4_2,true
SELECT5_2_1_4_3,2481,HACTION_SELECT5_2_1_4_3,2481,HTML_PAGE_SELECT5_2_1_4_3,select5_2_1_4_3,true
SELECT5_2_1_4_4,2482,HACTION_SELECT5_2_1_4_4,2482,HTML_PAGE_SELECT5_2_1_4_4,select5_2_1_4_4,true
SELECT5_2_2,2483,HACTION_SELECT5_2_2,2483,HTML_PAGE_SELECT5_2_2,select5_2_2,true
SELECT5_2_2_1,2484,HACTION_SELECT5_2_2_1,2484,HTML_PAGE_SELECT5_2_2_1,select5_2_2_1,true
SELECT5_2_2_1_1,2485,HACTION_SELECT5_2_2_1_1,2485,HTML_PAGE_SELECT5_2_2_1_1,select5_2_2_1_1,true
SELECT5_2_2_1_2,2486,HACTION_SELECT5_2_2_1_2,2486,HTML_PAGE_SELECT5_2_2_1_2,select5_2_2_1_2,true
SELECT5_2_2_1_3,2487,HACTION_SELECT5_2_2_1_3,2487,HTML_PAGE_SELECT5_2_2_1_3,select5_2_2_1_3,true
SELECT5_2_2_1_4,2488,HACTION_SELECT5_2_2_1_4,2488,HTML_PAGE_SELECT5_2_2_1_4,select5_2_2_1_4,true
SELECT5_2_2_2,2489,HACTION_SELECT5_2_2_2,2489,HTML_PAGE_SELECT5_2_2_2,select5_2_2_2,true
SELECT5_2_2_2_1,2490,HACTION_SELECT5_2_2_2_1,2490,HTML_PAGE_SELECT5_2_2_2_1,select5_2_2_2_1,true
SELECT5_2_2_2_2,2491,HACTION_SELECT5_2_2_2_2,2491,HTML_PAGE_SELECT5_2_2_2_2,select5_2_2_2_2,true
SELECT5_2_2_2_3,2492,HACTION_SELECT5_2_2_2_3,2492,HTML_PAGE_SELECT5_2_2_2_3,select5_2_2_2_3,true
SELECT5_2_2_2_4,2493,HACTION_SELECT5_2_2_2_4,2493,HTML_PAGE_SELECT5_2_2_2_4,select5_2_2_2_4,true
SELECT5_2_2_3,2494,HACTION_SELECT5_2_2_3,2494,HTML_PAGE_SELECT5_2_2_3,select5_2_2_3,true
SELECT5_2_2_3_1,2495,HACTION_SELECT5_2_2_3_1,2495,HTML_PAGE_SELECT5_2_2_3_1,select5_2_2_3_1,true
SELECT5_2_2_3_2,2496,HACTION_SELECT5_2_2_3_2,2496,HTML_PAGE_SELECT5_2_2_3_2,select5_2_2_3_2,true
SELECT5_2_2_3_3,2497,HACTION_SELECT5_2_2_3_3,2497,HTML_PAGE_SELECT5_2_2_3_3,select5_2_2_3_3,true
SELECT5_2_2_3_4,2498,HACTION_SELECT5_2_2_3_4,2498,HTML_PAGE_SELECT5_2_2_3_4,select5_2_2_3_4,true
SELECT5_2_2_4,2499,HACTION_SELECT5_2_2_4,2499,HTML_PAGE_SELECT5_2_2_4,select5_2_2_4,true
SELECT5_2_2_4_1,2500,HACTION_SELECT5_2_2_4_1,2500,HTML_PAGE_SELECT5_2_2_4_1,select5_2_2_4_1,true
SELECT5_2_2_4_2,2501,HACTION_SELECT5_2_2_4_2,2501,HTML_PAGE_SELECT5_2_2_4_2,select5_2_2_4_2,true
SELECT5_2_2_4_3,2502,HACTION_SELECT5_2_2_4_3,2502,HTML_PAGE_SELECT5_2_2_4_3,select5_2_2_4_3,true
SELECT5_2_2_4_4,2503,HACTION_SELECT5_2_2_4_4,2503,HTML_PAGE_SELECT5_2_2_4_4,select5_2_2_4_4,true
SELECT5_2_3,2504,HACTION_SELECT5_2_3,2504,HTML_PAGE_SELECT5_2_3,select5_2_3,true
SELECT5_2_3_1,2505,HACTION_SELECT5_2_3_1,2505,HTML_PAGE_SELECT5_2_3_1,select5_2_3_1,true
SELECT5_2_3_1_1,2506,HACTION_SELECT5_2_3_1_1,2506,HTML_PAGE_SELECT5_2_3_1_1,select5_2_3_1_1,true
SELECT5_2_3_1_2,2507,HACTION_SELECT5_2_3_1_2,2507,HTML_PAGE_SELECT5_2_3_1_2,select5_2_3_1_2,true
SELECT5_2_3_1_3,2508,HACTION_SELECT5_2_3_1_3,2508,HTML_PAGE_SELECT5_2_3_1_3,select5_2_3_1_3,true
SELECT5_2_3_1_4,2509,HACTION_SELECT5_2_3_1_4,2509,HTML_PAGE_SELECT5_2_3_1_4,select5_2_3_1_4,true
SELECT5_2_3_2,2510,HACTION_SELECT5_2_3_2,2510,HTML_PAGE_SELECT5_2_3_2,select5_2_3_2,true
SELECT5_2_3_2_1,2511,HACTION_SELECT5_2_3_2_1,2511,HTML_PAGE_SELECT5_2_3_2_1,select5_2_3_2_1,true
SELECT5_2_3_2_2,2512,HACTION_SELECT5_2_3_2_2,2512,HTML_PAGE_SELECT5_2_3_2_2,select5_2_3_2_2,true
SELECT5_2_3_2_3,2513,HACTION_SELECT5_2_3_2_3,2513,HTML_PAGE_SELECT5_2_3_2_3,select5_2_3_2_3,true
SELECT5_2_3_2_4,2514,HACTION_SELECT5_2_3_2_4,2514,HTML_PAGE_SELECT5_2_3_2_4,select5_2_3_2_4,true
SELECT5_2_3_3,2515,HACTION_SELECT5_2_3_3,2515,HTML_PAGE_SELECT5_2_3_3,select5_2_3_3,true
SELECT5_2_3_3_1,2516,HACTION_SELECT5_2_3_3_1,2516,HTML_PAGE_SELECT5_2_3_3_1,select5_2_3_3_1,true
SELECT5_2_3_3_2,2517,HACTION_SELECT5_2_3_3_2,2517,HTML_PAGE_SELECT5_2_3_3_2,select5_2_3_3_2,true
SELECT5_2_3_3_3,2518,HACTION_SELECT5_2_3_3_3,2518,HTML_PAGE_SELECT5_2_3_3_3,select5_2_3_3_3,true
SELECT5_2_3_3_4,2519,HACTION_SELECT5_2_3_3_4,2519,HTML_PAGE_SELECT5_2_3_3_4,select5_2_3_3_4,true
SELECT5_2_3_4,2520,HACTION_SELECT5_2_3_4,2520,HTML_PAGE_SELECT5_2_3_4,select5_2_3_4,true
SELECT5_2_3_4_1,2521,HACTION_SELECT5_2_3_4_1,2521,HTML_PAGE_SELECT5_2_3_4_1,select5_2_3_4_1,true
SELECT5_2_3_4_2,2522,HACTION_SELECT5_2_3_4_2,2522,HTML_PAGE_SELECT5_2_3_4_2,select5_2_3_4_2,true
SELECT5_2_3_4_3,2523,HACTION_SELECT5_2_3_4_3,2523,HTML_PAGE_SELECT5_2_3_4_3,select5_2_3_4_3,true
SELECT5_2_3_4_4,2524,HACTION_SELECT5_2_3_4_4,2524,HTML_PAGE_SELECT5_2_3_4_4,select5_2_3_4_4,true
SELECT5_2_4,2525,HACTION_SELECT5_2_4,2525,HTML_PAGE_SELECT5_2_4,select5_2_4,true
SELECT5_2_4_1,2526,HACTION_SELECT5_2_4_1,2526,HTML_PAGE_SELECT5_2_4_1,select5_2_4_1,true
SELECT5_2_4_1_1,2527,HACTION_SELECT5_2_4_1_1,2527,HTML_PAGE_SELECT5_2_4_1_1,select5_2_4_1_1,true
SELECT5_2_4_1_2,2528,HACTION_SELECT5_2_4_1_2,2528,HTML_PAGE_SELECT5_2_4_1_2,select5_2_4_1_2,true
SELECT5_2_4_1_3,2529,HACTION_SELECT5_2_4_1_3,2529,HTML_PAGE_SELECT5_2_4_1_3,select5_2_4_1_3,true
SELECT5_2_4_1_4,2530,HACTION_SELECT5_2_4_1_4,2530,HTML_PAGE_SELECT5_2_4_1_4,select5_2_4_1_4,true
SELECT5_2_4_2,2531,HACTION_SELECT5_2_4_2,2531,HTML_PAGE_SELECT5_2_4_2,select5_2_4_2,true
SELECT5_2_4_2_1,2532,HACTION_SELECT5_2_4_2_1,2532,HTML_PAGE_SELECT5_2_4_2_1,select5_2_4_2_1,true
SELECT5_2_4_2_2,2533,HACTION_SELECT5_2_4_2_2,2533,HTML_PAGE_SELECT5_2_4_2_2,select5_2_4_2_2,true
SELECT5_2_4_2_3,2534,HACTION_SELECT5_2_4_2_3,2534,HTML_PAGE_SELECT5_2_4_2_3,select5_2_4_2_3,true
SELECT5_2_4_2_4,2535,HACTION_SELECT5_2_4_2_4,2535,HTML_PAGE_SELECT5_2_4_2_4,select5_2_4_2_4,true
SELECT5_2_4_3,2536,HACTION_SELECT5_2_4_3,2536,HTML_PAGE_SELECT5_2_4_3,select5_2_4_3,true
SELECT5_2_4_3_1,2537,HACTION_SELECT5_2_4_3_1,2537,HTML_PAGE_SELECT5_2_4_3_1,select5_2_4_3_1,true
SELECT5_2_4_3_2,2538,HACTION_SELECT5_2_4_3_2,2538,HTML_PAGE_SELECT5_2_4_3_2,select5_2_4_3_2,true
SELECT5_2_4_3_3,2539,HACTION_SELECT5_2_4_3_3,2539,HTML_PAGE_SELECT5_2_4_3_3,select5_2_4_3_3,true
SELECT5_2_4_3_4,2540,HACTION_SELECT5_2_4_3_4,2540,HTML_PAGE_SELECT5_2_4_3_4,select5_2_4_3_4,true
SELECT5_2_4_4,2541,HACTION_SELECT5_2_4_4,2541,HTML_PAGE_SELECT5_2_4_4,select5_2_4_4,true
SELECT5_2_4_4_1,2542,HACTION_SELECT5_2_4_4_1,2542,HTML_PAGE_SELECT5_2_4_4_1,select5_2_4_4_1,true
SELECT5_2_4_4_2,2543,HACTION_SELECT5_2_4_4_2,2543,HTML_PAGE_SELECT5_2_4_4_2,select5_2_4_4_2,true
SELECT5_2_4_4_3,2544,HACTION_SELECT5_2_4_4_3,2544,HTML_PAGE_SELECT5_2_4_4_3,select5_2_4_4_3,true
SELECT5_2_4_4_4,2545,HACTION_SELECT5_2_4_4_4,2545,HTML_PAGE_SELECT5_2_4_4_4,select5_2_4_4_4,true
SELECT5_3,2546,HACTION_SELECT5_3,2546,HTML_PAGE_SELECT5_3,select5_3,true
SELECT5_3_1,2547,HACTION_SELECT5_3_1,2547,HTML_PAGE_SELECT5_3_1,select5_3_1,true
SELECT5_3_1_1,2548,HACTION_SELECT5_3_1_1,2548,HTML_PAGE_SELECT5_3_1_1,select5_3_1_1,true
SELECT5_3_1_1_1,2549,HACTION_SELECT5_3_1_1_1,2549,HTML_PAGE_SELECT5_3_1_1_1,select5_3_1_1_1,true
SELECT5_3_1_1_2,2550,HACTION_SELECT5_3_1_1_2,2550,HTML_PAGE_SELECT5_3_1_1_2,select5_3_1_1_2,true
SELECT5_3_1_1_3,2551,HACTION_SELECT5_3_1_1_3,2551,HTML_PAGE_SELECT5_3_1_1_3,select5_3_1_1_3,true
SELECT5_3_1_1_4,2552,HACTION_SELECT5_3_1_1_4,2552,HTML_PAGE_SELECT5_3_1_1_4,select5_3_1_1_4,true
SELECT5_3_1_2,2553,HACTION_SELECT5_3_1_2,2553,HTML_PAGE_SELECT5_3_1_2,select5_3_1_2,true
SELECT5_3_1_2_1,2554,HACTION_SELECT5_3_1_2_1,2554,HTML_PAGE_SELECT5_3_1_2_1,select5_3_1_2_1,true
SELECT5_3_1_2_2,2555,HACTION_SELECT5_3_1_2_2,2555,HTML_PAGE_SELECT5_3_1_2_2,select5_3_1_2_2,true
SELECT5_3_1_2_3,2556,HACTION_SELECT5_3_1_2_3,2556,HTML_PAGE_SELECT5_3_1_2_3,select5_3_1_2_3,true
SELECT5_3_1_2_4,2557,HACTION_SELECT5_3_1_2_4,2557,HTML_PAGE_SELECT5_3_1_2_4,select5_3_1_2_4,true
SELECT5_3_1_3,2558,HACTION_SELECT5_3_1_3,2558,HTML_PAGE_SELECT5_3_1_3,select5_3_1_3,true
SELECT5_3_1_3_1,2559,HACTION_SELECT5_3_1_3_1,2559,HTML_PAGE_SELECT5_3_1_3_1,select5_3_1_3_1,true
SELECT5_3_1_3_2,2560,HACTION_SELECT5_3_1_3_2,2560,HTML_PAGE_SELECT5_3_1_3_2,select5_3_1_3_2,true
SELECT5_3_1_3_3,2561,HACTION_SELECT5_3_1_3_3,2561,HTML_PAGE_SELECT5_3_1_3_3,select5_3_1_3_3,true
SELECT5_3_1_3_4,2562,HACTION_SELECT5_3_1_3_4,2562,HTML_PAGE_SELECT5_3_1_3_4,select5_3_1_3_4,true
SELECT5_3_1_4,2563,HACTION_SELECT5_3_1_4,2563,HTML_PAGE_SELECT5_3_1_4,select5_3_1_4,true
SELECT5_3_1_4_1,2564,HACTION_SELECT5_3_1_4_1,2564,HTML_PAGE_SELECT5_3_1_4_1,select5_3_1_4_1,true
SELECT5_3_1_4_2,2565,HACTION_SELECT5_3_1_4_2,2565,HTML_PAGE_SELECT5_3_1_4_2,select5_3_1_4_2,true
SELECT5_3_1_4_3,2566,HACTION_SELECT5_3_1_4_3,2566,HTML_PAGE_SELECT5_3_1_4_3,select5_3_1_4_3,true
SELECT5_3_1_4_4,2567,HACTION_SELECT5_3_1_4_4,2567,HTML_PAGE_SELECT5_3_1_4_4,select5_3_1_4_4,true
SELECT5_3_2,2568,HACTION_SELECT5_3_2,2568,HTML_PAGE_SELECT5_3_2,select5_3_2,true
SELECT5_3_2_1,2569,HACTION_SELECT5_3_2_1,2569,HTML_PAGE_SELECT5_3_2_1,select5_3_2_1,true
SELECT5_3_2_1_1,2570,HACTION_SELECT5_3_2_1_1,2570,HTML_PAGE_SELECT5_3_2_1_1,select5_3_2_1_1,true
SELECT5_3_2_1_2,2571,HACTION_SELECT5_3_2_1_2,2571,HTML_PAGE_SELECT5_3_2_1_2,select5_3_2_1_2,true
SELECT5_3_2_1_3,2572,HACTION_SELECT5_3_2_1_3,2572,HTML_PAGE_SELECT5_3_2_1_3,select5_3_2_1_3,true
SELECT5_3_2_1_4,2573,HACTION_SELECT5_3_2_1_4,2573,HTML_PAGE_SELECT5_3_2_1_4,select5_3_2_1_4,true
SELECT5_3_2_2,2574,HACTION_SELECT5_3_2_2,2574,HTML_PAGE_SELECT5_3_2_2,select5_3_2_2,true
SELECT5_3_2_2_1,2575,HACTION_SELECT5_3_2_2_1,2575,HTML_PAGE_SELECT5_3_2_2_1,select5_3_2_2_1,true
SELECT5_3_2_2_2,2576,HACTION_SELECT5_3_2_2_2,2576,HTML_PAGE_SELECT5_3_2_2_2,select5_3_2_2_2,true
SELECT5_3_2_2_3,2577,HACTION_SELECT5_3_2_2_3,2577,HTML_PAGE_SELECT5_3_2_2_3,select5_3_2_2_3,true
SELECT5_3_2_2_4,2578,HACTION_SELECT5_3_2_2_4,2578,HTML_PAGE_SELECT5_3_2_2_4,select5_3_2_2_4,true
SELECT5_3_2_3,2579,HACTION_SELECT5_3_2_3,2579,HTML_PAGE_SELECT5_3_2_3,select5_3_2_3,true
SELECT5_3_2_3_1,2580,HACTION_SELECT5_3_2_3_1,2580,HTML_PAGE_SELECT5_3_2_3_1,select5_3_2_3_1,true
SELECT5_3_2_3_2,2581,HACTION_SELECT5_3_2_3_2,2581,HTML_PAGE_SELECT5_3_2_3_2,select5_3_2_3_2,true
SELECT5_3_2_3_3,2582,HACTION_SELECT5_3_2_3_3,2582,HTML_PAGE_SELECT5_3_2_3_3,select5_3_2_3_3,true
SELECT5_3_2_3_4,2583,HACTION_SELECT5_3_2_3_4,2583,HTML_PAGE_SELECT5_3_2_3_4,select5_3_2_3_4,true
SELECT5_3_2_4,2584,HACTION_SELECT5_3_2_4,2584,HTML_PAGE_SELECT5_3_2_4,select5_3_2_4,true
SELECT5_3_2_4_1,2585,HACTION_SELECT5_3_2_4_1,2585,HTML_PAGE_SELECT5_3_2_4_1,select5_3_2_4_1,true
SELECT5_3_2_4_2,2586,HACTION_SELECT5_3_2_4_2,2586,HTML_PAGE_SELECT5_3_2_4_2,select5_3_2_4_2,true
SELECT5_3_2_4_3,2587,HACTION_SELECT5_3_2_4_3,2587,HTML_PAGE_SELECT5_3_2_4_3,select5_3_2_4_3,true
SELECT5_3_2_4_4,2588,HACTION_SELECT5_3_2_4_4,2588,HTML_PAGE_SELECT5_3_2_4_4,select5_3_2_4_4,true
SELECT5_3_3,2589,HACTION_SELECT5_3_3,2589,HTML_PAGE_SELECT5_3_3,select5_3_3,true
SELECT5_3_3_1,2590,HACTION_SELECT5_3_3_1,2590,HTML_PAGE_SELECT5_3_3_1,select5_3_3_1,true
SELECT5_3_3_1_1,2591,HACTION_SELECT5_3_3_1_1,2591,HTML_PAGE_SELECT5_3_3_1_1,select5_3_3_1_1,true
SELECT5_3_3_1_2,2592,HACTION_SELECT5_3_3_1_2,2592,HTML_PAGE_SELECT5_3_3_1_2,select5_3_3_1_2,true
SELECT5_3_3_1_3,2593,HACTION_SELECT5_3_3_1_3,2593,HTML_PAGE_SELECT5_3_3_1_3,select5_3_3_1_3,true
SELECT5_3_3_1_4,2594,HACTION_SELECT5_3_3_1_4,2594,HTML_PAGE_SELECT5_3_3_1_4,select5_3_3_1_4,true
SELECT5_3_3_2,2595,HACTION_SELECT5_3_3_2,2595,HTML_PAGE_SELECT5_3_3_2,select5_3_3_2,true
SELECT5_3_3_2_1,2596,HACTION_SELECT5_3_3_2_1,2596,HTML_PAGE_SELECT5_3_3_2_1,select5_3_3_2_1,true
SELECT5_3_3_2_2,2597,HACTION_SELECT5_3_3_2_2,2597,HTML_PAGE_SELECT5_3_3_2_2,select5_3_3_2_2,true
SELECT5_3_3_2_3,2598,HACTION_SELECT5_3_3_2_3,2598,HTML_PAGE_SELECT5_3_3_2_3,select5_3_3_2_3,true
SELECT5_3_3_2_4,2599,HACTION_SELECT5_3_3_2_4,2599,HTML_PAGE_SELECT5_3_3_2_4,select5_3_3_2_4,true
SELECT5_3_3_3,2600,HACTION_SELECT5_3_3_3,2600,HTML_PAGE_SELECT5_3_3_3,select5_3_3_3,true
SELECT5_3_3_3_1,2601,HACTION_SELECT5_3_3_3_1,2601,HTML_PAGE_SELECT5_3_3_3_1,select5_3_3_3_1,true
SELECT5_3_3_3_2,2602,HACTION_SELECT5_3_3_3_2,2602,HTML_PAGE_SELECT5_3_3_3_2,select5_3_3_3_2,true
SELECT5_3_3_3_3,2603,HACTION_SELECT5_3_3_3_3,2603,HTML_PAGE_SELECT5_3_3_3_3,select5_3_3_3_3,true
SELECT5_3_3_3_4,2604,HACTION_SELECT5_3_3_3_4,2604,HTML_PAGE_SELECT5_3_3_3_4,select5_3_3_3_4,true
SELECT5_3_3_4,2605,HACTION_SELECT5_3_3_4,2605,HTML_PAGE_SELECT5_3_3_4,select5_3_3_4,true
SELECT5_3_3_4_1,2606,HACTION_SELECT5_3_3_4_1,2606,HTML_PAGE_SELECT5_3_3_4_1,select5_3_3_4_1,true
SELECT5_3_3_4_2,2607,HACTION_SELECT5_3_3_4_2,2607,HTML_PAGE_SELECT5_3_3_4_2,select5_3_3_4_2,true
SELECT5_3_3_4_3,2608,HACTION_SELECT5_3_3_4_3,2608,HTML_PAGE_SELECT5_3_3_4_3,select5_3_3_4_3,true
SELECT5_3_3_4_4,2609,HACTION_SELECT5_3_3_4_4,2609,HTML_PAGE_SELECT5_3_3_4_4,select5_3_3_4_4,true
SELECT5_3_4,2610,HACTION_SELECT5_3_4,2610,HTML_PAGE_SELECT5_3_4,select5_3_4,true
SELECT5_3_4_1,2611,HACTION_SELECT5_3_4_1,2611,HTML_PAGE_SELECT5_3_4_1,select5_3_4_1,true
SELECT5_3_4_1_1,2612,HACTION_SELECT5_3_4_1_1,2612,HTML_PAGE_SELECT5_3_4_1_1,select5_3_4_1_1,true
SELECT5_3_4_1_2,2613,HACTION_SELECT5_3_4_1_2,2613,HTML_PAGE_SELECT5_3_4_1_2,select5_3_4_1_2,true
SELECT5_3_4_1_3,2614,HACTION_SELECT5_3_4_1_3,2614,HTML_PAGE_SELECT5_3_4_1_3,select5_3_4_1_3,true
SELECT5_3_4_1_4,2615,HACTION_SELECT5_3_4_1_4,2615,HTML_PAGE_SELECT5_3_4_1_4,select5_3_4_1_4,true
SELECT5_3_4_2,2616,HACTION_SELECT5_3_4_2,2616,HTML_PAGE_SELECT5_3_4_2,select5_3_4_2,true
SELECT5_3_4_2_1,2617,HACTION_SELECT5_3_4_2_1,2617,HTML_PAGE_SELECT5_3_4_2_1,select5_3_4_2_1,true
SELECT5_3_4_2_2,2618,HACTION_SELECT5_3_4_2_2,2618,HTML_PAGE_SELECT5_3_4_2_2,select5_3_4_2_2,true
SELECT5_3_4_2_3,2619,HACTION_SELECT5_3_4_2_3,2619,HTML_PAGE_SELECT5_3_4_2_3,select5_3_4_2_3,true
SELECT5_3_4_2_4,2620,HACTION_SELECT5_3_4_2_4,2620,HTML_PAGE_SELECT5_3_4_2_4,select5_3_4_2_4,true
SELECT5_3_4_3,2621,HACTION_SELECT5_3_4_3,2621,HTML_PAGE_SELECT5_3_4_3,select5_3_4_3,true
SELECT5_3_4_3_1,2622,HACTION_SELECT5_3_4_3_1,2622,HTML_PAGE_SELECT5_3_4_3_1,select5_3_4_3_1,true
SELECT5_3_4_3_2,2623,HACTION_SELECT5_3_4_3_2,2623,HTML_PAGE_SELECT5_3_4_3_2,select5_3_4_3_2,true
SELECT5_3_4_3_3,2624,HACTION_SELECT5_3_4_3_3,2624,HTML_PAGE_SELECT5_3_4_3_3,select5_3_4_3_3,true
SELECT5_3_4_3_4,2625,HACTION_SELECT5_3_4_3_4,2625,HTML_PAGE_SELECT5_3_4_3_4,select5_3_4_3_4,true
SELECT5_3_4_4,2626,HACTION_SELECT5_3_4_4,2626,HTML_PAGE_SELECT5_3_4_4,select5_3_4_4,true
SELECT5_3_4_4_1,2627,HACTION_SELECT5_3_4_4_1,2627,HTML_PAGE_SELECT5_3_4_4_1,select5_3_4_4_1,true
SELECT5_3_4_4_2,2628,HACTION_SELECT5_3_4_4_2,2628,HTML_PAGE_SELECT5_3_4_4_2,select5_3_4_4_2,true
SELECT5_3_4_4_3,2629,HACTION_SELECT5_3_4_4_3,2629,HTML_PAGE_SELECT5_3_4_4_3,select5_3_4_4_3,true
SELECT5_3_4_4_4,2630,HACTION_SELECT5_3_4_4_4,2630,HTML_PAGE_SELECT5_3_4_4_4,select5_3_4_4_4,true
SELECT5_4,2631,HACTION_SELECT5_4,2631,HTML_PAGE_SELECT5_4,select5_4,true
SELECT5_4_1,2632,HACTION_SELECT5_4_1,2632,HTML_PAGE_SELECT5_4_1,select5_4_1,true
SELECT5_4_1_1,2633,HACTION_SELECT5_4_1_1,2633,HTML_PAGE_SELECT5_4_1_1,select5_4_1_1,true
SELECT5_4_1_1_1,2634,HACTION_SELECT5_4_1_1_1,2634,HTML_PAGE_SELECT5_4_1_1_1,select5_4_1_1_1,true
SELECT5_4_1_1_2,2635,HACTION_SELECT5_4_1_1_2,2635,HTML_PAGE_SELECT5_4_1_1_2,select5_4_1_1_2,true
SELECT5_4_1_1_3,2636,HACTION_SELECT5_4_1_1_3,2636,HTML_PAGE_SELECT5_4_1_1_3,select5_4_1_1_3,true
SELECT5_4_1_1_4,2637,HACTION_SELECT5_4_1_1_4,2637,HTML_PAGE_SELECT5_4_1_1_4,select5_4_1_1_4,true
SELECT5_4_1_2,2638,HACTION_SELECT5_4_1_2,2638,HTML_PAGE_SELECT5_4_1_2,select5_4_1_2,true
SELECT5_4_1_2_1,2639,HACTION_SELECT5_4_1_2_1,2639,HTML_PAGE_SELECT5_4_1_2_1,select5_4_1_2_1,true
SELECT5_4_1_2_2,2640,HACTION_SELECT5_4_1_2_2,2640,HTML_PAGE_SELECT5_4_1_2_2,select5_4_1_2_2,true
SELECT5_4_1_2_3,2641,HACTION_SELECT5_4_1_2_3,2641,HTML_PAGE_SELECT5_4_1_2_3,select5_4_1_2_3,true
SELECT5_4_1_2_4,2642,HACTION_SELECT5_4_1_2_4,2642,HTML_PAGE_SELECT5_4_1_2_4,select5_4_1_2_4,true
SELECT5_4_1_3,2643,HACTION_SELECT5_4_1_3,2643,HTML_PAGE_SELECT5_4_1_3,select5_4_1_3,true
SELECT5_4_1_3_1,2644,HACTION_SELECT5_4_1_3_1,2644,HTML_PAGE_SELECT5_4_1_3_1,select5_4_1_3_1,true
SELECT5_4_1_3_2,2645,HACTION_SELECT5_4_1_3_2,2645,HTML_PAGE_SELECT5_4_1_3_2,select5_4_1_3_2,true
SELECT5_4_1_3_3,2646,HACTION_SELECT5_4_1_3_3,2646,HTML_PAGE_SELECT5_4_1_3_3,select5_4_1_3_3,true
SELECT5_4_1_3_4,2647,HACTION_SELECT5_4_1_3_4,2647,HTML_PAGE_SELECT5_4_1_3_4,select5_4_1_3_4,true
SELECT5_4_1_4,2648,HACTION_SELECT5_4_1_4,2648,HTML_PAGE_SELECT5_4_1_4,select5_4_1_4,true
SELECT5_4_1_4_1,2649,HACTION_SELECT5_4_1_4_1,2649,HTML_PAGE_SELECT5_4_1_4_1,select5_4_1_4_1,true
SELECT5_4_1_4_2,2650,HACTION_SELECT5_4_1_4_2,2650,HTML_PAGE_SELECT5_4_1_4_2,select5_4_1_4_2,true
SELECT5_4_1_4_3,2651,HACTION_SELECT5_4_1_4_3,2651,HTML_PAGE_SELECT5_4_1_4_3,select5_4_1_4_3,true
SELECT5_4_1_4_4,2652,HACTION_SELECT5_4_1_4_4,2652,HTML_PAGE_SELECT5_4_1_4_4,select5_4_1_4_4,true
SELECT5_4_2,2653,HACTION_SELECT5_4_2,2653,HTML_PAGE_SELECT5_4_2,select5_4_2,true
SELECT5_4_2_1,2654,HACTION_SELECT5_4_2_1,2654,HTML_PAGE_SELECT5_4_2_1,select5_4_2_1,true
SELECT5_4_2_1_1,2655,HACTION_SELECT5_4_2_1_1,2655,HTML_PAGE_SELECT5_4_2_1_1,select5_4_2_1_1,true
SELECT5_4_2_1_2,2656,HACTION_SELECT5_4_2_1_2,2656,HTML_PAGE_SELECT5_4_2_1_2,select5_4_2_1_2,true
SELECT5_4_2_1_3,2657,HACTION_SELECT5_4_2_1_3,2657,HTML_PAGE_SELECT5_4_2_1_3,select5_4_2_1_3,true
SELECT5_4_2_1_4,2658,HACTION_SELECT5_4_2_1_4,2658,HTML_PAGE_SELECT5_4_2_1_4,select5_4_2_1_4,true
SELECT5_4_2_2,2659,HACTION_SELECT5_4_2_2,2659,HTML_PAGE_SELECT5_4_2_2,select5_4_2_2,true
SELECT5_4_2_2_1,2660,HACTION_SELECT5_4_2_2_1,2660,HTML_PAGE_SELECT5_4_2_2_1,select5_4_2_2_1,true
SELECT5_4_2_2_2,2661,HACTION_SELECT5_4_2_2_2,2661,HTML_PAGE_SELECT5_4_2_2_2,select5_4_2_2_2,true
SELECT5_4_2_2_3,2662,HACTION_SELECT5_4_2_2_3,2662,HTML_PAGE_SELECT5_4_2_2_3,select5_4_2_2_3,true
SELECT5_4_2_2_4,2663,HACTION_SELECT5_4_2_2_4,2663,HTML_PAGE_SELECT5_4_2_2_4,select5_4_2_2_4,true
SELECT5_4_2_3,2664,HACTION_SELECT5_4_2_3,2664,HTML_PAGE_SELECT5_4_2_3,select5_4_2_3,true
SELECT5_4_2_3_1,2665,HACTION_SELECT5_4_2_3_1,2665,HTML_PAGE_SELECT5_4_2_3_1,select5_4_2_3_1,true
SELECT5_4_2_3_2,2666,HACTION_SELECT5_4_2_3_2,2666,HTML_PAGE_SELECT5_4_2_3_2,select5_4_2_3_2,true
SELECT5_4_2_3_3,2667,HACTION_SELECT5_4_2_3_3,2667,HTML_PAGE_SELECT5_4_2_3_3,select5_4_2_3_3,true
SELECT5_4_2_3_4,2668,HACTION_SELECT5_4_2_3_4,2668,HTML_PAGE_SELECT5_4_2_3_4,select5_4_2_3_4,true
SELECT5_4_2_4,2669,HACTION_SELECT5_4_2_4,2669,HTML_PAGE_SELECT5_4_2_4,select5_4_2_4,true
SELECT5_4_2_4_1,2670,HACTION_SELECT5_4_2_4_1,2670,HTML_PAGE_SELECT5_4_2_4_1,select5_4_2_4_1,true
SELECT5_4_2_4_2,2671,HACTION_SELECT5_4_2_4_2,2671,HTML_PAGE_SELECT5_4_2_4_2,select5_4_2_4_2,true
SELECT5_4_2_4_3,2672,HACTION_SELECT5_4_2_4_3,2672,HTML_PAGE_SELECT5_4_2_4_3,select5_4_2_4_3,true
SELECT5_4_2_4_4,2673,HACTION_SELECT5_4_2_4_4,2673,HTML_PAGE_SELECT5_4_2_4_4,select5_4_2_4_4,true
SELECT5_4_3,2674,HACTION_SELECT5_4_3,2674,HTML_PAGE_SELECT5_4_3,select5_4_3,true
SELECT5_4_3_1,2675,HACTION_SELECT5_4_3_1,2675,HTML_PAGE_SELECT5_4_3_1,select5_4_3_1,true
SELECT5_4_3_1_1,2676,HACTION_SELECT5_4_3_1_1,2676,HTML_PAGE_SELECT5_4_3_1_1,select5_4_3_1_1,true
SELECT5_4_3_1_2,2677,HACTION_SELECT5_4_3_1_2,2677,HTML_PAGE_SELECT5_4_3_1_2,select5_4_3_1_2,true
SELECT5_4_3_1_3,2678,HACTION_SELECT5_4_3_1_3,2678,HTML_PAGE_SELECT5_4_3_1_3,select5_4_3_1_3,true
SELECT5_4_3_1_4,2679,HACTION_SELECT5_4_3_1_4,2679,HTML_PAGE_SELECT5_4_3_1_4,select5_4_3_1_4,true
SELECT5_4_3_2,2680,HACTION_SELECT5_4_3_2,2680,HTML_PAGE_SELECT5_4_3_2,select5_4_3_2,true
SELECT5_4_3_2_1,2681,HACTION_SELECT5_4_3_2_1,2681,HTML_PAGE_SELECT5_4_3_2_1,select5_4_3_2_1,true
SELECT5_4_3_2_2,2682,HACTION_SELECT5_4_3_2_2,2682,HTML_PAGE_SELECT5_4_3_2_2,select5_4_3_2_2,true
SELECT5_4_3_2_3,2683,HACTION_SELECT5_4_3_2_3,2683,HTML_PAGE_SELECT5_4_3_2_3,select5_4_3_2_3,true
SELECT5_4_3_2_4,2684,HACTION_SELECT5_4_3_2_4,2684,HTML_PAGE_SELECT5_4_3_2_4,select5_4_3_2_4,true
SELECT5_4_3_3,2685,HACTION_SELECT5_4_3_3,2685,HTML_PAGE_SELECT5_4_3_3,select5_4_3_3,true
SELECT5_4_3_3_1,2686,HACTION_SELECT5_4_3_3_1,2686,HTML_PAGE_SELECT5_4_3_3_1,select5_4_3_3_1,true
SELECT5_4_3_3_2,2687,HACTION_SELECT5_4_3_3_2,2687,HTML_PAGE_SELECT5_4_3_3_2,select5_4_3_3_2,true
SELECT5_4_3_3_3,2688,HACTION_SELECT5_4_3_3_3,2688,HTML_PAGE_SELECT5_4_3_3_3,select5_4_3_3_3,true
SELECT5_4_3_3_4,2689,HACTION_SELECT5_4_3_3_4,2689,HTML_PAGE_SELECT5_4_3_3_4,select5_4_3_3_4,true
SELECT5_4_3_4,2690,HACTION_SELECT5_4_3_4,2690,HTML_PAGE_SELECT5_4_3_4,select5_4_3_4,true
SELECT5_4_3_4_1,2691,HACTION_SELECT5_4_3_4_1,2691,HTML_PAGE_SELECT5_4_3_4_1,select5_4_3_4_1,true
SELECT5_4_3_4_2,2692,HACTION_SELECT5_4_3_4_2,2692,HTML_PAGE_SELECT5_4_3_4_2,select5_4_3_4_2,true
SELECT5_4_3_4_3,2693,HACTION_SELECT5_4_3_4_3,2693,HTML_PAGE_SELECT5_4_3_4_3,select5_4_3_4_3,true
SELECT5_4_3_4_4,2694,HACTION_SELECT5_4_3_4_4,2694,HTML_PAGE_SELECT5_4_3_4_4,select5_4_3_4_4,true
SELECT5_4_4,2695,HACTION_SELECT5_4_4,2695,HTML_PAGE_SELECT5_4_4,select5_4_4,true
SELECT5_4_4_1,2696,HACTION_SELECT5_4_4_1,2696,HTML_PAGE_SELECT5_4_4_1,select5_4_4_1,true
SELECT5_4_4_1_1,2697,HACTION_SELECT5_4_4_1_1,2697,HTML_PAGE_SELECT5_4_4_1_1,select5_4_4_1_1,true
SELECT5_4_4_1_2,2698,HACTION_SELECT5_4_4_1_2,2698,HTML_PAGE_SELECT5_4_4_1_2,select5_4_4_1_2,true
SELECT5_4_4_1_3,2699,HACTION_SELECT5_4_4_1_3,2699,HTML_PAGE_SELECT5_4_4_1_3,select5_4_4_1_3,true
SELECT5_4_4_1_4,2700,HACTION_SELECT5_4_4_1_4,2700,HTML_PAGE_SELECT5_4_4_1_4,select5_4_4_1_4,true
SELECT5_4_4_2,2701,HACTION_SELECT5_4_4_2,2701,HTML_PAGE_SELECT5_4_4_2,select5_4_4_2,true
SELECT5_4_4_2_1,2702,HACTION_SELECT5_4_4_2_1,2702,HTML_PAGE_SELECT5_4_4_2_1,select5_4_4_2_1,true
SELECT5_4_4_2_2,2703,HACTION_SELECT5_4_4_2_2,2703,HTML_PAGE_SELECT5_4_4_2_2,select5_4_4_2_2,true
SELECT5_4_4_2_3,2704,HACTION_SELECT5_4_4_2_3,2704,HTML_PAGE_SELECT5_4_4_2_3,select5_4_4_2_3,true
SELECT5_4_4_2_4,2705,HACTION_SELECT5_4_4_2_4,2705,HTML_PAGE_SELECT5_4_4_2_4,select5_4_4_2_4,true
SELECT5_4_4_3,2706,HACTION_SELECT5_4_4_3,2706,HTML_PAGE_SELECT5_4_4_3,select5_4_4_3,true
SELECT5_4_4_3_1,2707,HACTION_SELECT5_4_4_3_1,2707,HTML_PAGE_SELECT5_4_4_3_1,select5_4_4_3_1,true
SELECT5_4_4_3_2,2708,HACTION_SELECT5_4_4_3_2,2708,HTML_PAGE_SELECT5_4_4_3_2,select5_4_4_3_2,true
SELECT5_4_4_3_3,2709,HACTION_SELECT5_4_4_3_3,2709,HTML_PAGE_SELECT5_4_4_3_3,select5_4_4_3_3,true
SELECT5_4_4_3_4,2710,HACTION_SELECT5_4_4_3_4,2710,HTML_PAGE_SELECT5_4_4_3_4,select5_4_4_3_4,true
SELECT5_4_4_4,2711,HACTION_SELECT5_4_4_4,2711,HTML_PAGE_SELECT5_4_4_4,select5_4_4_4,true
SELECT5_4_4_4_1,2712,HACTION_SELECT5_4_4_4_1,2712,HTML_PAGE_SELECT5_4_4_4_1,select5_4_4_4_1,true
SELECT5_4_4_4_2,2713,HACTION_SELECT5_4_4_4_2,2713,HTML_PAGE_SELECT5_4_4_4_2,select5_4_4_4_2,true
SELECT5_4_4_4_3,2714,HACTION_SELECT5_4_4_4_3,2714,HTML_PAGE_SELECT5_4_4_4_3,select5_4_4_4_3,true
SELECT5_4_4_4_4,2715,HACTION_SELECT5_4_4_4_4,2715,HTML_PAGE_SELECT5_4_4_4_4,select5_4_4_4_4,true
SELECT6,2716,HACTION_SELECT6,2716,HTML_PAGE_SELECT6,select6,true
SELECT6_1,2717,HACTION_SELECT6_1,2717,HTML_PAGE_SELECT6_1,select6_1,true
SELECT6_1_1,2718,HACTION_SELECT6_1_1,2718,HTML_PAGE_SELECT6_1_1,select6_1_1,true
SELECT6_1_1_1,2719,HACTION_SELECT6_1_1_1,2719,HTML_PAGE_SELECT6_1_1_1,select6_1_1_1,true
SELECT6_1_1_1_1,2720,HACTION_SELECT6_1_1_1_1,2720,HTML_PAGE_SELECT6_1_1_1_1,select6_1_1_1_1,true
SELECT6_1_1_1_2,2721,HACTION_SELECT6_1_1_1_2,2721,HTML_PAGE_SELECT6_1_1_1_2,select6_1_1_1_2,true
SELECT6_1_1_1_3,2722,HACTION_SELECT6_1_1_1_3,2722,HTML_PAGE_SELECT6_1_1_1_3,select6_1_1_1_3,true
SELECT6_1_1_1_4,2723,HACTION_SELECT6_1_1_1_4,2723,HTML_PAGE_SELECT6_1_1_1_4,select6_1_1_1_4,true
SELECT6_1_1_2,2724,HACTION_SELECT6_1_1_2,2724,HTML_PAGE_SELECT6_1_1_2,select6_1_1_2,true
SELECT6_1_1_2_1,2725,HACTION_SELECT6_1_1_2_1,2725,HTML_PAGE_SELECT6_1_1_2_1,select6_1_1_2_1,true
SELECT6_1_1_2_2,2726,HACTION_SELECT6_1_1_2_2,2726,HTML_PAGE_SELECT6_1_1_2_2,select6_1_1_2_2,true
SELECT6_1_1_2_3,2727,HACTION_SELECT6_1_1_2_3,2727,HTML_PAGE_SELECT6_1_1_2_3,select6_1_1_2_3,true
SELECT6_1_1_2_4,2728,HACTION_SELECT6_1_1_2_4,2728,HTML_PAGE_SELECT6_1_1_2_4,select6_1_1_2_4,true
SELECT6_1_1_3,2729,HACTION_SELECT6_1_1_3,2729,HTML_PAGE_SELECT6_1_1_3,select6_1_1_3,true
SELECT6_1_1_3_1,2730,HACTION_SELECT6_1_1_3_1,2730,HTML_PAGE_SELECT6_1_1_3_1,select6_1_1_3_1,true
SELECT6_1_1_3_2,2731,HACTION_SELECT6_1_1_3_2,2731,HTML_PAGE_SELECT6_1_1_3_2,select6_1_1_3_2,true
SELECT6_1_1_3_3,2732,HACTION_SELECT6_1_1_3_3,2732,HTML_PAGE_SELECT6_1_1_3_3,select6_1_1_3_3,true
SELECT6_1_1_3_4,2733,HACTION_SELECT6_1_1_3_4,2733,HTML_PAGE_SELECT6_1_1_3_4,select6_1_1_3_4,true
SELECT6_1_1_4,2734,HACTION_SELECT6_1_1_4,2734,HTML_PAGE_SELECT6_1_1_4,select6_1_1_4,true
SELECT6_1_1_4_1,2735,HACTION_SELECT6_1_1_4_1,2735,HTML_PAGE_SELECT6_1_1_4_1,select6_1_1_4_1,true
SELECT6_1_1_4_2,2736,HACTION_SELECT6_1_1_4_2,2736,HTML_PAGE_SELECT6_1_1_4_2,select6_1_1_4_2,true
SELECT6_1_1_4_3,2737,HACTION_SELECT6_1_1_4_3,2737,HTML_PAGE_SELECT6_1_1_4_3,select6_1_1_4_3,true
SELECT6_1_1_4_4,2738,HACTION_SELECT6_1_1_4_4,2738,HTML_PAGE_SELECT6_1_1_4_4,select6_1_1_4_4,true
SELECT6_1_2,2739,HACTION_SELECT6_1_2,2739,HTML_PAGE_SELECT6_1_2,select6_1_2,true
SELECT6_1_2_1,2740,HACTION_SELECT6_1_2_1,2740,HTML_PAGE_SELECT6_1_2_1,select6_1_2_1,true
SELECT6_1_2_1_1,2741,HACTION_SELECT6_1_2_1_1,2741,HTML_PAGE_SELECT6_1_2_1_1,select6_1_2_1_1,true
SELECT6_1_2_1_2,2742,HACTION_SELECT6_1_2_1_2,2742,HTML_PAGE_SELECT6_1_2_1_2,select6_1_2_1_2,true
SELECT6_1_2_1_3,2743,HACTION_SELECT6_1_2_1_3,2743,HTML_PAGE_SELECT6_1_2_1_3,select6_1_2_1_3,true
SELECT6_1_2_1_4,2744,HACTION_SELECT6_1_2_1_4,2744,HTML_PAGE_SELECT6_1_2_1_4,select6_1_2_1_4,true
SELECT6_1_2_2,2745,HACTION_SELECT6_1_2_2,2745,HTML_PAGE_SELECT6_1_2_2,select6_1_2_2,true
SELECT6_1_2_2_1,2746,HACTION_SELECT6_1_2_2_1,2746,HTML_PAGE_SELECT6_1_2_2_1,select6_1_2_2_1,true
SELECT6_1_2_2_2,2747,HACTION_SELECT6_1_2_2_2,2747,HTML_PAGE_SELECT6_1_2_2_2,select6_1_2_2_2,true
SELECT6_1_2_2_3,2748,HACTION_SELECT6_1_2_2_3,2748,HTML_PAGE_SELECT6_1_2_2_3,select6_1_2_2_3,true
SELECT6_1_2_2_4,2749,HACTION_SELECT6_1_2_2_4,2749,HTML_PAGE_SELECT6_1_2_2_4,select6_1_2_2_4,true
SELECT6_1_2_3,2750,HACTION_SELECT6_1_2_3,2750,HTML_PAGE_SELECT6_1_2_3,select6_1_2_3,true
SELECT6_1_2_3_1,2751,HACTION_SELECT6_1_2_3_1,2751,HTML_PAGE_SELECT6_1_2_3_1,select6_1_2_3_1,true
SELECT6_1_2_3_2,2752,HACTION_SELECT6_1_2_3_2,2752,HTML_PAGE_SELECT6_1_2_3_2,select6_1_2_3_2,true
SELECT6_1_2_3_3,2753,HACTION_SELECT6_1_2_3_3,2753,HTML_PAGE_SELECT6_1_2_3_3,select6_1_2_3_3,true
SELECT6_1_2_3_4,2754,HACTION_SELECT6_1_2_3_4,2754,HTML_PAGE_SELECT6_1_2_3_4,select6_1_2_3_4,true
SELECT6_1_2_4,2755,HACTION_SELECT6_1_2_4,2755,HTML_PAGE_SELECT6_1_2_4,select6_1_2_4,true
SELECT6_1_2_4_1,2756,HACTION_SELECT6_1_2_4_1,2756,HTML_PAGE_SELECT6_1_2_4_1,select6_1_2_4_1,true
SELECT6_1_2_4_2,2757,HACTION_SELECT6_1_2_4_2,2757,HTML_PAGE_SELECT6_1_2_4_2,select6_1_2_4_2,true
SELECT6_1_2_4_3,2758,HACTION_SELECT6_1_2_4_3,2758,HTML_PAGE_SELECT6_1_2_4_3,select6_1_2_4_3,true
SELECT6_1_2_4_4,2759,HACTION_SELECT6_1_2_4_4,2759,HTML_PAGE_SELECT6_1_2_4_4,select6_1_2_4_4,true
SELECT6_1_3,2760,HACTION_SELECT6_1_3,2760,HTML_PAGE_SELECT6_1_3,select6_1_3,true
SELECT6_1_3_1,2761,HACTION_SELECT6_1_3_1,2761,HTML_PAGE_SELECT6_1_3_1,select6_1_3_1,true
SELECT6_1_3_1_1,2762,HACTION_SELECT6_1_3_1_1,2762,HTML_PAGE_SELECT6_1_3_1_1,select6_1_3_1_1,true
SELECT6_1_3_1_2,2763,HACTION_SELECT6_1_3_1_2,2763,HTML_PAGE_SELECT6_1_3_1_2,select6_1_3_1_2,true
SELECT6_1_3_1_3,2764,HACTION_SELECT6_1_3_1_3,2764,HTML_PAGE_SELECT6_1_3_1_3,select6_1_3_1_3,true
SELECT6_1_3_1_4,2765,HACTION_SELECT6_1_3_1_4,2765,HTML_PAGE_SELECT6_1_3_1_4,select6_1_3_1_4,true
SELECT6_1_3_2,2766,HACTION_SELECT6_1_3_2,2766,HTML_PAGE_SELECT6_1_3_2,select6_1_3_2,true
SELECT6_1_3_2_1,2767,HACTION_SELECT6_1_3_2_1,2767,HTML_PAGE_SELECT6_1_3_2_1,select6_1_3_2_1,true
SELECT6_1_3_2_2,2768,HACTION_SELECT6_1_3_2_2,2768,HTML_PAGE_SELECT6_1_3_2_2,select6_1_3_2_2,true
SELECT6_1_3_2_3,2769,HACTION_SELECT6_1_3_2_3,2769,HTML_PAGE_SELECT6_1_3_2_3,select6_1_3_2_3,true
SELECT6_1_3_2_4,2770,HACTION_SELECT6_1_3_2_4,2770,HTML_PAGE_SELECT6_1_3_2_4,select6_1_3_2_4,true
SELECT6_1_3_3,2771,HACTION_SELECT6_1_3_3,2771,HTML_PAGE_SELECT6_1_3_3,select6_1_3_3,true
SELECT6_1_3_3_1,2772,HACTION_SELECT6_1_3_3_1,2772,HTML_PAGE_SELECT6_1_3_3_1,select6_1_3_3_1,true
SELECT6_1_3_3_2,2773,HACTION_SELECT6_1_3_3_2,2773,HTML_PAGE_SELECT6_1_3_3_2,select6_1_3_3_2,true
SELECT6_1_3_3_3,2774,HACTION_SELECT6_1_3_3_3,2774,HTML_PAGE_SELECT6_1_3_3_3,select6_1_3_3_3,true
SELECT6_1_3_3_4,2775,HACTION_SELECT6_1_3_3_4,2775,HTML_PAGE_SELECT6_1_3_3_4,select6_1_3_3_4,true
SELECT6_1_3_4,2776,HACTION_SELECT6_1_3_4,2776,HTML_PAGE_SELECT6_1_3_4,select6_1_3_4,true
SELECT6_1_3_4_1,2777,HACTION_SELECT6_1_3_4_1,2777,HTML_PAGE_SELECT6_1_3_4_1,select6_1_3_4_1,true
SELECT6_1_3_4_2,2778,HACTION_SELECT6_1_3_4_2,2778,HTML_PAGE_SELECT6_1_3_4_2,select6_1_3_4_2,true
SELECT6_1_3_4_3,2779,HACTION_SELECT6_1_3_4_3,2779,HTML_PAGE_SELECT6_1_3_4_3,select6_1_3_4_3,true
SELECT6_1_3_4_4,2780,HACTION_SELECT6_1_3_4_4,2780,HTML_PAGE_SELECT6_1_3_4_4,select6_1_3_4_4,true
SELECT6_1_4,2781,HACTION_SELECT6_1_4,2781,HTML_PAGE_SELECT6_1_4,select6_1_4,true
SELECT6_1_4_1,2782,HACTION_SELECT6_1_4_1,2782,HTML_PAGE_SELECT6_1_4_1,select6_1_4_1,true
SELECT6_1_4_1_1,2783,HACTION_SELECT6_1_4_1_1,2783,HTML_PAGE_SELECT6_1_4_1_1,select6_1_4_1_1,true
SELECT6_1_4_1_2,2784,HACTION_SELECT6_1_4_1_2,2784,HTML_PAGE_SELECT6_1_4_1_2,select6_1_4_1_2,true
SELECT6_1_4_1_3,2785,HACTION_SELECT6_1_4_1_3,2785,HTML_PAGE_SELECT6_1_4_1_3,select6_1_4_1_3,true
SELECT6_1_4_1_4,2786,HACTION_SELECT6_1_4_1_4,2786,HTML_PAGE_SELECT6_1_4_1_4,select6_1_4_1_4,true
SELECT6_1_4_2,2787,HACTION_SELECT6_1_4_2,2787,HTML_PAGE_SELECT6_1_4_2,select6_1_4_2,true
SELECT6_1_4_2_1,2788,HACTION_SELECT6_1_4_2_1,2788,HTML_PAGE_SELECT6_1_4_2_1,select6_1_4_2_1,true
SELECT6_1_4_2_2,2789,HACTION_SELECT6_1_4_2_2,2789,HTML_PAGE_SELECT6_1_4_2_2,select6_1_4_2_2,true
SELECT6_1_4_2_3,2790,HACTION_SELECT6_1_4_2_3,2790,HTML_PAGE_SELECT6_1_4_2_3,select6_1_4_2_3,true
SELECT6_1_4_2_4,2791,HACTION_SELECT6_1_4_2_4,2791,HTML_PAGE_SELECT6_1_4_2_4,select6_1_4_2_4,true
SELECT6_1_4_3,2792,HACTION_SELECT6_1_4_3,2792,HTML_PAGE_SELECT6_1_4_3,select6_1_4_3,true
SELECT6_1_4_3_1,2793,HACTION_SELECT6_1_4_3_1,2793,HTML_PAGE_SELECT6_1_4_3_1,select6_1_4_3_1,true
SELECT6_1_4_3_2,2794,HACTION_SELECT6_1_4_3_2,2794,HTML_PAGE_SELECT6_1_4_3_2,select6_1_4_3_2,true
SELECT6_1_4_3_3,2795,HACTION_SELECT6_1_4_3_3,2795,HTML_PAGE_SELECT6_1_4_3_3,select6_1_4_3_3,true
SELECT6_1_4_3_4,2796,HACTION_SELECT6_1_4_3_4,2796,HTML_PAGE_SELECT6_1_4_3_4,select6_1_4_3_4,true
SELECT6_1_4_4,2797,HACTION_SELECT6_1_4_4,2797,HTML_PAGE_SELECT6_1_4_4,select6_1_4_4,true
SELECT6_1_4_4_1,2798,HACTION_SELECT6_1_4_4_1,2798,HTML_PAGE_SELECT6_1_4_4_1,select6_1_4_4_1,true
SELECT6_1_4_4_2,2799,HACTION_SELECT6_1_4_4_2,2799,HTML_PAGE_SELECT6_1_4_4_2,select6_1_4_4_2,true
SELECT6_1_4_4_3,2800,HACTION_SELECT6_1_4_4_3,2800,HTML_PAGE_SELECT6_1_4_4_3,select6_1_4_4_3,true
SELECT6_1_4_4_4,2801,HACTION_SELECT6_1_4_4_4,2801,HTML_PAGE_SELECT6_1_4_4_4,select6_1_4_4_4,true
SELECT6_2,2802,HACTION_SELECT6_2,2802,HTML_PAGE_SELECT6_2,select6_2,true
SELECT6_2_1,2803,HACTION_SELECT6_2_1,2803,HTML_PAGE_SELECT6_2_1,select6_2_1,true
SELECT6_2_1_1,2804,HACTION_SELECT6_2_1_1,2804,HTML_PAGE_SELECT6_2_1_1,select6_2_1_1,true
SELECT6_2_1_1_1,2805,HACTION_SELECT6_2_1_1_1,2805,HTML_PAGE_SELECT6_2_1_1_1,select6_2_1_1_1,true
SELECT6_2_1_1_2,2806,HACTION_SELECT6_2_1_1_2,2806,HTML_PAGE_SELECT6_2_1_1_2,select6_2_1_1_2,true
SELECT6_2_1_1_3,2807,HACTION_SELECT6_2_1_1_3,2807,HTML_PAGE_SELECT6_2_1_1_3,select6_2_1_1_3,true
SELECT6_2_1_1_4,2808,HACTION_SELECT6_2_1_1_4,2808,HTML_PAGE_SELECT6_2_1_1_4,select6_2_1_1_4,true
SELECT6_2_1_2,2809,HACTION_SELECT6_2_1_2,2809,HTML_PAGE_SELECT6_2_1_2,select6_2_1_2,true
SELECT6_2_1_2_1,2810,HACTION_SELECT6_2_1_2_1,2810,HTML_PAGE_SELECT6_2_1_2_1,select6_2_1_2_1,true
SELECT6_2_1_2_2,2811,HACTION_SELECT6_2_1_2_2,2811,HTML_PAGE_SELECT6_2_1_2_2,select6_2_1_2_2,true
SELECT6_2_1_2_3,2812,HACTION_SELECT6_2_1_2_3,2812,HTML_PAGE_SELECT6_2_1_2_3,select6_2_1_2_3,true
SELECT6_2_1_2_4,2813,HACTION_SELECT6_2_1_2_4,2813,HTML_PAGE_SELECT6_2_1_2_4,select6_2_1_2_4,true
SELECT6_2_1_3,2814,HACTION_SELECT6_2_1_3,2814,HTML_PAGE_SELECT6_2_1_3,select6_2_1_3,true
SELECT6_2_1_3_1,2815,HACTION_SELECT6_2_1_3_1,2815,HTML_PAGE_SELECT6_2_1_3_1,select6_2_1_3_1,true
SELECT6_2_1_3_2,2816,HACTION_SELECT6_2_1_3_2,2816,HTML_PAGE_SELECT6_2_1_3_2,select6_2_1_3_2,true
SELECT6_2_1_3_3,2817,HACTION_SELECT6_2_1_3_3,2817,HTML_PAGE_SELECT6_2_1_3_3,select6_2_1_3_3,true
SELECT6_2_1_3_4,2818,HACTION_SELECT6_2_1_3_4,2818,HTML_PAGE_SELECT6_2_1_3_4,select6_2_1_3_4,true
SELECT6_2_1_4,2819,HACTION_SELECT6_2_1_4,2819,HTML_PAGE_SELECT6_2_1_4,select6_2_1_4,true
SELECT6_2_1_4_1,2820,HACTION_SELECT6_2_1_4_1,2820,HTML_PAGE_SELECT6_2_1_4_1,select6_2_1_4_1,true
SELECT6_2_1_4_2,2821,HACTION_SELECT6_2_1_4_2,2821,HTML_PAGE_SELECT6_2_1_4_2,select6_2_1_4_2,true
SELECT6_2_1_4_3,2822,HACTION_SELECT6_2_1_4_3,2822,HTML_PAGE_SELECT6_2_1_4_3,select6_2_1_4_3,true
SELECT6_2_1_4_4,2823,HACTION_SELECT6_2_1_4_4,2823,HTML_PAGE_SELECT6_2_1_4_4,select6_2_1_4_4,true
SELECT6_2_2,2824,HACTION_SELECT6_2_2,2824,HTML_PAGE_SELECT6_2_2,select6_2_2,true
SELECT6_2_2_1,2825,HACTION_SELECT6_2_2_1,2825,HTML_PAGE_SELECT6_2_2_1,select6_2_2_1,true
SELECT6_2_2_1_1,2826,HACTION_SELECT6_2_2_1_1,2826,HTML_PAGE_SELECT6_2_2_1_1,select6_2_2_1_1,true
SELECT6_2_2_1_2,2827,HACTION_SELECT6_2_2_1_2,2827,HTML_PAGE_SELECT6_2_2_1_2,select6_2_2_1_2,true
SELECT6_2_2_1_3,2828,HACTION_SELECT6_2_2_1_3,2828,HTML_PAGE_SELECT6_2_2_1_3,select6_2_2_1_3,true
SELECT6_2_2_1_4,2829,HACTION_SELECT6_2_2_1_4,2829,HTML_PAGE_SELECT6_2_2_1_4,select6_2_2_1_4,true
SELECT6_2_2_2,2830,HACTION_SELECT6_2_2_2,2830,HTML_PAGE_SELECT6_2_2_2,select6_2_2_2,true
SELECT6_2_2_2_1,2831,HACTION_SELECT6_2_2_2_1,2831,HTML_PAGE_SELECT6_2_2_2_1,select6_2_2_2_1,true
SELECT6_2_2_2_2,2832,HACTION_SELECT6_2_2_2_2,2832,HTML_PAGE_SELECT6_2_2_2_2,select6_2_2_2_2,true
SELECT6_2_2_2_3,2833,HACTION_SELECT6_2_2_2_3,2833,HTML_PAGE_SELECT6_2_2_2_3,select6_2_2_2_3,true
SELECT6_2_2_2_4,2834,HACTION_SELECT6_2_2_2_4,2834,HTML_PAGE_SELECT6_2_2_2_4,select6_2_2_2_4,true
SELECT6_2_2_3,2835,HACTION_SELECT6_2_2_3,2835,HTML_PAGE_SELECT6_2_2_3,select6_2_2_3,true
SELECT6_2_2_3_1,2836,HACTION_SELECT6_2_2_3_1,2836,HTML_PAGE_SELECT6_2_2_3_1,select6_2_2_3_1,true
SELECT6_2_2_3_2,2837,HACTION_SELECT6_2_2_3_2,2837,HTML_PAGE_SELECT6_2_2_3_2,select6_2_2_3_2,true
SELECT6_2_2_3_3,2838,HACTION_SELECT6_2_2_3_3,2838,HTML_PAGE_SELECT6_2_2_3_3,select6_2_2_3_3,true
SELECT6_2_2_3_4,2839,HACTION_SELECT6_2_2_3_4,2839,HTML_PAGE_SELECT6_2_2_3_4,select6_2_2_3_4,true
SELECT6_2_2_4,2840,HACTION_SELECT6_2_2_4,2840,HTML_PAGE_SELECT6_2_2_4,select6_2_2_4,true
SELECT6_2_2_4_1,2841,HACTION_SELECT6_2_2_4_1,2841,HTML_PAGE_SELECT6_2_2_4_1,select6_2_2_4_1,true
SELECT6_2_2_4_2,2842,HACTION_SELECT6_2_2_4_2,2842,HTML_PAGE_SELECT6_2_2_4_2,select6_2_2_4_2,true
SELECT6_2_2_4_3,2843,HACTION_SELECT6_2_2_4_3,2843,HTML_PAGE_SELECT6_2_2_4_3,select6_2_2_4_3,true
SELECT6_2_2_4_4,2844,HACTION_SELECT6_2_2_4_4,2844,HTML_PAGE_SELECT6_2_2_4_4,select6_2_2_4_4,true
SELECT6_2_3,2845,HACTION_SELECT6_2_3,2845,HTML_PAGE_SELECT6_2_3,select6_2_3,true
SELECT6_2_3_1,2846,HACTION_SELECT6_2_3_1,2846,HTML_PAGE_SELECT6_2_3_1,select6_2_3_1,true
SELECT6_2_3_1_1,2847,HACTION_SELECT6_2_3_1_1,2847,HTML_PAGE_SELECT6_2_3_1_1,select6_2_3_1_1,true
SELECT6_2_3_1_2,2848,HACTION_SELECT6_2_3_1_2,2848,HTML_PAGE_SELECT6_2_3_1_2,select6_2_3_1_2,true
SELECT6_2_3_1_3,2849,HACTION_SELECT6_2_3_1_3,2849,HTML_PAGE_SELECT6_2_3_1_3,select6_2_3_1_3,true
SELECT6_2_3_1_4,2850,HACTION_SELECT6_2_3_1_4,2850,HTML_PAGE_SELECT6_2_3_1_4,select6_2_3_1_4,true
SELECT6_2_3_2,2851,HACTION_SELECT6_2_3_2,2851,HTML_PAGE_SELECT6_2_3_2,select6_2_3_2,true
SELECT6_2_3_2_1,2852,HACTION_SELECT6_2_3_2_1,2852,HTML_PAGE_SELECT6_2_3_2_1,select6_2_3_2_1,true
SELECT6_2_3_2_2,2853,HACTION_SELECT6_2_3_2_2,2853,HTML_PAGE_SELECT6_2_3_2_2,select6_2_3_2_2,true
SELECT6_2_3_2_3,2854,HACTION_SELECT6_2_3_2_3,2854,HTML_PAGE_SELECT6_2_3_2_3,select6_2_3_2_3,true
SELECT6_2_3_2_4,2855,HACTION_SELECT6_2_3_2_4,2855,HTML_PAGE_SELECT6_2_3_2_4,select6_2_3_2_4,true
SELECT6_2_3_3,2856,HACTION_SELECT6_2_3_3,2856,HTML_PAGE_SELECT6_2_3_3,select6_2_3_3,true
SELECT6_2_3_3_1,2857,HACTION_SELECT6_2_3_3_1,2857,HTML_PAGE_SELECT6_2_3_3_1,select6_2_3_3_1,true
SELECT6_2_3_3_2,2858,HACTION_SELECT6_2_3_3_2,2858,HTML_PAGE_SELECT6_2_3_3_2,select6_2_3_3_2,true
SELECT6_2_3_3_3,2859,HACTION_SELECT6_2_3_3_3,2859,HTML_PAGE_SELECT6_2_3_3_3,select6_2_3_3_3,true
SELECT6_2_3_3_4,2860,HACTION_SELECT6_2_3_3_4,2860,HTML_PAGE_SELECT6_2_3_3_4,select6_2_3_3_4,true
SELECT6_2_3_4,2861,HACTION_SELECT6_2_3_4,2861,HTML_PAGE_SELECT6_2_3_4,select6_2_3_4,true
SELECT6_2_3_4_1,2862,HACTION_SELECT6_2_3_4_1,2862,HTML_PAGE_SELECT6_2_3_4_1,select6_2_3_4_1,true
SELECT6_2_3_4_2,2863,HACTION_SELECT6_2_3_4_2,2863,HTML_PAGE_SELECT6_2_3_4_2,select6_2_3_4_2,true
SELECT6_2_3_4_3,2864,HACTION_SELECT6_2_3_4_3,2864,HTML_PAGE_SELECT6_2_3_4_3,select6_2_3_4_3,true
SELECT6_2_3_4_4,2865,HACTION_SELECT6_2_3_4_4,2865,HTML_PAGE_SELECT6_2_3_4_4,select6_2_3_4_4,true
SELECT6_2_4,2866,HACTION_SELECT6_2_4,2866,HTML_PAGE_SELECT6_2_4,select6_2_4,true
SELECT6_2_4_1,2867,HACTION_SELECT6_2_4_1,2867,HTML_PAGE_SELECT6_2_4_1,select6_2_4_1,true
SELECT6_2_4_1_1,2868,HACTION_SELECT6_2_4_1_1,2868,HTML_PAGE_SELECT6_2_4_1_1,select6_2_4_1_1,true
SELECT6_2_4_1_2,2869,HACTION_SELECT6_2_4_1_2,2869,HTML_PAGE_SELECT6_2_4_1_2,select6_2_4_1_2,true
SELECT6_2_4_1_3,2870,HACTION_SELECT6_2_4_1_3,2870,HTML_PAGE_SELECT6_2_4_1_3,select6_2_4_1_3,true
SELECT6_2_4_1_4,2871,HACTION_SELECT6_2_4_1_4,2871,HTML_PAGE_SELECT6_2_4_1_4,select6_2_4_1_4,true
SELECT6_2_4_2,2872,HACTION_SELECT6_2_4_2,2872,HTML_PAGE_SELECT6_2_4_2,select6_2_4_2,true
SELECT6_2_4_2_1,2873,HACTION_SELECT6_2_4_2_1,2873,HTML_PAGE_SELECT6_2_4_2_1,select6_2_4_2_1,true
SELECT6_2_4_2_2,2874,HACTION_SELECT6_2_4_2_2,2874,HTML_PAGE_SELECT6_2_4_2_2,select6_2_4_2_2,true
SELECT6_2_4_2_3,2875,HACTION_SELECT6_2_4_2_3,2875,HTML_PAGE_SELECT6_2_4_2_3,select6_2_4_2_3,true
SELECT6_2_4_2_4,2876,HACTION_SELECT6_2_4_2_4,2876,HTML_PAGE_SELECT6_2_4_2_4,select6_2_4_2_4,true
SELECT6_2_4_3,2877,HACTION_SELECT6_2_4_3,2877,HTML_PAGE_SELECT6_2_4_3,select6_2_4_3,true
SELECT6_2_4_3_1,2878,HACTION_SELECT6_2_4_3_1,2878,HTML_PAGE_SELECT6_2_4_3_1,select6_2_4_3_1,true
SELECT6_2_4_3_2,2879,HACTION_SELECT6_2_4_3_2,2879,HTML_PAGE_SELECT6_2_4_3_2,select6_2_4_3_2,true
SELECT6_2_4_3_3,2880,HACTION_SELECT6_2_4_3_3,2880,HTML_PAGE_SELECT6_2_4_3_3,select6_2_4_3_3,true
SELECT6_2_4_3_4,2881,HACTION_SELECT6_2_4_3_4,2881,HTML_PAGE_SELECT6_2_4_3_4,select6_2_4_3_4,true
SELECT6_2_4_4,2882,HACTION_SELECT6_2_4_4,2882,HTML_PAGE_SELECT6_2_4_4,select6_2_4_4,true
SELECT6_2_4_4_1,2883,HACTION_SELECT6_2_4_4_1,2883,HTML_PAGE_SELECT6_2_4_4_1,select6_2_4_4_1,true
SELECT6_2_4_4_2,2884,HACTION_SELECT6_2_4_4_2,2884,HTML_PAGE_SELECT6_2_4_4_2,select6_2_4_4_2,true
SELECT6_2_4_4_3,2885,HACTION_SELECT6_2_4_4_3,2885,HTML_PAGE_SELECT6_2_4_4_3,select6_2_4_4_3,true
SELECT6_2_4_4_4,2886,HACTION_SELECT6_2_4_4_4,2886,HTML_PAGE_SELECT6_2_4_4_4,select6_2_4_4_4,true
SELECT6_3,2887,HACTION_SELECT6_3,2887,HTML_PAGE_SELECT6_3,select6_3,true
SELECT6_3_1,2888,HACTION_SELECT6_3_1,2888,HTML_PAGE_SELECT6_3_1,select6_3_1,true
SELECT6_3_1_1,2889,HACTION_SELECT6_3_1_1,2889,HTML_PAGE_SELECT6_3_1_1,select6_3_1_1,true
SELECT6_3_1_1_1,2890,HACTION_SELECT6_3_1_1_1,2890,HTML_PAGE_SELECT6_3_1_1_1,select6_3_1_1_1,true
SELECT6_3_1_1_2,2891,HACTION_SELECT6_3_1_1_2,2891,HTML_PAGE_SELECT6_3_1_1_2,select6_3_1_1_2,true
SELECT6_3_1_1_3,2892,HACTION_SELECT6_3_1_1_3,2892,HTML_PAGE_SELECT6_3_1_1_3,select6_3_1_1_3,true
SELECT6_3_1_1_4,2893,HACTION_SELECT6_3_1_1_4,2893,HTML_PAGE_SELECT6_3_1_1_4,select6_3_1_1_4,true
SELECT6_3_1_2,2894,HACTION_SELECT6_3_1_2,2894,HTML_PAGE_SELECT6_3_1_2,select6_3_1_2,true
SELECT6_3_1_2_1,2895,HACTION_SELECT6_3_1_2_1,2895,HTML_PAGE_SELECT6_3_1_2_1,select6_3_1_2_1,true
SELECT6_3_1_2_2,2896,HACTION_SELECT6_3_1_2_2,2896,HTML_PAGE_SELECT6_3_1_2_2,select6_3_1_2_2,true
SELECT6_3_1_2_3,2897,HACTION_SELECT6_3_1_2_3,2897,HTML_PAGE_SELECT6_3_1_2_3,select6_3_1_2_3,true
SELECT6_3_1_2_4,2898,HACTION_SELECT6_3_1_2_4,2898,HTML_PAGE_SELECT6_3_1_2_4,select6_3_1_2_4,true
SELECT6_3_1_3,2899,HACTION_SELECT6_3_1_3,2899,HTML_PAGE_SELECT6_3_1_3,select6_3_1_3,true
SELECT6_3_1_3_1,2900,HACTION_SELECT6_3_1_3_1,2900,HTML_PAGE_SELECT6_3_1_3_1,select6_3_1_3_1,true
SELECT6_3_1_3_2,2901,HACTION_SELECT6_3_1_3_2,2901,HTML_PAGE_SELECT6_3_1_3_2,select6_3_1_3_2,true
SELECT6_3_1_3_3,2902,HACTION_SELECT6_3_1_3_3,2902,HTML_PAGE_SELECT6_3_1_3_3,select6_3_1_3_3,true
SELECT6_3_1_3_4,2903,HACTION_SELECT6_3_1_3_4,2903,HTML_PAGE_SELECT6_3_1_3_4,select6_3_1_3_4,true
SELECT6_3_1_4,2904,HACTION_SELECT6_3_1_4,2904,HTML_PAGE_SELECT6_3_1_4,select6_3_1_4,true
SELECT6_3_1_4_1,2905,HACTION_SELECT6_3_1_4_1,2905,HTML_PAGE_SELECT6_3_1_4_1,select6_3_1_4_1,true
SELECT6_3_1_4_2,2906,HACTION_SELECT6_3_1_4_2,2906,HTML_PAGE_SELECT6_3_1_4_2,select6_3_1_4_2,true
SELECT6_3_1_4_3,2907,HACTION_SELECT6_3_1_4_3,2907,HTML_PAGE_SELECT6_3_1_4_3,select6_3_1_4_3,true
SELECT6_3_1_4_4,2908,HACTION_SELECT6_3_1_4_4,2908,HTML_PAGE_SELECT6_3_1_4_4,select6_3_1_4_4,true
SELECT6_3_2,2909,HACTION_SELECT6_3_2,2909,HTML_PAGE_SELECT6_3_2,select6_3_2,true
SELECT6_3_2_1,2910,HACTION_SELECT6_3_2_1,2910,HTML_PAGE_SELECT6_3_2_1,select6_3_2_1,true
SELECT6_3_2_1_1,2911,HACTION_SELECT6_3_2_1_1,2911,HTML_PAGE_SELECT6_3_2_1_1,select6_3_2_1_1,true
SELECT6_3_2_1_2,2912,HACTION_SELECT6_3_2_1_2,2912,HTML_PAGE_SELECT6_3_2_1_2,select6_3_2_1_2,true
SELECT6_3_2_1_3,2913,HACTION_SELECT6_3_2_1_3,2913,HTML_PAGE_SELECT6_3_2_1_3,select6_3_2_1_3,true
SELECT6_3_2_1_4,2914,HACTION_SELECT6_3_2_1_4,2914,HTML_PAGE_SELECT6_3_2_1_4,select6_3_2_1_4,true
SELECT6_3_2_2,2915,HACTION_SELECT6_3_2_2,2915,HTML_PAGE_SELECT6_3_2_2,select6_3_2_2,true
SELECT6_3_2_2_1,2916,HACTION_SELECT6_3_2_2_1,2916,HTML_PAGE_SELECT6_3_2_2_1,select6_3_2_2_1,true
SELECT6_3_2_2_2,2917,HACTION_SELECT6_3_2_2_2,2917,HTML_PAGE_SELECT6_3_2_2_2,select6_3_2_2_2,true
SELECT6_3_2_2_3,2918,HACTION_SELECT6_3_2_2_3,2918,HTML_PAGE_SELECT6_3_2_2_3,select6_3_2_2_3,true
SELECT6_3_2_2_4,2919,HACTION_SELECT6_3_2_2_4,2919,HTML_PAGE_SELECT6_3_2_2_4,select6_3_2_2_4,true
SELECT6_3_2_3,2920,HACTION_SELECT6_3_2_3,2920,HTML_PAGE_SELECT6_3_2_3,select6_3_2_3,true
SELECT6_3_2_3_1,2921,HACTION_SELECT6_3_2_3_1,2921,HTML_PAGE_SELECT6_3_2_3_1,select6_3_2_3_1,true
SELECT6_3_2_3_2,2922,HACTION_SELECT6_3_2_3_2,2922,HTML_PAGE_SELECT6_3_2_3_2,select6_3_2_3_2,true
SELECT6_3_2_3_3,2923,HACTION_SELECT6_3_2_3_3,2923,HTML_PAGE_SELECT6_3_2_3_3,select6_3_2_3_3,true
SELECT6_3_2_3_4,2924,HACTION_SELECT6_3_2_3_4,2924,HTML_PAGE_SELECT6_3_2_3_4,select6_3_2_3_4,true
SELECT6_3_2_4,2925,HACTION_SELECT6_3_2_4,2925,HTML_PAGE_SELECT6_3_2_4,select6_3_2_4,true
SELECT6_3_2_4_1,2926,HACTION_SELECT6_3_2_4_1,2926,HTML_PAGE_SELECT6_3_2_4_1,select6_3_2_4_1,true
SELECT6_3_2_4_2,2927,HACTION_SELECT6_3_2_4_2,2927,HTML_PAGE_SELECT6_3_2_4_2,select6_3_2_4_2,true
SELECT6_3_2_4_3,2928,HACTION_SELECT6_3_2_4_3,2928,HTML_PAGE_SELECT6_3_2_4_3,select6_3_2_4_3,true
SELECT6_3_2_4_4,2929,HACTION_SELECT6_3_2_4_4,2929,HTML_PAGE_SELECT6_3_2_4_4,select6_3_2_4_4,true
SELECT6_3_3,2930,HACTION_SELECT6_3_3,2930,HTML_PAGE_SELECT6_3_3,select6_3_3,true
SELECT6_3_3_1,2931,HACTION_SELECT6_3_3_1,2931,HTML_PAGE_SELECT6_3_3_1,select6_3_3_1,true
SELECT6_3_3_1_1,2932,HACTION_SELECT6_3_3_1_1,2932,HTML_PAGE_SELECT6_3_3_1_1,select6_3_3_1_1,true
SELECT6_3_3_1_2,2933,HACTION_SELECT6_3_3_1_2,2933,HTML_PAGE_SELECT6_3_3_1_2,select6_3_3_1_2,true
SELECT6_3_3_1_3,2934,HACTION_SELECT6_3_3_1_3,2934,HTML_PAGE_SELECT6_3_3_1_3,select6_3_3_1_3,true
SELECT6_3_3_1_4,2935,HACTION_SELECT6_3_3_1_4,2935,HTML_PAGE_SELECT6_3_3_1_4,select6_3_3_1_4,true
SELECT6_3_3_2,2936,HACTION_SELECT6_3_3_2,2936,HTML_PAGE_SELECT6_3_3_2,select6_3_3_2,true
SELECT6_3_3_2_1,2937,HACTION_SELECT6_3_3_2_1,2937,HTML_PAGE_SELECT6_3_3_2_1,select6_3_3_2_1,true
SELECT6_3_3_2_2,2938,HACTION_SELECT6_3_3_2_2,2938,HTML_PAGE_SELECT6_3_3_2_2,select6_3_3_2_2,true
SELECT6_3_3_2_3,2939,HACTION_SELECT6_3_3_2_3,2939,HTML_PAGE_SELECT6_3_3_2_3,select6_3_3_2_3,true
SELECT6_3_3_2_4,2940,HACTION_SELECT6_3_3_2_4,2940,HTML_PAGE_SELECT6_3_3_2_4,select6_3_3_2_4,true
SELECT6_3_3_3,2941,HACTION_SELECT6_3_3_3,2941,HTML_PAGE_SELECT6_3_3_3,select6_3_3_3,true
SELECT6_3_3_3_1,2942,HACTION_SELECT6_3_3_3_1,2942,HTML_PAGE_SELECT6_3_3_3_1,select6_3_3_3_1,true
SELECT6_3_3_3_2,2943,HACTION_SELECT6_3_3_3_2,2943,HTML_PAGE_SELECT6_3_3_3_2,select6_3_3_3_2,true
SELECT6_3_3_3_3,2944,HACTION_SELECT6_3_3_3_3,2944,HTML_PAGE_SELECT6_3_3_3_3,select6_3_3_3_3,true
SELECT6_3_3_3_4,2945,HACTION_SELECT6_3_3_3_4,2945,HTML_PAGE_SELECT6_3_3_3_4,select6_3_3_3_4,true
SELECT6_3_3_4,2946,HACTION_SELECT6_3_3_4,2946,HTML_PAGE_SELECT6_3_3_4,select6_3_3_4,true
SELECT6_3_3_4_1,2947,HACTION_SELECT6_3_3_4_1,2947,HTML_PAGE_SELECT6_3_3_4_1,select6_3_3_4_1,true
SELECT6_3_3_4_2,2948,HACTION_SELECT6_3_3_4_2,2948,HTML_PAGE_SELECT6_3_3_4_2,select6_3_3_4_2,true
SELECT6_3_3_4_3,2949,HACTION_SELECT6_3_3_4_3,2949,HTML_PAGE_SELECT6_3_3_4_3,select6_3_3_4_3,true
SELECT6_3_3_4_4,2950,HACTION_SELECT6_3_3_4_4,2950,HTML_PAGE_SELECT6_3_3_4_4,select6_3_3_4_4,true
SELECT6_3_4,2951,HACTION_SELECT6_3_4,2951,HTML_PAGE_SELECT6_3_4,select6_3_4,true
SELECT6_3_4_1,2952,HACTION_SELECT6_3_4_1,2952,HTML_PAGE_SELECT6_3_4_1,select6_3_4_1,true
SELECT6_3_4_1_1,2953,HACTION_SELECT6_3_4_1_1,2953,HTML_PAGE_SELECT6_3_4_1_1,select6_3_4_1_1,true
SELECT6_3_4_1_2,2954,HACTION_SELECT6_3_4_1_2,2954,HTML_PAGE_SELECT6_3_4_1_2,select6_3_4_1_2,true
SELECT6_3_4_1_3,2955,HACTION_SELECT6_3_4_1_3,2955,HTML_PAGE_SELECT6_3_4_1_3,select6_3_4_1_3,true
SELECT6_3_4_1_4,2956,HACTION_SELECT6_3_4_1_4,2956,HTML_PAGE_SELECT6_3_4_1_4,select6_3_4_1_4,true
SELECT6_3_4_2,2957,HACTION_SELECT6_3_4_2,2957,HTML_PAGE_SELECT6_3_4_2,select6_3_4_2,true
SELECT6_3_4_2_1,2958,HACTION_SELECT6_3_4_2_1,2958,HTML_PAGE_SELECT6_3_4_2_1,select6_3_4_2_1,true
SELECT6_3_4_2_2,2959,HACTION_SELECT6_3_4_2_2,2959,HTML_PAGE_SELECT6_3_4_2_2,select6_3_4_2_2,true
SELECT6_3_4_2_3,2960,HACTION_SELECT6_3_4_2_3,2960,HTML_PAGE_SELECT6_3_4_2_3,select6_3_4_2_3,true
SELECT6_3_4_2_4,2961,HACTION_SELECT6_3_4_2_4,2961,HTML_PAGE_SELECT6_3_4_2_4,select6_3_4_2_4,true
SELECT6_3_4_3,2962,HACTION_SELECT6_3_4_3,2962,HTML_PAGE_SELECT6_3_4_3,select6_3_4_3,true
SELECT6_3_4_3_1,2963,HACTION_SELECT6_3_4_3_1,2963,HTML_PAGE_SELECT6_3_4_3_1,select6_3_4_3_1,true
SELECT6_3_4_3_2,2964,HACTION_SELECT6_3_4_3_2,2964,HTML_PAGE_SELECT6_3_4_3_2,select6_3_4_3_2,true
SELECT6_3_4_3_3,2965,HACTION_SELECT6_3_4_3_3,2965,HTML_PAGE_SELECT6_3_4_3_3,select6_3_4_3_3,true
SELECT6_3_4_3_4,2966,HACTION_SELECT6_3_4_3_4,2966,HTML_PAGE_SELECT6_3_4_3_4,select6_3_4_3_4,true
SELECT6_3_4_4,2967,HACTION_SELECT6_3_4_4,2967,HTML_PAGE_SELECT6_3_4_4,select6_3_4_4,true
SELECT6_3_4_4_1,2968,HACTION_SELECT6_3_4_4_1,2968,HTML_PAGE_SELECT6_3_4_4_1,select6_3_4_4_1,true
SELECT6_3_4_4_2,2969,HACTION_SELECT6_3_4_4_2,2969,HTML_PAGE_SELECT6_3_4_4_2,select6_3_4_4_2,true
SELECT6_3_4_4_3,2970,HACTION_SELECT6_3_4_4_3,2970,HTML_PAGE_SELECT6_3_4_4_3,select6_3_4_4_3,true
SELECT6_3_4_4_4,2971,HACTION_SELECT6_3_4_4_4,2971,HTML_PAGE_SELECT6_3_4_4_4,select6_3_4_4_4,true
SELECT6_4,2972,HACTION_SELECT6_4,2972,HTML_PAGE_SELECT6_4,select6_4,true
SELECT6_4_1,2973,HACTION_SELECT6_4_1,2973,HTML_PAGE_SELECT6_4_1,select6_4_1,true
SELECT6_4_1_1,2974,HACTION_SELECT6_4_1_1,2974,HTML_PAGE_SELECT6_4_1_1,select6_4_1_1,true
SELECT6_4_1_1_1,2975,HACTION_SELECT6_4_1_1_1,2975,HTML_PAGE_SELECT6_4_1_1_1,select6_4_1_1_1,true
SELECT6_4_1_1_2,2976,HACTION_SELECT6_4_1_1_2,2976,HTML_PAGE_SELECT6_4_1_1_2,select6_4_1_1_2,true
SELECT6_4_1_1_3,2977,HACTION_SELECT6_4_1_1_3,2977,HTML_PAGE_SELECT6_4_1_1_3,select6_4_1_1_3,true
SELECT6_4_1_1_4,2978,HACTION_SELECT6_4_1_1_4,2978,HTML_PAGE_SELECT6_4_1_1_4,select6_4_1_1_4,true
SELECT6_4_1_2,2979,HACTION_SELECT6_4_1_2,2979,HTML_PAGE_SELECT6_4_1_2,select6_4_1_2,true
SELECT6_4_1_2_1,2980,HACTION_SELECT6_4_1_2_1,2980,HTML_PAGE_SELECT6_4_1_2_1,select6_4_1_2_1,true
SELECT6_4_1_2_2,2981,HACTION_SELECT6_4_1_2_2,2981,HTML_PAGE_SELECT6_4_1_2_2,select6_4_1_2_2,true
SELECT6_4_1_2_3,2982,HACTION_SELECT6_4_1_2_3,2982,HTML_PAGE_SELECT6_4_1_2_3,select6_4_1_2_3,true
SELECT6_4_1_2_4,2983,HACTION_SELECT6_4_1_2_4,2983,HTML_PAGE_SELECT6_4_1_2_4,select6_4_1_2_4,true
SELECT6_4_1_3,2984,HACTION_SELECT6_4_1_3,2984,HTML_PAGE_SELECT6_4_1_3,select6_4_1_3,true
SELECT6_4_1_3_1,2985,HACTION_SELECT6_4_1_3_1,2985,HTML_PAGE_SELECT6_4_1_3_1,select6_4_1_3_1,true
SELECT6_4_1_3_2,2986,HACTION_SELECT6_4_1_3_2,2986,HTML_PAGE_SELECT6_4_1_3_2,select6_4_1_3_2,true
SELECT6_4_1_3_3,2987,HACTION_SELECT6_4_1_3_3,2987,HTML_PAGE_SELECT6_4_1_3_3,select6_4_1_3_3,true
SELECT6_4_1_3_4,2988,HACTION_SELECT6_4_1_3_4,2988,HTML_PAGE_SELECT6_4_1_3_4,select6_4_1_3_4,true
SELECT6_4_1_4,2989,HACTION_SELECT6_4_1_4,2989,HTML_PAGE_SELECT6_4_1_4,select6_4_1_4,true
SELECT6_4_1_4_1,2990,HACTION_SELECT6_4_1_4_1,2990,HTML_PAGE_SELECT6_4_1_4_1,select6_4_1_4_1,true
SELECT6_4_1_4_2,2991,HACTION_SELECT6_4_1_4_2,2991,HTML_PAGE_SELECT6_4_1_4_2,select6_4_1_4_2,true
SELECT6_4_1_4_3,2992,HACTION_SELECT6_4_1_4_3,2992,HTML_PAGE_SELECT6_4_1_4_3,select6_4_1_4_3,true
SELECT6_4_1_4_4,2993,HACTION_SELECT6_4_1_4_4,2993,HTML_PAGE_SELECT6_4_1_4_4,select6_4_1_4_4,true
SELECT6_4_2,2994,HACTION_SELECT6_4_2,2994,HTML_PAGE_SELECT6_4_2,select6_4_2,true
SELECT6_4_2_1,2995,HACTION_SELECT6_4_2_1,2995,HTML_PAGE_SELECT6_4_2_1,select6_4_2_1,true
SELECT6_4_2_1_1,2996,HACTION_SELECT6_4_2_1_1,2996,HTML_PAGE_SELECT6_4_2_1_1,select6_4_2_1_1,true
SELECT6_4_2_1_2,2997,HACTION_SELECT6_4_2_1_2,2997,HTML_PAGE_SELECT6_4_2_1_2,select6_4_2_1_2,true
SELECT6_4_2_1_3,2998,HACTION_SELECT6_4_2_1_3,2998,HTML_PAGE_SELECT6_4_2_1_3,select6_4_2_1_3,true
SELECT6_4_2_1_4,2999,HACTION_SELECT6_4_2_1_4,2999,HTML_PAGE_SELECT6_4_2_1_4,select6_4_2_1_4,true
SELECT6_4_2_2,3000,HACTION_SELECT6_4_2_2,3000,HTML_PAGE_SELECT6_4_2_2,select6_4_2_2,true
SELECT6_4_2_2_1,3001,HACTION_SELECT6_4_2_2_1,3001,HTML_PAGE_SELECT6_4_2_2_1,select6_4_2_2_1,true
SELECT6_4_2_2_2,3002,HACTION_SELECT6_4_2_2_2,3002,HTML_PAGE_SELECT6_4_2_2_2,select6_4_2_2_2,true
SELECT6_4_2_2_3,3003,HACTION_SELECT6_4_2_2_3,3003,HTML_PAGE_SELECT6_4_2_2_3,select6_4_2_2_3,true
SELECT6_4_2_2_4,3004,HACTION_SELECT6_4_2_2_4,3004,HTML_PAGE_SELECT6_4_2_2_4,select6_4_2_2_4,true
SELECT6_4_2_3,3005,HACTION_SELECT6_4_2_3,3005,HTML_PAGE_SELECT6_4_2_3,select6_4_2_3,true
SELECT6_4_2_3_1,3006,HACTION_SELECT6_4_2_3_1,3006,HTML_PAGE_SELECT6_4_2_3_1,select6_4_2_3_1,true
SELECT6_4_2_3_2,3007,HACTION_SELECT6_4_2_3_2,3007,HTML_PAGE_SELECT6_4_2_3_2,select6_4_2_3_2,true
SELECT6_4_2_3_3,3008,HACTION_SELECT6_4_2_3_3,3008,HTML_PAGE_SELECT6_4_2_3_3,select6_4_2_3_3,true
SELECT6_4_2_3_4,3009,HACTION_SELECT6_4_2_3_4,3009,HTML_PAGE_SELECT6_4_2_3_4,select6_4_2_3_4,true
SELECT6_4_2_4,3010,HACTION_SELECT6_4_2_4,3010,HTML_PAGE_SELECT6_4_2_4,select6_4_2_4,true
SELECT6_4_2_4_1,3011,HACTION_SELECT6_4_2_4_1,3011,HTML_PAGE_SELECT6_4_2_4_1,select6_4_2_4_1,true
SELECT6_4_2_4_2,3012,HACTION_SELECT6_4_2_4_2,3012,HTML_PAGE_SELECT6_4_2_4_2,select6_4_2_4_2,true
SELECT6_4_2_4_3,3013,HACTION_SELECT6_4_2_4_3,3013,HTML_PAGE_SELECT6_4_2_4_3,select6_4_2_4_3,true
SELECT6_4_2_4_4,3014,HACTION_SELECT6_4_2_4_4,3014,HTML_PAGE_SELECT6_4_2_4_4,select6_4_2_4_4,true
SELECT6_4_3,3015,HACTION_SELECT6_4_3,3015,HTML_PAGE_SELECT6_4_3,select6_4_3,true
SELECT6_4_3_1,3016,HACTION_SELECT6_4_3_1,3016,HTML_PAGE_SELECT6_4_3_1,select6_4_3_1,true
SELECT6_4_3_1_1,3017,HACTION_SELECT6_4_3_1_1,3017,HTML_PAGE_SELECT6_4_3_1_1,select6_4_3_1_1,true
SELECT6_4_3_1_2,3018,HACTION_SELECT6_4_3_1_2,3018,HTML_PAGE_SELECT6_4_3_1_2,select6_4_3_1_2,true
SELECT6_4_3_1_3,3019,HACTION_SELECT6_4_3_1_3,3019,HTML_PAGE_SELECT6_4_3_1_3,select6_4_3_1_3,true
SELECT6_4_3_1_4,3020,HACTION_SELECT6_4_3_1_4,3020,HTML_PAGE_SELECT6_4_3_1_4,select6_4_3_1_4,true
SELECT6_4_3_2,3021,HACTION_SELECT6_4_3_2,3021,HTML_PAGE_SELECT6_4_3_2,select6_4_3_2,true
SELECT6_4_3_2_1,3022,HACTION_SELECT6_4_3_2_1,3022,HTML_PAGE_SELECT6_4_3_2_1,select6_4_3_2_1,true
SELECT6_4_3_2_2,3023,HACTION_SELECT6_4_3_2_2,3023,HTML_PAGE_SELECT6_4_3_2_2,select6_4_3_2_2,true
SELECT6_4_3_2_3,3024,HACTION_SELECT6_4_3_2_3,3024,HTML_PAGE_SELECT6_4_3_2_3,select6_4_3_2_3,true
SELECT6_4_3_2_4,3025,HACTION_SELECT6_4_3_2_4,3025,HTML_PAGE_SELECT6_4_3_2_4,select6_4_3_2_4,true
SELECT6_4_3_3,3026,HACTION_SELECT6_4_3_3,3026,HTML_PAGE_SELECT6_4_3_3,select6_4_3_3,true
SELECT6_4_3_3_1,3027,HACTION_SELECT6_4_3_3_1,3027,HTML_PAGE_SELECT6_4_3_3_1,select6_4_3_3_1,true
SELECT6_4_3_3_2,3028,HACTION_SELECT6_4_3_3_2,3028,HTML_PAGE_SELECT6_4_3_3_2,select6_4_3_3_2,true
SELECT6_4_3_3_3,3029,HACTION_SELECT6_4_3_3_3,3029,HTML_PAGE_SELECT6_4_3_3_3,select6_4_3_3_3,true
SELECT6_4_3_3_4,3030,HACTION_SELECT6_4_3_3_4,3030,HTML_PAGE_SELECT6_4_3_3_4,select6_4_3_3_4,true
SELECT6_4_3_4,3031,HACTION_SELECT6_4_3_4,3031,HTML_PAGE_SELECT6_4_3_4,select6_4_3_4,true
SELECT6_4_3_4_1,3032,HACTION_SELECT6_4_3_4_1,3032,HTML_PAGE_SELECT6_4_3_4_1,select6_4_3_4_1,true
SELECT6_4_3_4_2,3033,HACTION_SELECT6_4_3_4_2,3033,HTML_PAGE_SELECT6_4_3_4_2,select6_4_3_4_2,true
SELECT6_4_3_4_3,3034,HACTION_SELECT6_4_3_4_3,3034,HTML_PAGE_SELECT6_4_3_4_3,select6_4_3_4_3,true
SELECT6_4_3_4_4,3035,HACTION_SELECT6_4_3_4_4,3035,HTML_PAGE_SELECT6_4_3_4_4,select6_4_3_4_4,true
SELECT6_4_4,3036,HACTION_SELECT6_4_4,3036,HTML_PAGE_SELECT6_4_4,select6_4_4,true
SELECT6_4_4_1,3037,HACTION_SELECT6_4_4_1,3037,HTML_PAGE_SELECT6_4_4_1,select6_4_4_1,true
SELECT6_4_4_1_1,3038,HACTION_SELECT6_4_4_1_1,3038,HTML_PAGE_SELECT6_4_4_1_1,select6_4_4_1_1,true
SELECT6_4_4_1_2,3039,HACTION_SELECT6_4_4_1_2,3039,HTML_PAGE_SELECT6_4_4_1_2,select6_4_4_1_2,true
SELECT6_4_4_1_3,3040,HACTION_SELECT6_4_4_1_3,3040,HTML_PAGE_SELECT6_4_4_1_3,select6_4_4_1_3,true
SELECT6_4_4_1_4,3041,HACTION_SELECT6_4_4_1_4,3041,HTML_PAGE_SELECT6_4_4_1_4,select6_4_4_1_4,true
SELECT6_4_4_2,3042,HACTION_SELECT6_4_4_2,3042,HTML_PAGE_SELECT6_4_4_2,select6_4_4_2,true
SELECT6_4_4_2_1,3043,HACTION_SELECT6_4_4_2_1,3043,HTML_PAGE_SELECT6_4_4_2_1,select6_4_4_2_1,true
SELECT6_4_4_2_2,3044,HACTION_SELECT6_4_4_2_2,3044,HTML_PAGE_SELECT6_4_4_2_2,select6_4_4_2_2,true
SELECT6_4_4_2_3,3045,HACTION_SELECT6_4_4_2_3,3045,HTML_PAGE_SELECT6_4_4_2_3,select6_4_4_2_3,true
SELECT6_4_4_2_4,3046,HACTION_SELECT6_4_4_2_4,3046,HTML_PAGE_SELECT6_4_4_2_4,select6_4_4_2_4,true
SELECT6_4_4_3,3047,HACTION_SELECT6_4_4_3,3047,HTML_PAGE_SELECT6_4_4_3,select6_4_4_3,true
SELECT6_4_4_3_1,3048,HACTION_SELECT6_4_4_3_1,3048,HTML_PAGE_SELECT6_4_4_3_1,select6_4_4_3_1,true
SELECT6_4_4_3_2,3049,HACTION_SELECT6_4_4_3_2,3049,HTML_PAGE_SELECT6_4_4_3_2,select6_4_4_3_2,true
SELECT6_4_4_3_3,3050,HACTION_SELECT6_4_4_3_3,3050,HTML_PAGE_SELECT6_4_4_3_3,select6_4_4_3_3,true
SELECT6_4_4_3_4,3051,HACTION_SELECT6_4_4_3_4,3051,HTML_PAGE_SELECT6_4_4_3_4,select6_4_4_3_4,true
SELECT6_4_4_4,3052,HACTION_SELECT6_4_4_4,3052,HTML_PAGE_SELECT6_4_4_4,select6_4_4_4,true
SELECT6_4_4_4_1,3053,HACTION_SELECT6_4_4_4_1,3053,HTML_PAGE_SELECT6_4_4_4_1,select6_4_4_4_1,true
SELECT6_4_4_4_2,3054,HACTION_SELECT6_4_4_4_2,3054,HTML_PAGE_SELECT6_4_4_4_2,select6_4_4_4_2,true
SELECT6_4_4_4_3,3055,HACTION_SELECT6_4_4_4_3,3055,HTML_PAGE_SELECT6_4_4_4_3,select6_4_4_4_3,true
SELECT6_4_4_4_4,3056,HACTION_SELECT6_4_4_4_4,3056,HTML_PAGE_SELECT6_4_4_4_4,select6_4_4_4_4,true
SELECT7,3057,HACTION_SELECT7,3057,HTML_PAGE_SELECT7,select7,true
SELECT7_1,3058,HACTION_SELECT7_1,3058,HTML_PAGE_SELECT7_1,select7_1,true
SELECT7_1_1,3059,HACTION_SELECT7_1_1,3059,HTML_PAGE_SELECT7_1_1,select7_1_1,true
SELECT7_1_1_1,3060,HACTION_SELECT7_1_1_1,3060,HTML_PAGE_SELECT7_1_1_1,select7_1_1_1,true
SELECT7_1_1_1_1,3061,HACTION_SELECT7_1_1_1_1,3061,HTML_PAGE_SELECT7_1_1_1_1,select7_1_1_1_1,true
SELECT7_1_1_1_2,3062,HACTION_SELECT7_1_1_1_2,3062,HTML_PAGE_SELECT7_1_1_1_2,select7_1_1_1_2,true
SELECT7_1_1_1_3,3063,HACTION_SELECT7_1_1_1_3,3063,HTML_PAGE_SELECT7_1_1_1_3,select7_1_1_1_3,true
SELECT7_1_1_1_4,3064,HACTION_SELECT7_1_1_1_4,3064,HTML_PAGE_SELECT7_1_1_1_4,select7_1_1_1_4,true
SELECT7_1_1_2,3065,HACTION_SELECT7_1_1_2,3065,HTML_PAGE_SELECT7_1_1_2,select7_1_1_2,true
SELECT7_1_1_2_1,3066,HACTION_SELECT7_1_1_2_1,3066,HTML_PAGE_SELECT7_1_1_2_1,select7_1_1_2_1,true
SELECT7_1_1_2_2,3067,HACTION_SELECT7_1_1_2_2,3067,HTML_PAGE_SELECT7_1_1_2_2,select7_1_1_2_2,true
SELECT7_1_1_2_3,3068,HACTION_SELECT7_1_1_2_3,3068,HTML_PAGE_SELECT7_1_1_2_3,select7_1_1_2_3,true
SELECT7_1_1_2_4,3069,HACTION_SELECT7_1_1_2_4,3069,HTML_PAGE_SELECT7_1_1_2_4,select7_1_1_2_4,true
SELECT7_1_1_3,3070,HACTION_SELECT7_1_1_3,3070,HTML_PAGE_SELECT7_1_1_3,select7_1_1_3,true
SELECT7_1_1_3_1,3071,HACTION_SELECT7_1_1_3_1,3071,HTML_PAGE_SELECT7_1_1_3_1,select7_1_1_3_1,true
SELECT7_1_1_3_2,3072,HACTION_SELECT7_1_1_3_2,3072,HTML_PAGE_SELECT7_1_1_3_2,select7_1_1_3_2,true
SELECT7_1_1_3_3,3073,HACTION_SELECT7_1_1_3_3,3073,HTML_PAGE_SELECT7_1_1_3_3,select7_1_1_3_3,true
SELECT7_1_1_3_4,3074,HACTION_SELECT7_1_1_3_4,3074,HTML_PAGE_SELECT7_1_1_3_4,select7_1_1_3_4,true
SELECT7_1_1_4,3075,HACTION_SELECT7_1_1_4,3075,HTML_PAGE_SELECT7_1_1_4,select7_1_1_4,true
SELECT7_1_1_4_1,3076,HACTION_SELECT7_1_1_4_1,3076,HTML_PAGE_SELECT7_1_1_4_1,select7_1_1_4_1,true
SELECT7_1_1_4_2,3077,HACTION_SELECT7_1_1_4_2,3077,HTML_PAGE_SELECT7_1_1_4_2,select7_1_1_4_2,true
SELECT7_1_1_4_3,3078,HACTION_SELECT7_1_1_4_3,3078,HTML_PAGE_SELECT7_1_1_4_3,select7_1_1_4_3,true
SELECT7_1_1_4_4,3079,HACTION_SELECT7_1_1_4_4,3079,HTML_PAGE_SELECT7_1_1_4_4,select7_1_1_4_4,true
SELECT7_1_2,3080,HACTION_SELECT7_1_2,3080,HTML_PAGE_SELECT7_1_2,select7_1_2,true
SELECT7_1_2_1,3081,HACTION_SELECT7_1_2_1,3081,HTML_PAGE_SELECT7_1_2_1,select7_1_2_1,true
SELECT7_1_2_1_1,3082,HACTION_SELECT7_1_2_1_1,3082,HTML_PAGE_SELECT7_1_2_1_1,select7_1_2_1_1,true
SELECT7_1_2_1_2,3083,HACTION_SELECT7_1_2_1_2,3083,HTML_PAGE_SELECT7_1_2_1_2,select7_1_2_1_2,true
SELECT7_1_2_1_3,3084,HACTION_SELECT7_1_2_1_3,3084,HTML_PAGE_SELECT7_1_2_1_3,select7_1_2_1_3,true
SELECT7_1_2_1_4,3085,HACTION_SELECT7_1_2_1_4,3085,HTML_PAGE_SELECT7_1_2_1_4,select7_1_2_1_4,true
SELECT7_1_2_2,3086,HACTION_SELECT7_1_2_2,3086,HTML_PAGE_SELECT7_1_2_2,select7_1_2_2,true
SELECT7_1_2_2_1,3087,HACTION_SELECT7_1_2_2_1,3087,HTML_PAGE_SELECT7_1_2_2_1,select7_1_2_2_1,true
SELECT7_1_2_2_2,3088,HACTION_SELECT7_1_2_2_2,3088,HTML_PAGE_SELECT7_1_2_2_2,select7_1_2_2_2,true
SELECT7_1_2_2_3,3089,HACTION_SELECT7_1_2_2_3,3089,HTML_PAGE_SELECT7_1_2_2_3,select7_1_2_2_3,true
SELECT7_1_2_2_4,3090,HACTION_SELECT7_1_2_2_4,3090,HTML_PAGE_SELECT7_1_2_2_4,select7_1_2_2_4,true
SELECT7_1_2_3,3091,HACTION_SELECT7_1_2_3,3091,HTML_PAGE_SELECT7_1_2_3,select7_1_2_3,true
SELECT7_1_2_3_1,3092,HACTION_SELECT7_1_2_3_1,3092,HTML_PAGE_SELECT7_1_2_3_1,select7_1_2_3_1,true
SELECT7_1_2_3_2,3093,HACTION_SELECT7_1_2_3_2,3093,HTML_PAGE_SELECT7_1_2_3_2,select7_1_2_3_2,true
SELECT7_1_2_3_3,3094,HACTION_SELECT7_1_2_3_3,3094,HTML_PAGE_SELECT7_1_2_3_3,select7_1_2_3_3,true
SELECT7_1_2_3_4,3095,HACTION_SELECT7_1_2_3_4,3095,HTML_PAGE_SELECT7_1_2_3_4,select7_1_2_3_4,true
SELECT7_1_2_4,3096,HACTION_SELECT7_1_2_4,3096,HTML_PAGE_SELECT7_1_2_4,select7_1_2_4,true
SELECT7_1_2_4_1,3097,HACTION_SELECT7_1_2_4_1,3097,HTML_PAGE_SELECT7_1_2_4_1,select7_1_2_4_1,true
SELECT7_1_2_4_2,3098,HACTION_SELECT7_1_2_4_2,3098,HTML_PAGE_SELECT7_1_2_4_2,select7_1_2_4_2,true
SELECT7_1_2_4_3,3099,HACTION_SELECT7_1_2_4_3,3099,HTML_PAGE_SELECT7_1_2_4_3,select7_1_2_4_3,true
SELECT7_1_2_4_4,3100,HACTION_SELECT7_1_2_4_4,3100,HTML_PAGE_SELECT7_1_2_4_4,select7_1_2_4_4,true
SELECT7_1_3,3101,HACTION_SELECT7_1_3,3101,HTML_PAGE_SELECT7_1_3,select7_1_3,true
SELECT7_1_3_1,3102,HACTION_SELECT7_1_3_1,3102,HTML_PAGE_SELECT7_1_3_1,select7_1_3_1,true
SELECT7_1_3_1_1,3103,HACTION_SELECT7_1_3_1_1,3103,HTML_PAGE_SELECT7_1_3_1_1,select7_1_3_1_1,true
SELECT7_1_3_1_2,3104,HACTION_SELECT7_1_3_1_2,3104,HTML_PAGE_SELECT7_1_3_1_2,select7_1_3_1_2,true
SELECT7_1_3_1_3,3105,HACTION_SELECT7_1_3_1_3,3105,HTML_PAGE_SELECT7_1_3_1_3,select7_1_3_1_3,true
SELECT7_1_3_1_4,3106,HACTION_SELECT7_1_3_1_4,3106,HTML_PAGE_SELECT7_1_3_1_4,select7_1_3_1_4,true
SELECT7_1_3_2,3107,HACTION_SELECT7_1_3_2,3107,HTML_PAGE_SELECT7_1_3_2,select7_1_3_2,true
SELECT7_1_3_2_1,3108,HACTION_SELECT7_1_3_2_1,3108,HTML_PAGE_SELECT7_1_3_2_1,select7_1_3_2_1,true
SELECT7_1_3_2_2,3109,HACTION_SELECT7_1_3_2_2,3109,HTML_PAGE_SELECT7_1_3_2_2,select7_1_3_2_2,true
SELECT7_1_3_2_3,3110,HACTION_SELECT7_1_3_2_3,3110,HTML_PAGE_SELECT7_1_3_2_3,select7_1_3_2_3,true
SELECT7_1_3_2_4,3111,HACTION_SELECT7_1_3_2_4,3111,HTML_PAGE_SELECT7_1_3_2_4,select7_1_3_2_4,true
SELECT7_1_3_3,3112,HACTION_SELECT7_1_3_3,3112,HTML_PAGE_SELECT7_1_3_3,select7_1_3_3,true
SELECT7_1_3_3_1,3113,HACTION_SELECT7_1_3_3_1,3113,HTML_PAGE_SELECT7_1_3_3_1,select7_1_3_3_1,true
SELECT7_1_3_3_2,3114,HACTION_SELECT7_1_3_3_2,3114,HTML_PAGE_SELECT7_1_3_3_2,select7_1_3_3_2,true
SELECT7_1_3_3_3,3115,HACTION_SELECT7_1_3_3_3,3115,HTML_PAGE_SELECT7_1_3_3_3,select7_1_3_3_3,true
SELECT7_1_3_3_4,3116,HACTION_SELECT7_1_3_3_4,3116,HTML_PAGE_SELECT7_1_3_3_4,select7_1_3_3_4,true
SELECT7_1_3_4,3117,HACTION_SELECT7_1_3_4,3117,HTML_PAGE_SELECT7_1_3_4,select7_1_3_4,true
SELECT7_1_3_4_1,3118,HACTION_SELECT7_1_3_4_1,3118,HTML_PAGE_SELECT7_1_3_4_1,select7_1_3_4_1,true
SELECT7_1_3_4_2,3119,HACTION_SELECT7_1_3_4_2,3119,HTML_PAGE_SELECT7_1_3_4_2,select7_1_3_4_2,true
SELECT7_1_3_4_3,3120,HACTION_SELECT7_1_3_4_3,3120,HTML_PAGE_SELECT7_1_3_4_3,select7_1_3_4_3,true
SELECT7_1_3_4_4,3121,HACTION_SELECT7_1_3_4_4,3121,HTML_PAGE_SELECT7_1_3_4_4,select7_1_3_4_4,true
SELECT7_1_4,3122,HACTION_SELECT7_1_4,3122,HTML_PAGE_SELECT7_1_4,select7_1_4,true
SELECT7_1_4_1,3123,HACTION_SELECT7_1_4_1,3123,HTML_PAGE_SELECT7_1_4_1,select7_1_4_1,true
SELECT7_1_4_1_1,3124,HACTION_SELECT7_1_4_1_1,3124,HTML_PAGE_SELECT7_1_4_1_1,select7_1_4_1_1,true
SELECT7_1_4_1_2,3125,HACTION_SELECT7_1_4_1_2,3125,HTML_PAGE_SELECT7_1_4_1_2,select7_1_4_1_2,true
SELECT7_1_4_1_3,3126,HACTION_SELECT7_1_4_1_3,3126,HTML_PAGE_SELECT7_1_4_1_3,select7_1_4_1_3,true
SELECT7_1_4_1_4,3127,HACTION_SELECT7_1_4_1_4,3127,HTML_PAGE_SELECT7_1_4_1_4,select7_1_4_1_4,true
SELECT7_1_4_2,3128,HACTION_SELECT7_1_4_2,3128,HTML_PAGE_SELECT7_1_4_2,select7_1_4_2,true
SELECT7_1_4_2_1,3129,HACTION_SELECT7_1_4_2_1,3129,HTML_PAGE_SELECT7_1_4_2_1,select7_1_4_2_1,true
SELECT7_1_4_2_2,3130,HACTION_SELECT7_1_4_2_2,3130,HTML_PAGE_SELECT7_1_4_2_2,select7_1_4_2_2,true
SELECT7_1_4_2_3,3131,HACTION_SELECT7_1_4_2_3,3131,HTML_PAGE_SELECT7_1_4_2_3,select7_1_4_2_3,true
SELECT7_1_4_2_4,3132,HACTION_SELECT7_1_4_2_4,3132,HTML_PAGE_SELECT7_1_4_2_4,select7_1_4_2_4,true
SELECT7_1_4_3,3133,HACTION_SELECT7_1_4_3,3133,HTML_PAGE_SELECT7_1_4_3,select7_1_4_3,true
SELECT7_1_4_3_1,3134,HACTION_SELECT7_1_4_3_1,3134,HTML_PAGE_SELECT7_1_4_3_1,select7_1_4_3_1,true
SELECT7_1_4_3_2,3135,HACTION_SELECT7_1_4_3_2,3135,HTML_PAGE_SELECT7_1_4_3_2,select7_1_4_3_2,true
SELECT7_1_4_3_3,3136,HACTION_SELECT7_1_4_3_3,3136,HTML_PAGE_SELECT7_1_4_3_3,select7_1_4_3_3,true
SELECT7_1_4_3_4,3137,HACTION_SELECT7_1_4_3_4,3137,HTML_PAGE_SELECT7_1_4_3_4,select7_1_4_3_4,true
SELECT7_1_4_4,3138,HACTION_SELECT7_1_4_4,3138,HTML_PAGE_SELECT7_1_4_4,select7_1_4_4,true
SELECT7_1_4_4_1,3139,HACTION_SELECT7_1_4_4_1,3139,HTML_PAGE_SELECT7_1_4_4_1,select7_1_4_4_1,true
SELECT7_1_4_4_2,3140,HACTION_SELECT7_1_4_4_2,3140,HTML_PAGE_SELECT7_1_4_4_2,select7_1_4_4_2,true
SELECT7_1_4_4_3,3141,HACTION_SELECT7_1_4_4_3,3141,HTML_PAGE_SELECT7_1_4_4_3,select7_1_4_4_3,true
SELECT7_1_4_4_4,3142,HACTION_SELECT7_1_4_4_4,3142,HTML_PAGE_SELECT7_1_4_4_4,select7_1_4_4_4,true
SELECT7_2,3143,HACTION_SELECT7_2,3143,HTML_PAGE_SELECT7_2,select7_2,true
SELECT7_2_1,3144,HACTION_SELECT7_2_1,3144,HTML_PAGE_SELECT7_2_1,select7_2_1,true
SELECT7_2_1_1,3145,HACTION_SELECT7_2_1_1,3145,HTML_PAGE_SELECT7_2_1_1,select7_2_1_1,true
SELECT7_2_1_1_1,3146,HACTION_SELECT7_2_1_1_1,3146,HTML_PAGE_SELECT7_2_1_1_1,select7_2_1_1_1,true
SELECT7_2_1_1_2,3147,HACTION_SELECT7_2_1_1_2,3147,HTML_PAGE_SELECT7_2_1_1_2,select7_2_1_1_2,true
SELECT7_2_1_1_3,3148,HACTION_SELECT7_2_1_1_3,3148,HTML_PAGE_SELECT7_2_1_1_3,select7_2_1_1_3,true
SELECT7_2_1_1_4,3149,HACTION_SELECT7_2_1_1_4,3149,HTML_PAGE_SELECT7_2_1_1_4,select7_2_1_1_4,true
SELECT7_2_1_2,3150,HACTION_SELECT7_2_1_2,3150,HTML_PAGE_SELECT7_2_1_2,select7_2_1_2,true
SELECT7_2_1_2_1,3151,HACTION_SELECT7_2_1_2_1,3151,HTML_PAGE_SELECT7_2_1_2_1,select7_2_1_2_1,true
SELECT7_2_1_2_2,3152,HACTION_SELECT7_2_1_2_2,3152,HTML_PAGE_SELECT7_2_1_2_2,select7_2_1_2_2,true
SELECT7_2_1_2_3,3153,HACTION_SELECT7_2_1_2_3,3153,HTML_PAGE_SELECT7_2_1_2_3,select7_2_1_2_3,true
SELECT7_2_1_2_4,3154,HACTION_SELECT7_2_1_2_4,3154,HTML_PAGE_SELECT7_2_1_2_4,select7_2_1_2_4,true
SELECT7_2_1_3,3155,HACTION_SELECT7_2_1_3,3155,HTML_PAGE_SELECT7_2_1_3,select7_2_1_3,true
SELECT7_2_1_3_1,3156,HACTION_SELECT7_2_1_3_1,3156,HTML_PAGE_SELECT7_2_1_3_1,select7_2_1_3_1,true
SELECT7_2_1_3_2,3157,HACTION_SELECT7_2_1_3_2,3157,HTML_PAGE_SELECT7_2_1_3_2,select7_2_1_3_2,true
SELECT7_2_1_3_3,3158,HACTION_SELECT7_2_1_3_3,3158,HTML_PAGE_SELECT7_2_1_3_3,select7_2_1_3_3,true
SELECT7_2_1_3_4,3159,HACTION_SELECT7_2_1_3_4,3159,HTML_PAGE_SELECT7_2_1_3_4,select7_2_1_3_4,true
SELECT7_2_1_4,3160,HACTION_SELECT7_2_1_4,3160,HTML_PAGE_SELECT7_2_1_4,select7_2_1_4,true
SELECT7_2_1_4_1,3161,HACTION_SELECT7_2_1_4_1,3161,HTML_PAGE_SELECT7_2_1_4_1,select7_2_1_4_1,true
SELECT7_2_1_4_2,3162,HACTION_SELECT7_2_1_4_2,3162,HTML_PAGE_SELECT7_2_1_4_2,select7_2_1_4_2,true
SELECT7_2_1_4_3,3163,HACTION_SELECT7_2_1_4_3,3163,HTML_PAGE_SELECT7_2_1_4_3,select7_2_1_4_3,true
SELECT7_2_1_4_4,3164,HACTION_SELECT7_2_1_4_4,3164,HTML_PAGE_SELECT7_2_1_4_4,select7_2_1_4_4,true
SELECT7_2_2,3165,HACTION_SELECT7_2_2,3165,HTML_PAGE_SELECT7_2_2,select7_2_2,true
SELECT7_2_2_1,3166,HACTION_SELECT7_2_2_1,3166,HTML_PAGE_SELECT7_2_2_1,select7_2_2_1,true
SELECT7_2_2_1_1,3167,HACTION_SELECT7_2_2_1_1,3167,HTML_PAGE_SELECT7_2_2_1_1,select7_2_2_1_1,true
SELECT7_2_2_1_2,3168,HACTION_SELECT7_2_2_1_2,3168,HTML_PAGE_SELECT7_2_2_1_2,select7_2_2_1_2,true
SELECT7_2_2_1_3,3169,HACTION_SELECT7_2_2_1_3,3169,HTML_PAGE_SELECT7_2_2_1_3,select7_2_2_1_3,true
SELECT7_2_2_1_4,3170,HACTION_SELECT7_2_2_1_4,3170,HTML_PAGE_SELECT7_2_2_1_4,select7_2_2_1_4,true
SELECT7_2_2_2,3171,HACTION_SELECT7_2_2_2,3171,HTML_PAGE_SELECT7_2_2_2,select7_2_2_2,true
SELECT7_2_2_2_1,3172,HACTION_SELECT7_2_2_2_1,3172,HTML_PAGE_SELECT7_2_2_2_1,select7_2_2_2_1,true
SELECT7_2_2_2_2,3173,HACTION_SELECT7_2_2_2_2,3173,HTML_PAGE_SELECT7_2_2_2_2,select7_2_2_2_2,true
SELECT7_2_2_2_3,3174,HACTION_SELECT7_2_2_2_3,3174,HTML_PAGE_SELECT7_2_2_2_3,select7_2_2_2_3,true
SELECT7_2_2_2_4,3175,HACTION_SELECT7_2_2_2_4,3175,HTML_PAGE_SELECT7_2_2_2_4,select7_2_2_2_4,true
SELECT7_2_2_3,3176,HACTION_SELECT7_2_2_3,3176,HTML_PAGE_SELECT7_2_2_3,select7_2_2_3,true
SELECT7_2_2_3_1,3177,HACTION_SELECT7_2_2_3_1,3177,HTML_PAGE_SELECT7_2_2_3_1,select7_2_2_3_1,true
SELECT7_2_2_3_2,3178,HACTION_SELECT7_2_2_3_2,3178,HTML_PAGE_SELECT7_2_2_3_2,select7_2_2_3_2,true
SELECT7_2_2_3_3,3179,HACTION_SELECT7_2_2_3_3,3179,HTML_PAGE_SELECT7_2_2_3_3,select7_2_2_3_3,true
SELECT7_2_2_3_4,3180,HACTION_SELECT7_2_2_3_4,3180,HTML_PAGE_SELECT7_2_2_3_4,select7_2_2_3_4,true
SELECT7_2_2_4,3181,HACTION_SELECT7_2_2_4,3181,HTML_PAGE_SELECT7_2_2_4,select7_2_2_4,true
SELECT7_2_2_4_1,3182,HACTION_SELECT7_2_2_4_1,3182,HTML_PAGE_SELECT7_2_2_4_1,select7_2_2_4_1,true
SELECT7_2_2_4_2,3183,HACTION_SELECT7_2_2_4_2,3183,HTML_PAGE_SELECT7_2_2_4_2,select7_2_2_4_2,true
SELECT7_2_2_4_3,3184,HACTION_SELECT7_2_2_4_3,3184,HTML_PAGE_SELECT7_2_2_4_3,select7_2_2_4_3,true
SELECT7_2_2_4_4,3185,HACTION_SELECT7_2_2_4_4,3185,HTML_PAGE_SELECT7_2_2_4_4,select7_2_2_4_4,true
SELECT7_2_3,3186,HACTION_SELECT7_2_3,3186,HTML_PAGE_SELECT7_2_3,select7_2_3,true
SELECT7_2_3_1,3187,HACTION_SELECT7_2_3_1,3187,HTML_PAGE_SELECT7_2_3_1,select7_2_3_1,true
SELECT7_2_3_1_1,3188,HACTION_SELECT7_2_3_1_1,3188,HTML_PAGE_SELECT7_2_3_1_1,select7_2_3_1_1,true
SELECT7_2_3_1_2,3189,HACTION_SELECT7_2_3_1_2,3189,HTML_PAGE_SELECT7_2_3_1_2,select7_2_3_1_2,true
SELECT7_2_3_1_3,3190,HACTION_SELECT7_2_3_1_3,3190,HTML_PAGE_SELECT7_2_3_1_3,select7_2_3_1_3,true
SELECT7_2_3_1_4,3191,HACTION_SELECT7_2_3_1_4,3191,HTML_PAGE_SELECT7_2_3_1_4,select7_2_3_1_4,true
SELECT7_2_3_2,3192,HACTION_SELECT7_2_3_2,3192,HTML_PAGE_SELECT7_2_3_2,select7_2_3_2,true
SELECT7_2_3_2_1,3193,HACTION_SELECT7_2_3_2_1,3193,HTML_PAGE_SELECT7_2_3_2_1,select7_2_3_2_1,true
SELECT7_2_3_2_2,3194,HACTION_SELECT7_2_3_2_2,3194,HTML_PAGE_SELECT7_2_3_2_2,select7_2_3_2_2,true
SELECT7_2_3_2_3,3195,HACTION_SELECT7_2_3_2_3,3195,HTML_PAGE_SELECT7_2_3_2_3,select7_2_3_2_3,true
SELECT7_2_3_2_4,3196,HACTION_SELECT7_2_3_2_4,3196,HTML_PAGE_SELECT7_2_3_2_4,select7_2_3_2_4,true
SELECT7_2_3_3,3197,HACTION_SELECT7_2_3_3,3197,HTML_PAGE_SELECT7_2_3_3,select7_2_3_3,true
SELECT7_2_3_3_1,3198,HACTION_SELECT7_2_3_3_1,3198,HTML_PAGE_SELECT7_2_3_3_1,select7_2_3_3_1,true
SELECT7_2_3_3_2,3199,HACTION_SELECT7_2_3_3_2,3199,HTML_PAGE_SELECT7_2_3_3_2,select7_2_3_3_2,true
SELECT7_2_3_3_3,3200,HACTION_SELECT7_2_3_3_3,3200,HTML_PAGE_SELECT7_2_3_3_3,select7_2_3_3_3,true
SELECT7_2_3_3_4,3201,HACTION_SELECT7_2_3_3_4,3201,HTML_PAGE_SELECT7_2_3_3_4,select7_2_3_3_4,true
SELECT7_2_3_4,3202,HACTION_SELECT7_2_3_4,3202,HTML_PAGE_SELECT7_2_3_4,select7_2_3_4,true
SELECT7_2_3_4_1,3203,HACTION_SELECT7_2_3_4_1,3203,HTML_PAGE_SELECT7_2_3_4_1,select7_2_3_4_1,true
SELECT7_2_3_4_2,3204,HACTION_SELECT7_2_3_4_2,3204,HTML_PAGE_SELECT7_2_3_4_2,select7_2_3_4_2,true
SELECT7_2_3_4_3,3205,HACTION_SELECT7_2_3_4_3,3205,HTML_PAGE_SELECT7_2_3_4_3,select7_2_3_4_3,true
SELECT7_2_3_4_4,3206,HACTION_SELECT7_2_3_4_4,3206,HTML_PAGE_SELECT7_2_3_4_4,select7_2_3_4_4,true
SELECT7_2_4,3207,HACTION_SELECT7_2_4,3207,HTML_PAGE_SELECT7_2_4,select7_2_4,true
SELECT7_2_4_1,3208,HACTION_SELECT7_2_4_1,3208,HTML_PAGE_SELECT7_2_4_1,select7_2_4_1,true
SELECT7_2_4_1_1,3209,HACTION_SELECT7_2_4_1_1,3209,HTML_PAGE_SELECT7_2_4_1_1,select7_2_4_1_1,true
SELECT7_2_4_1_2,3210,HACTION_SELECT7_2_4_1_2,3210,HTML_PAGE_SELECT7_2_4_1_2,select7_2_4_1_2,true
SELECT7_2_4_1_3,3211,HACTION_SELECT7_2_4_1_3,3211,HTML_PAGE_SELECT7_2_4_1_3,select7_2_4_1_3,true
SELECT7_2_4_1_4,3212,HACTION_SELECT7_2_4_1_4,3212,HTML_PAGE_SELECT7_2_4_1_4,select7_2_4_1_4,true
SELECT7_2_4_2,3213,HACTION_SELECT7_2_4_2,3213,HTML_PAGE_SELECT7_2_4_2,select7_2_4_2,true
SELECT7_2_4_2_1,3214,HACTION_SELECT7_2_4_2_1,3214,HTML_PAGE_SELECT7_2_4_2_1,select7_2_4_2_1,true
SELECT7_2_4_2_2,3215,HACTION_SELECT7_2_4_2_2,3215,HTML_PAGE_SELECT7_2_4_2_2,select7_2_4_2_2,true
SELECT7_2_4_2_3,3216,HACTION_SELECT7_2_4_2_3,3216,HTML_PAGE_SELECT7_2_4_2_3,select7_2_4_2_3,true
SELECT7_2_4_2_4,3217,HACTION_SELECT7_2_4_2_4,3217,HTML_PAGE_SELECT7_2_4_2_4,select7_2_4_2_4,true
SELECT7_2_4_3,3218,HACTION_SELECT7_2_4_3,3218,HTML_PAGE_SELECT7_2_4_3,select7_2_4_3,true
SELECT7_2_4_3_1,3219,HACTION_SELECT7_2_4_3_1,3219,HTML_PAGE_SELECT7_2_4_3_1,select7_2_4_3_1,true
SELECT7_2_4_3_2,3220,HACTION_SELECT7_2_4_3_2,3220,HTML_PAGE_SELECT7_2_4_3_2,select7_2_4_3_2,true
SELECT7_2_4_3_3,3221,HACTION_SELECT7_2_4_3_3,3221,HTML_PAGE_SELECT7_2_4_3_3,select7_2_4_3_3,true
SELECT7_2_4_3_4,3222,HACTION_SELECT7_2_4_3_4,3222,HTML_PAGE_SELECT7_2_4_3_4,select7_2_4_3_4,true
SELECT7_2_4_4,3223,HACTION_SELECT7_2_4_4,3223,HTML_PAGE_SELECT7_2_4_4,select7_2_4_4,true
SELECT7_2_4_4_1,3224,HACTION_SELECT7_2_4_4_1,3224,HTML_PAGE_SELECT7_2_4_4_1,select7_2_4_4_1,true
SELECT7_2_4_4_2,3225,HACTION_SELECT7_2_4_4_2,3225,HTML_PAGE_SELECT7_2_4_4_2,select7_2_4_4_2,true
SELECT7_2_4_4_3,3226,HACTION_SELECT7_2_4_4_3,3226,HTML_PAGE_SELECT7_2_4_4_3,select7_2_4_4_3,true
SELECT7_2_4_4_4,3227,HACTION_SELECT7_2_4_4_4,3227,HTML_PAGE_SELECT7_2_4_4_4,select7_2_4_4_4,true
SELECT7_3,3228,HACTION_SELECT7_3,3228,HTML_PAGE_SELECT7_3,select7_3,true
SELECT7_3_1,3229,HACTION_SELECT7_3_1,3229,HTML_PAGE_SELECT7_3_1,select7_3_1,true
SELECT7_3_1_1,3230,HACTION_SELECT7_3_1_1,3230,HTML_PAGE_SELECT7_3_1_1,select7_3_1_1,true
SELECT7_3_1_1_1,3231,HACTION_SELECT7_3_1_1_1,3231,HTML_PAGE_SELECT7_3_1_1_1,select7_3_1_1_1,true
SELECT7_3_1_1_2,3232,HACTION_SELECT7_3_1_1_2,3232,HTML_PAGE_SELECT7_3_1_1_2,select7_3_1_1_2,true
SELECT7_3_1_1_3,3233,HACTION_SELECT7_3_1_1_3,3233,HTML_PAGE_SELECT7_3_1_1_3,select7_3_1_1_3,true
SELECT7_3_1_1_4,3234,HACTION_SELECT7_3_1_1_4,3234,HTML_PAGE_SELECT7_3_1_1_4,select7_3_1_1_4,true
SELECT7_3_1_2,3235,HACTION_SELECT7_3_1_2,3235,HTML_PAGE_SELECT7_3_1_2,select7_3_1_2,true
SELECT7_3_1_2_1,3236,HACTION_SELECT7_3_1_2_1,3236,HTML_PAGE_SELECT7_3_1_2_1,select7_3_1_2_1,true
SELECT7_3_1_2_2,3237,HACTION_SELECT7_3_1_2_2,3237,HTML_PAGE_SELECT7_3_1_2_2,select7_3_1_2_2,true
SELECT7_3_1_2_3,3238,HACTION_SELECT7_3_1_2_3,3238,HTML_PAGE_SELECT7_3_1_2_3,select7_3_1_2_3,true
SELECT7_3_1_2_4,3239,HACTION_SELECT7_3_1_2_4,3239,HTML_PAGE_SELECT7_3_1_2_4,select7_3_1_2_4,true
SELECT7_3_1_3,3240,HACTION_SELECT7_3_1_3,3240,HTML_PAGE_SELECT7_3_1_3,select7_3_1_3,true
SELECT7_3_1_3_1,3241,HACTION_SELECT7_3_1_3_1,3241,HTML_PAGE_SELECT7_3_1_3_1,select7_3_1_3_1,true
SELECT7_3_1_3_2,3242,HACTION_SELECT7_3_1_3_2,3242,HTML_PAGE_SELECT7_3_1_3_2,select7_3_1_3_2,true
SELECT7_3_1_3_3,3243,HACTION_SELECT7_3_1_3_3,3243,HTML_PAGE_SELECT7_3_1_3_3,select7_3_1_3_3,true
SELECT7_3_1_3_4,3244,HACTION_SELECT7_3_1_3_4,3244,HTML_PAGE_SELECT7_3_1_3_4,select7_3_1_3_4,true
SELECT7_3_1_4,3245,HACTION_SELECT7_3_1_4,3245,HTML_PAGE_SELECT7_3_1_4,select7_3_1_4,true
SELECT7_3_1_4_1,3246,HACTION_SELECT7_3_1_4_1,3246,HTML_PAGE_SELECT7_3_1_4_1,select7_3_1_4_1,true
SELECT7_3_1_4_2,3247,HACTION_SELECT7_3_1_4_2,3247,HTML_PAGE_SELECT7_3_1_4_2,select7_3_1_4_2,true
SELECT7_3_1_4_3,3248,HACTION_SELECT7_3_1_4_3,3248,HTML_PAGE_SELECT7_3_1_4_3,select7_3_1_4_3,true
SELECT7_3_1_4_4,3249,HACTION_SELECT7_3_1_4_4,3249,HTML_PAGE_SELECT7_3_1_4_4,select7_3_1_4_4,true
SELECT7_3_2,3250,HACTION_SELECT7_3_2,3250,HTML_PAGE_SELECT7_3_2,select7_3_2,true
SELECT7_3_2_1,3251,HACTION_SELECT7_3_2_1,3251,HTML_PAGE_SELECT7_3_2_1,select7_3_2_1,true
SELECT7_3_2_1_1,3252,HACTION_SELECT7_3_2_1_1,3252,HTML_PAGE_SELECT7_3_2_1_1,select7_3_2_1_1,true
SELECT7_3_2_1_2,3253,HACTION_SELECT7_3_2_1_2,3253,HTML_PAGE_SELECT7_3_2_1_2,select7_3_2_1_2,true
SELECT7_3_2_1_3,3254,HACTION_SELECT7_3_2_1_3,3254,HTML_PAGE_SELECT7_3_2_1_3,select7_3_2_1_3,true
SELECT7_3_2_1_4,3255,HACTION_SELECT7_3_2_1_4,3255,HTML_PAGE_SELECT7_3_2_1_4,select7_3_2_1_4,true
SELECT7_3_2_2,3256,HACTION_SELECT7_3_2_2,3256,HTML_PAGE_SELECT7_3_2_2,select7_3_2_2,true
SELECT7_3_2_2_1,3257,HACTION_SELECT7_3_2_2_1,3257,HTML_PAGE_SELECT7_3_2_2_1,select7_3_2_2_1,true
SELECT7_3_2_2_2,3258,HACTION_SELECT7_3_2_2_2,3258,HTML_PAGE_SELECT7_3_2_2_2,select7_3_2_2_2,true
SELECT7_3_2_2_3,3259,HACTION_SELECT7_3_2_2_3,3259,HTML_PAGE_SELECT7_3_2_2_3,select7_3_2_2_3,true
SELECT7_3_2_2_4,3260,HACTION_SELECT7_3_2_2_4,3260,HTML_PAGE_SELECT7_3_2_2_4,select7_3_2_2_4,true
SELECT7_3_2_3,3261,HACTION_SELECT7_3_2_3,3261,HTML_PAGE_SELECT7_3_2_3,select7_3_2_3,true
SELECT7_3_2_3_1,3262,HACTION_SELECT7_3_2_3_1,3262,HTML_PAGE_SELECT7_3_2_3_1,select7_3_2_3_1,true
SELECT7_3_2_3_2,3263,HACTION_SELECT7_3_2_3_2,3263,HTML_PAGE_SELECT7_3_2_3_2,select7_3_2_3_2,true
SELECT7_3_2_3_3,3264,HACTION_SELECT7_3_2_3_3,3264,HTML_PAGE_SELECT7_3_2_3_3,select7_3_2_3_3,true
SELECT7_3_2_3_4,3265,HACTION_SELECT7_3_2_3_4,3265,HTML_PAGE_SELECT7_3_2_3_4,select7_3_2_3_4,true
SELECT7_3_2_4,3266,HACTION_SELECT7_3_2_4,3266,HTML_PAGE_SELECT7_3_2_4,select7_3_2_4,true
SELECT7_3_2_4_1,3267,HACTION_SELECT7_3_2_4_1,3267,HTML_PAGE_SELECT7_3_2_4_1,select7_3_2_4_1,true
SELECT7_3_2_4_2,3268,HACTION_SELECT7_3_2_4_2,3268,HTML_PAGE_SELECT7_3_2_4_2,select7_3_2_4_2,true
SELECT7_3_2_4_3,3269,HACTION_SELECT7_3_2_4_3,3269,HTML_PAGE_SELECT7_3_2_4_3,select7_3_2_4_3,true
SELECT7_3_2_4_4,3270,HACTION_SELECT7_3_2_4_4,3270,HTML_PAGE_SELECT7_3_2_4_4,select7_3_2_4_4,true
SELECT7_3_3,3271,HACTION_SELECT7_3_3,3271,HTML_PAGE_SELECT7_3_3,select7_3_3,true
SELECT7_3_3_1,3272,HACTION_SELECT7_3_3_1,3272,HTML_PAGE_SELECT7_3_3_1,select7_3_3_1,true
SELECT7_3_3_1_1,3273,HACTION_SELECT7_3_3_1_1,3273,HTML_PAGE_SELECT7_3_3_1_1,select7_3_3_1_1,true
SELECT7_3_3_1_2,3274,HACTION_SELECT7_3_3_1_2,3274,HTML_PAGE_SELECT7_3_3_1_2,select7_3_3_1_2,true
SELECT7_3_3_1_3,3275,HACTION_SELECT7_3_3_1_3,3275,HTML_PAGE_SELECT7_3_3_1_3,select7_3_3_1_3,true
SELECT7_3_3_1_4,3276,HACTION_SELECT7_3_3_1_4,3276,HTML_PAGE_SELECT7_3_3_1_4,select7_3_3_1_4,true
SELECT7_3_3_2,3277,HACTION_SELECT7_3_3_2,3277,HTML_PAGE_SELECT7_3_3_2,select7_3_3_2,true
SELECT7_3_3_2_1,3278,HACTION_SELECT7_3_3_2_1,3278,HTML_PAGE_SELECT7_3_3_2_1,select7_3_3_2_1,true
SELECT7_3_3_2_2,3279,HACTION_SELECT7_3_3_2_2,3279,HTML_PAGE_SELECT7_3_3_2_2,select7_3_3_2_2,true
SELECT7_3_3_2_3,3280,HACTION_SELECT7_3_3_2_3,3280,HTML_PAGE_SELECT7_3_3_2_3,select7_3_3_2_3,true
SELECT7_3_3_2_4,3281,HACTION_SELECT7_3_3_2_4,3281,HTML_PAGE_SELECT7_3_3_2_4,select7_3_3_2_4,true
SELECT7_3_3_3,3282,HACTION_SELECT7_3_3_3,3282,HTML_PAGE_SELECT7_3_3_3,select7_3_3_3,true
SELECT7_3_3_3_1,3283,HACTION_SELECT7_3_3_3_1,3283,HTML_PAGE_SELECT7_3_3_3_1,select7_3_3_3_1,true
SELECT7_3_3_3_2,3284,HACTION_SELECT7_3_3_3_2,3284,HTML_PAGE_SELECT7_3_3_3_2,select7_3_3_3_2,true
SELECT7_3_3_3_3,3285,HACTION_SELECT7_3_3_3_3,3285,HTML_PAGE_SELECT7_3_3_3_3,select7_3_3_3_3,true
SELECT7_3_3_3_4,3286,HACTION_SELECT7_3_3_3_4,3286,HTML_PAGE_SELECT7_3_3_3_4,select7_3_3_3_4,true
SELECT7_3_3_4,3287,HACTION_SELECT7_3_3_4,3287,HTML_PAGE_SELECT7_3_3_4,select7_3_3_4,true
SELECT7_3_3_4_1,3288,HACTION_SELECT7_3_3_4_1,3288,HTML_PAGE_SELECT7_3_3_4_1,select7_3_3_4_1,true
SELECT7_3_3_4_2,3289,HACTION_SELECT7_3_3_4_2,3289,HTML_PAGE_SELECT7_3_3_4_2,select7_3_3_4_2,true
SELECT7_3_3_4_3,3290,HACTION_SELECT7_3_3_4_3,3290,HTML_PAGE_SELECT7_3_3_4_3,select7_3_3_4_3,true
SELECT7_3_3_4_4,3291,HACTION_SELECT7_3_3_4_4,3291,HTML_PAGE_SELECT7_3_3_4_4,select7_3_3_4_4,true
SELECT7_3_4,3292,HACTION_SELECT7_3_4,3292,HTML_PAGE_SELECT7_3_4,select7_3_4,true
SELECT7_3_4_1,3293,HACTION_SELECT7_3_4_1,3293,HTML_PAGE_SELECT7_3_4_1,select7_3_4_1,true
SELECT7_3_4_1_1,3294,HACTION_SELECT7_3_4_1_1,3294,HTML_PAGE_SELECT7_3_4_1_1,select7_3_4_1_1,true
SELECT7_3_4_1_2,3295,HACTION_SELECT7_3_4_1_2,3295,HTML_PAGE_SELECT7_3_4_1_2,select7_3_4_1_2,true
SELECT7_3_4_1_3,3296,HACTION_SELECT7_3_4_1_3,3296,HTML_PAGE_SELECT7_3_4_1_3,select7_3_4_1_3,true
SELECT7_3_4_1_4,3297,HACTION_SELECT7_3_4_1_4,3297,HTML_PAGE_SELECT7_3_4_1_4,select7_3_4_1_4,true
SELECT7_3_4_2,3298,HACTION_SELECT7_3_4_2,3298,HTML_PAGE_SELECT7_3_4_2,select7_3_4_2,true
SELECT7_3_4_2_1,3299,HACTION_SELECT7_3_4_2_1,3299,HTML_PAGE_SELECT7_3_4_2_1,select7_3_4_2_1,true
SELECT7_3_4_2_2,3300,HACTION_SELECT7_3_4_2_2,3300,HTML_PAGE_SELECT7_3_4_2_2,select7_3_4_2_2,true
SELECT7_3_4_2_3,3301,HACTION_SELECT7_3_4_2_3,3301,HTML_PAGE_SELECT7_3_4_2_3,select7_3_4_2_3,true
SELECT7_3_4_2_4,3302,HACTION_SELECT7_3_4_2_4,3302,HTML_PAGE_SELECT7_3_4_2_4,select7_3_4_2_4,true
SELECT7_3_4_3,3303,HACTION_SELECT7_3_4_3,3303,HTML_PAGE_SELECT7_3_4_3,select7_3_4_3,true
SELECT7_3_4_3_1,3304,HACTION_SELECT7_3_4_3_1,3304,HTML_PAGE_SELECT7_3_4_3_1,select7_3_4_3_1,true
SELECT7_3_4_3_2,3305,HACTION_SELECT7_3_4_3_2,3305,HTML_PAGE_SELECT7_3_4_3_2,select7_3_4_3_2,true
SELECT7_3_4_3_3,3306,HACTION_SELECT7_3_4_3_3,3306,HTML_PAGE_SELECT7_3_4_3_3,select7_3_4_3_3,true
SELECT7_3_4_3_4,3307,HACTION_SELECT7_3_4_3_4,3307,HTML_PAGE_SELECT7_3_4_3_4,select7_3_4_3_4,true
SELECT7_3_4_4,3308,HACTION_SELECT7_3_4_4,3308,HTML_PAGE_SELECT7_3_4_4,select7_3_4_4,true
SELECT7_3_4_4_1,3309,HACTION_SELECT7_3_4_4_1,3309,HTML_PAGE_SELECT7_3_4_4_1,select7_3_4_4_1,true
SELECT7_3_4_4_2,3310,HACTION_SELECT7_3_4_4_2,3310,HTML_PAGE_SELECT7_3_4_4_2,select7_3_4_4_2,true
SELECT7_3_4_4_3,3311,HACTION_SELECT7_3_4_4_3,3311,HTML_PAGE_SELECT7_3_4_4_3,select7_3_4_4_3,true
SELECT7_3_4_4_4,3312,HACTION_SELECT7_3_4_4_4,3312,HTML_PAGE_SELECT7_3_4_4_4,select7_3_4_4_4,true
SELECT7_4,3313,HACTION_SELECT7_4,3313,HTML_PAGE_SELECT7_4,select7_4,true
SELECT7_4_1,3314,HACTION_SELECT7_4_1,3314,HTML_PAGE_SELECT7_4_1,select7_4_1,true
SELECT7_4_1_1,3315,HACTION_SELECT7_4_1_1,3315,HTML_PAGE_SELECT7_4_1_1,select7_4_1_1,true
SELECT7_4_1_1_1,3316,HACTION_SELECT7_4_1_1_1,3316,HTML_PAGE_SELECT7_4_1_1_1,select7_4_1_1_1,true
SELECT7_4_1_1_2,3317,HACTION_SELECT7_4_1_1_2,3317,HTML_PAGE_SELECT7_4_1_1_2,select7_4_1_1_2,true
SELECT7_4_1_1_3,3318,HACTION_SELECT7_4_1_1_3,3318,HTML_PAGE_SELECT7_4_1_1_3,select7_4_1_1_3,true
SELECT7_4_1_1_4,3319,HACTION_SELECT7_4_1_1_4,3319,HTML_PAGE_SELECT7_4_1_1_4,select7_4_1_1_4,true
SELECT7_4_1_2,3320,HACTION_SELECT7_4_1_2,3320,HTML_PAGE_SELECT7_4_1_2,select7_4_1_2,true
SELECT7_4_1_2_1,3321,HACTION_SELECT7_4_1_2_1,3321,HTML_PAGE_SELECT7_4_1_2_1,select7_4_1_2_1,true
SELECT7_4_1_2_2,3322,HACTION_SELECT7_4_1_2_2,3322,HTML_PAGE_SELECT7_4_1_2_2,select7_4_1_2_2,true
SELECT7_4_1_2_3,3323,HACTION_SELECT7_4_1_2_3,3323,HTML_PAGE_SELECT7_4_1_2_3,select7_4_1_2_3,true
SELECT7_4_1_2_4,3324,HACTION_SELECT7_4_1_2_4,3324,HTML_PAGE_SELECT7_4_1_2_4,select7_4_1_2_4,true
SELECT7_4_1_3,3325,HACTION_SELECT7_4_1_3,3325,HTML_PAGE_SELECT7_4_1_3,select7_4_1_3,true
SELECT7_4_1_3_1,3326,HACTION_SELECT7_4_1_3_1,3326,HTML_PAGE_SELECT7_4_1_3_1,select7_4_1_3_1,true
SELECT7_4_1_3_2,3327,HACTION_SELECT7_4_1_3_2,3327,HTML_PAGE_SELECT7_4_1_3_2,select7_4_1_3_2,true
SELECT7_4_1_3_3,3328,HACTION_SELECT7_4_1_3_3,3328,HTML_PAGE_SELECT7_4_1_3_3,select7_4_1_3_3,true
SELECT7_4_1_3_4,3329,HACTION_SELECT7_4_1_3_4,3329,HTML_PAGE_SELECT7_4_1_3_4,select7_4_1_3_4,true
SELECT7_4_1_4,3330,HACTION_SELECT7_4_1_4,3330,HTML_PAGE_SELECT7_4_1_4,select7_4_1_4,true
SELECT7_4_1_4_1,3331,HACTION_SELECT7_4_1_4_1,3331,HTML_PAGE_SELECT7_4_1_4_1,select7_4_1_4_1,true
SELECT7_4_1_4_2,3332,HACTION_SELECT7_4_1_4_2,3332,HTML_PAGE_SELECT7_4_1_4_2,select7_4_1_4_2,true
SELECT7_4_1_4_3,3333,HACTION_SELECT7_4_1_4_3,3333,HTML_PAGE_SELECT7_4_1_4_3,select7_4_1_4_3,true
SELECT7_4_1_4_4,3334,HACTION_SELECT7_4_1_4_4,3334,HTML_PAGE_SELECT7_4_1_4_4,select7_4_1_4_4,true
SELECT7_4_2,3335,HACTION_SELECT7_4_2,3335,HTML_PAGE_SELECT7_4_2,select7_4_2,true
SELECT7_4_2_1,3336,HACTION_SELECT7_4_2_1,3336,HTML_PAGE_SELECT7_4_2_1,select7_4_2_1,true
SELECT7_4_2_1_1,3337,HACTION_SELECT7_4_2_1_1,3337,HTML_PAGE_SELECT7_4_2_1_1,select7_4_2_1_1,true
SELECT7_4_2_1_2,3338,HACTION_SELECT7_4_2_1_2,3338,HTML_PAGE_SELECT7_4_2_1_2,select7_4_2_1_2,true
SELECT7_4_2_1_3,3339,HACTION_SELECT7_4_2_1_3,3339,HTML_PAGE_SELECT7_4_2_1_3,select7_4_2_1_3,true
SELECT7_4_2_1_4,3340,HACTION_SELECT7_4_2_1_4,3340,HTML_PAGE_SELECT7_4_2_1_4,select7_4_2_1_4,true
SELECT7_4_2_2,3341,HACTION_SELECT7_4_2_2,3341,HTML_PAGE_SELECT7_4_2_2,select7_4_2_2,true
SELECT7_4_2_2_1,3342,HACTION_SELECT7_4_2_2_1,3342,HTML_PAGE_SELECT7_4_2_2_1,select7_4_2_2_1,true
SELECT7_4_2_2_2,3343,HACTION_SELECT7_4_2_2_2,3343,HTML_PAGE_SELECT7_4_2_2_2,select7_4_2_2_2,true
SELECT7_4_2_2_3,3344,HACTION_SELECT7_4_2_2_3,3344,HTML_PAGE_SELECT7_4_2_2_3,select7_4_2_2_3,true
SELECT7_4_2_2_4,3345,HACTION_SELECT7_4_2_2_4,3345,HTML_PAGE_SELECT7_4_2_2_4,select7_4_2_2_4,true
SELECT7_4_2_3,3346,HACTION_SELECT7_4_2_3,3346,HTML_PAGE_SELECT7_4_2_3,select7_4_2_3,true
SELECT7_4_2_3_1,3347,HACTION_SELECT7_4_2_3_1,3347,HTML_PAGE_SELECT7_4_2_3_1,select7_4_2_3_1,true
SELECT7_4_2_3_2,3348,HACTION_SELECT7_4_2_3_2,3348,HTML_PAGE_SELECT7_4_2_3_2,select7_4_2_3_2,true
SELECT7_4_2_3_3,3349,HACTION_SELECT7_4_2_3_3,3349,HTML_PAGE_SELECT7_4_2_3_3,select7_4_2_3_3,true
SELECT7_4_2_3_4,3350,HACTION_SELECT7_4_2_3_4,3350,HTML_PAGE_SELECT7_4_2_3_4,select7_4_2_3_4,true
SELECT7_4_2_4,3351,HACTION_SELECT7_4_2_4,3351,HTML_PAGE_SELECT7_4_2_4,select7_4_2_4,true
SELECT7_4_2_4_1,3352,HACTION_SELECT7_4_2_4_1,3352,HTML_PAGE_SELECT7_4_2_4_1,select7_4_2_4_1,true
SELECT7_4_2_4_2,3353,HACTION_SELECT7_4_2_4_2,3353,HTML_PAGE_SELECT7_4_2_4_2,select7_4_2_4_2,true
SELECT7_4_2_4_3,3354,HACTION_SELECT7_4_2_4_3,3354,HTML_PAGE_SELECT7_4_2_4_3,select7_4_2_4_3,true
SELECT7_4_2_4_4,3355,HACTION_SELECT7_4_2_4_4,3355,HTML_PAGE_SELECT7_4_2_4_4,select7_4_2_4_4,true
SELECT7_4_3,3356,HACTION_SELECT7_4_3,3356,HTML_PAGE_SELECT7_4_3,select7_4_3,true
SELECT7_4_3_1,3357,HACTION_SELECT7_4_3_1,3357,HTML_PAGE_SELECT7_4_3_1,select7_4_3_1,true
SELECT7_4_3_1_1,3358,HACTION_SELECT7_4_3_1_1,3358,HTML_PAGE_SELECT7_4_3_1_1,select7_4_3_1_1,true
SELECT7_4_3_1_2,3359,HACTION_SELECT7_4_3_1_2,3359,HTML_PAGE_SELECT7_4_3_1_2,select7_4_3_1_2,true
SELECT7_4_3_1_3,3360,HACTION_SELECT7_4_3_1_3,3360,HTML_PAGE_SELECT7_4_3_1_3,select7_4_3_1_3,true
SELECT7_4_3_1_4,3361,HACTION_SELECT7_4_3_1_4,3361,HTML_PAGE_SELECT7_4_3_1_4,select7_4_3_1_4,true
SELECT7_4_3_2,3362,HACTION_SELECT7_4_3_2,3362,HTML_PAGE_SELECT7_4_3_2,select7_4_3_2,true
SELECT7_4_3_2_1,3363,HACTION_SELECT7_4_3_2_1,3363,HTML_PAGE_SELECT7_4_3_2_1,select7_4_3_2_1,true
SELECT7_4_3_2_2,3364,HACTION_SELECT7_4_3_2_2,3364,HTML_PAGE_SELECT7_4_3_2_2,select7_4_3_2_2,true
SELECT7_4_3_2_3,3365,HACTION_SELECT7_4_3_2_3,3365,HTML_PAGE_SELECT7_4_3_2_3,select7_4_3_2_3,true
SELECT7_4_3_2_4,3366,HACTION_SELECT7_4_3_2_4,3366,HTML_PAGE_SELECT7_4_3_2_4,select7_4_3_2_4,true
SELECT7_4_3_3,3367,HACTION_SELECT7_4_3_3,3367,HTML_PAGE_SELECT7_4_3_3,select7_4_3_3,true
SELECT7_4_3_3_1,3368,HACTION_SELECT7_4_3_3_1,3368,HTML_PAGE_SELECT7_4_3_3_1,select7_4_3_3_1,true
SELECT7_4_3_3_2,3369,HACTION_SELECT7_4_3_3_2,3369,HTML_PAGE_SELECT7_4_3_3_2,select7_4_3_3_2,true
SELECT7_4_3_3_3,3370,HACTION_SELECT7_4_3_3_3,3370,HTML_PAGE_SELECT7_4_3_3_3,select7_4_3_3_3,true
SELECT7_4_3_3_4,3371,HACTION_SELECT7_4_3_3_4,3371,HTML_PAGE_SELECT7_4_3_3_4,select7_4_3_3_4,true
SELECT7_4_3_4,3372,HACTION_SELECT7_4_3_4,3372,HTML_PAGE_SELECT7_4_3_4,select7_4_3_4,true
SELECT7_4_3_4_1,3373,HACTION_SELECT7_4_3_4_1,3373,HTML_PAGE_SELECT7_4_3_4_1,select7_4_3_4_1,true
SELECT7_4_3_4_2,3374,HACTION_SELECT7_4_3_4_2,3374,HTML_PAGE_SELECT7_4_3_4_2,select7_4_3_4_2,true
SELECT7_4_3_4_3,3375,HACTION_SELECT7_4_3_4_3,3375,HTML_PAGE_SELECT7_4_3_4_3,select7_4_3_4_3,true
SELECT7_4_3_4_4,3376,HACTION_SELECT7_4_3_4_4,3376,HTML_PAGE_SELECT7_4_3_4_4,select7_4_3_4_4,true
SELECT7_4_4,3377,HACTION_SELECT7_4_4,3377,HTML_PAGE_SELECT7_4_4,select7_4_4,true
SELECT7_4_4_1,3378,HACTION_SELECT7_4_4_1,3378,HTML_PAGE_SELECT7_4_4_1,select7_4_4_1,true
SELECT7_4_4_1_1,3379,HACTION_SELECT7_4_4_1_1,3379,HTML_PAGE_SELECT7_4_4_1_1,select7_4_4_1_1,true
SELECT7_4_4_1_2,3380,HACTION_SELECT7_4_4_1_2,3380,HTML_PAGE_SELECT7_4_4_1_2,select7_4_4_1_2,true
SELECT7_4_4_1_3,3381,HACTION_SELECT7_4_4_1_3,3381,HTML_PAGE_SELECT7_4_4_1_3,select7_4_4_1_3,true
SELECT7_4_4_1_4,3382,HACTION_SELECT7_4_4_1_4,3382,HTML_PAGE_SELECT7_4_4_1_4,select7_4_4_1_4,true
SELECT7_4_4_2,3383,HACTION_SELECT7_4_4_2,3383,HTML_PAGE_SELECT7_4_4_2,select7_4_4_2,true
SELECT7_4_4_2_1,3384,HACTION_SELECT7_4_4_2_1,3384,HTML_PAGE_SELECT7_4_4_2_1,select7_4_4_2_1,true
SELECT7_4_4_2_2,3385,HACTION_SELECT7_4_4_2_2,3385,HTML_PAGE_SELECT7_4_4_2_2,select7_4_4_2_2,true
SELECT7_4_4_2_3,3386,HACTION_SELECT7_4_4_2_3,3386,HTML_PAGE_SELECT7_4_4_2_3,select7_4_4_2_3,true
SELECT7_4_4_2_4,3387,HACTION_SELECT7_4_4_2_4,3387,HTML_PAGE_SELECT7_4_4_2_4,select7_4_4_2_4,true
SELECT7_4_4_3,3388,HACTION_SELECT7_4_4_3,3388,HTML_PAGE_SELECT7_4_4_3,select7_4_4_3,true
SELECT7_4_4_3_1,3389,HACTION_SELECT7_4_4_3_1,3389,HTML_PAGE_SELECT7_4_4_3_1,select7_4_4_3_1,true
SELECT7_4_4_3_2,3390,HACTION_SELECT7_4_4_3_2,3390,HTML_PAGE_SELECT7_4_4_3_2,select7_4_4_3_2,true
SELECT7_4_4_3_3,3391,HACTION_SELECT7_4_4_3_3,3391,HTML_PAGE_SELECT7_4_4_3_3,select7_4_4_3_3,true
SELECT7_4_4_3_4,3392,HACTION_SELECT7_4_4_3_4,3392,HTML_PAGE_SELECT7_4_4_3_4,select7_4_4_3_4,true
SELECT7_4_4_4,3393,HACTION_SELECT7_4_4_4,3393,HTML_PAGE_SELECT7_4_4_4,select7_4_4_4,true
SELECT7_4_4_4_1,3394,HACTION_SELECT7_4_4_4_1,3394,HTML_PAGE_SELECT7_4_4_4_1,select7_4_4_4_1,true
SELECT7_4_4_4_2,3395,HACTION_SELECT7_4_4_4_2,3395,HTML_PAGE_SELECT7_4_4_4_2,select7_4_4_4_2,true
SELECT7_4_4_4_3,3396,HACTION_SELECT7_4_4_4_3,3396,HTML_PAGE_SELECT7_4_4_4_3,select7_4_4_4_3,true
SELECT7_4_4_4_4,3397,HACTION_SELECT7_4_4_4_4,3397,HTML_PAGE_SELECT7_4_4_4_4,select7_4_4_4_4,true
SELECT8,3398,HACTION_SELECT8,3398,HTML_PAGE_SELECT8,select8,true
SELECT8_1,3399,HACTION_SELECT8_1,3399,HTML_PAGE_SELECT8_1,select8_1,true
SELECT8_1_1,3400,HACTION_SELECT8_1_1,3400,HTML_PAGE_SELECT8_1_1,select8_1_1,true
SELECT8_1_1_1,3401,HACTION_SELECT8_1_1_1,3401,HTML_PAGE_SELECT8_1_1_1,select8_1_1_1,true
SELECT8_1_1_1_1,3402,HACTION_SELECT8_1_1_1_1,3402,HTML_PAGE_SELECT8_1_1_1_1,select8_1_1_1_1,true
SELECT8_1_1_1_2,3403,HACTION_SELECT8_1_1_1_2,3403,HTML_PAGE_SELECT8_1_1_1_2,select8_1_1_1_2,true
SELECT8_1_1_1_3,3404,HACTION_SELECT8_1_1_1_3,3404,HTML_PAGE_SELECT8_1_1_1_3,select8_1_1_1_3,true
SELECT8_1_1_1_4,3405,HACTION_SELECT8_1_1_1_4,3405,HTML_PAGE_SELECT8_1_1_1_4,select8_1_1_1_4,true
SELECT8_1_1_2,3406,HACTION_SELECT8_1_1_2,3406,HTML_PAGE_SELECT8_1_1_2,select8_1_1_2,true
SELECT8_1_1_2_1,3407,HACTION_SELECT8_1_1_2_1,3407,HTML_PAGE_SELECT8_1_1_2_1,select8_1_1_2_1,true
SELECT8_1_1_2_2,3408,HACTION_SELECT8_1_1_2_2,3408,HTML_PAGE_SELECT8_1_1_2_2,select8_1_1_2_2,true
SELECT8_1_1_2_3,3409,HACTION_SELECT8_1_1_2_3,3409,HTML_PAGE_SELECT8_1_1_2_3,select8_1_1_2_3,true
SELECT8_1_1_2_4,3410,HACTION_SELECT8_1_1_2_4,3410,HTML_PAGE_SELECT8_1_1_2_4,select8_1_1_2_4,true
SELECT8_1_1_3,3411,HACTION_SELECT8_1_1_3,3411,HTML_PAGE_SELECT8_1_1_3,select8_1_1_3,true
SELECT8_1_1_3_1,3412,HACTION_SELECT8_1_1_3_1,3412,HTML_PAGE_SELECT8_1_1_3_1,select8_1_1_3_1,true
SELECT8_1_1_3_2,3413,HACTION_SELECT8_1_1_3_2,3413,HTML_PAGE_SELECT8_1_1_3_2,select8_1_1_3_2,true
SELECT8_1_1_3_3,3414,HACTION_SELECT8_1_1_3_3,3414,HTML_PAGE_SELECT8_1_1_3_3,select8_1_1_3_3,true
SELECT8_1_1_3_4,3415,HACTION_SELECT8_1_1_3_4,3415,HTML_PAGE_SELECT8_1_1_3_4,select8_1_1_3_4,true
SELECT8_1_1_4,3416,HACTION_SELECT8_1_1_4,3416,HTML_PAGE_SELECT8_1_1_4,select8_1_1_4,true
SELECT8_1_1_4_1,3417,HACTION_SELECT8_1_1_4_1,3417,HTML_PAGE_SELECT8_1_1_4_1,select8_1_1_4_1,true
SELECT8_1_1_4_2,3418,HACTION_SELECT8_1_1_4_2,3418,HTML_PAGE_SELECT8_1_1_4_2,select8_1_1_4_2,true
SELECT8_1_1_4_3,3419,HACTION_SELECT8_1_1_4_3,3419,HTML_PAGE_SELECT8_1_1_4_3,select8_1_1_4_3,true
SELECT8_1_1_4_4,3420,HACTION_SELECT8_1_1_4_4,3420,HTML_PAGE_SELECT8_1_1_4_4,select8_1_1_4_4,true
SELECT8_1_2,3421,HACTION_SELECT8_1_2,3421,HTML_PAGE_SELECT8_1_2,select8_1_2,true
SELECT8_1_2_1,3422,HACTION_SELECT8_1_2_1,3422,HTML_PAGE_SELECT8_1_2_1,select8_1_2_1,true
SELECT8_1_2_1_1,3423,HACTION_SELECT8_1_2_1_1,3423,HTML_PAGE_SELECT8_1_2_1_1,select8_1_2_1_1,true
SELECT8_1_2_1_2,3424,HACTION_SELECT8_1_2_1_2,3424,HTML_PAGE_SELECT8_1_2_1_2,select8_1_2_1_2,true
SELECT8_1_2_1_3,3425,HACTION_SELECT8_1_2_1_3,3425,HTML_PAGE_SELECT8_1_2_1_3,select8_1_2_1_3,true
SELECT8_1_2_1_4,3426,HACTION_SELECT8_1_2_1_4,3426,HTML_PAGE_SELECT8_1_2_1_4,select8_1_2_1_4,true
SELECT8_1_2_2,3427,HACTION_SELECT8_1_2_2,3427,HTML_PAGE_SELECT8_1_2_2,select8_1_2_2,true
SELECT8_1_2_2_1,3428,HACTION_SELECT8_1_2_2_1,3428,HTML_PAGE_SELECT8_1_2_2_1,select8_1_2_2_1,true
SELECT8_1_2_2_2,3429,HACTION_SELECT8_1_2_2_2,3429,HTML_PAGE_SELECT8_1_2_2_2,select8_1_2_2_2,true
SELECT8_1_2_2_3,3430,HACTION_SELECT8_1_2_2_3,3430,HTML_PAGE_SELECT8_1_2_2_3,select8_1_2_2_3,true
SELECT8_1_2_2_4,3431,HACTION_SELECT8_1_2_2_4,3431,HTML_PAGE_SELECT8_1_2_2_4,select8_1_2_2_4,true
SELECT8_1_2_3,3432,HACTION_SELECT8_1_2_3,3432,HTML_PAGE_SELECT8_1_2_3,select8_1_2_3,true
SELECT8_1_2_3_1,3433,HACTION_SELECT8_1_2_3_1,3433,HTML_PAGE_SELECT8_1_2_3_1,select8_1_2_3_1,true
SELECT8_1_2_3_2,3434,HACTION_SELECT8_1_2_3_2,3434,HTML_PAGE_SELECT8_1_2_3_2,select8_1_2_3_2,true
SELECT8_1_2_3_3,3435,HACTION_SELECT8_1_2_3_3,3435,HTML_PAGE_SELECT8_1_2_3_3,select8_1_2_3_3,true
SELECT8_1_2_3_4,3436,HACTION_SELECT8_1_2_3_4,3436,HTML_PAGE_SELECT8_1_2_3_4,select8_1_2_3_4,true
SELECT8_1_2_4,3437,HACTION_SELECT8_1_2_4,3437,HTML_PAGE_SELECT8_1_2_4,select8_1_2_4,true
SELECT8_1_2_4_1,3438,HACTION_SELECT8_1_2_4_1,3438,HTML_PAGE_SELECT8_1_2_4_1,select8_1_2_4_1,true
SELECT8_1_2_4_2,3439,HACTION_SELECT8_1_2_4_2,3439,HTML_PAGE_SELECT8_1_2_4_2,select8_1_2_4_2,true
SELECT8_1_2_4_3,3440,HACTION_SELECT8_1_2_4_3,3440,HTML_PAGE_SELECT8_1_2_4_3,select8_1_2_4_3,true
SELECT8_1_2_4_4,3441,HACTION_SELECT8_1_2_4_4,3441,HTML_PAGE_SELECT8_1_2_4_4,select8_1_2_4_4,true
SELECT8_1_3,3442,HACTION_SELECT8_1_3,3442,HTML_PAGE_SELECT8_1_3,select8_1_3,true
SELECT8_1_3_1,3443,HACTION_SELECT8_1_3_1,3443,HTML_PAGE_SELECT8_1_3_1,select8_1_3_1,true
SELECT8_1_3_1_1,3444,HACTION_SELECT8_1_3_1_1,3444,HTML_PAGE_SELECT8_1_3_1_1,select8_1_3_1_1,true
SELECT8_1_3_1_2,3445,HACTION_SELECT8_1_3_1_2,3445,HTML_PAGE_SELECT8_1_3_1_2,select8_1_3_1_2,true
SELECT8_1_3_1_3,3446,HACTION_SELECT8_1_3_1_3,3446,HTML_PAGE_SELECT8_1_3_1_3,select8_1_3_1_3,true
SELECT8_1_3_1_4,3447,HACTION_SELECT8_1_3_1_4,3447,HTML_PAGE_SELECT8_1_3_1_4,select8_1_3_1_4,true
SELECT8_1_3_2,3448,HACTION_SELECT8_1_3_2,3448,HTML_PAGE_SELECT8_1_3_2,select8_1_3_2,true
SELECT8_1_3_2_1,3449,HACTION_SELECT8_1_3_2_1,3449,HTML_PAGE_SELECT8_1_3_2_1,select8_1_3_2_1,true
SELECT8_1_3_2_2,3450,HACTION_SELECT8_1_3_2_2,3450,HTML_PAGE_SELECT8_1_3_2_2,select8_1_3_2_2,true
SELECT8_1_3_2_3,3451,HACTION_SELECT8_1_3_2_3,3451,HTML_PAGE_SELECT8_1_3_2_3,select8_1_3_2_3,true
SELECT8_1_3_2_4,3452,HACTION_SELECT8_1_3_2_4,3452,HTML_PAGE_SELECT8_1_3_2_4,select8_1_3_2_4,true
SELECT8_1_3_3,3453,HACTION_SELECT8_1_3_3,3453,HTML_PAGE_SELECT8_1_3_3,select8_1_3_3,true
SELECT8_1_3_3_1,3454,HACTION_SELECT8_1_3_3_1,3454,HTML_PAGE_SELECT8_1_3_3_1,select8_1_3_3_1,true
SELECT8_1_3_3_2,3455,HACTION_SELECT8_1_3_3_2,3455,HTML_PAGE_SELECT8_1_3_3_2,select8_1_3_3_2,true
SELECT8_1_3_3_3,3456,HACTION_SELECT8_1_3_3_3,3456,HTML_PAGE_SELECT8_1_3_3_3,select8_1_3_3_3,true
SELECT8_1_3_3_4,3457,HACTION_SELECT8_1_3_3_4,3457,HTML_PAGE_SELECT8_1_3_3_4,select8_1_3_3_4,true
SELECT8_1_3_4,3458,HACTION_SELECT8_1_3_4,3458,HTML_PAGE_SELECT8_1_3_4,select8_1_3_4,true
SELECT8_1_3_4_1,3459,HACTION_SELECT8_1_3_4_1,3459,HTML_PAGE_SELECT8_1_3_4_1,select8_1_3_4_1,true
SELECT8_1_3_4_2,3460,HACTION_SELECT8_1_3_4_2,3460,HTML_PAGE_SELECT8_1_3_4_2,select8_1_3_4_2,true
SELECT8_1_3_4_3,3461,HACTION_SELECT8_1_3_4_3,3461,HTML_PAGE_SELECT8_1_3_4_3,select8_1_3_4_3,true
SELECT8_1_3_4_4,3462,HACTION_SELECT8_1_3_4_4,3462,HTML_PAGE_SELECT8_1_3_4_4,select8_1_3_4_4,true
SELECT8_1_4,3463,HACTION_SELECT8_1_4,3463,HTML_PAGE_SELECT8_1_4,select8_1_4,true
SELECT8_1_4_1,3464,HACTION_SELECT8_1_4_1,3464,HTML_PAGE_SELECT8_1_4_1,select8_1_4_1,true
SELECT8_1_4_1_1,3465,HACTION_SELECT8_1_4_1_1,3465,HTML_PAGE_SELECT8_1_4_1_1,select8_1_4_1_1,true
SELECT8_1_4_1_2,3466,HACTION_SELECT8_1_4_1_2,3466,HTML_PAGE_SELECT8_1_4_1_2,select8_1_4_1_2,true
SELECT8_1_4_1_3,3467,HACTION_SELECT8_1_4_1_3,3467,HTML_PAGE_SELECT8_1_4_1_3,select8_1_4_1_3,true
SELECT8_1_4_1_4,3468,HACTION_SELECT8_1_4_1_4,3468,HTML_PAGE_SELECT8_1_4_1_4,select8_1_4_1_4,true
SELECT8_1_4_2,3469,HACTION_SELECT8_1_4_2,3469,HTML_PAGE_SELECT8_1_4_2,select8_1_4_2,true
SELECT8_1_4_2_1,3470,HACTION_SELECT8_1_4_2_1,3470,HTML_PAGE_SELECT8_1_4_2_1,select8_1_4_2_1,true
SELECT8_1_4_2_2,3471,HACTION_SELECT8_1_4_2_2,3471,HTML_PAGE_SELECT8_1_4_2_2,select8_1_4_2_2,true
SELECT8_1_4_2_3,3472,HACTION_SELECT8_1_4_2_3,3472,HTML_PAGE_SELECT8_1_4_2_3,select8_1_4_2_3,true
SELECT8_1_4_2_4,3473,HACTION_SELECT8_1_4_2_4,3473,HTML_PAGE_SELECT8_1_4_2_4,select8_1_4_2_4,true
SELECT8_1_4_3,3474,HACTION_SELECT8_1_4_3,3474,HTML_PAGE_SELECT8_1_4_3,select8_1_4_3,true
SELECT8_1_4_3_1,3475,HACTION_SELECT8_1_4_3_1,3475,HTML_PAGE_SELECT8_1_4_3_1,select8_1_4_3_1,true
SELECT8_1_4_3_2,3476,HACTION_SELECT8_1_4_3_2,3476,HTML_PAGE_SELECT8_1_4_3_2,select8_1_4_3_2,true
SELECT8_1_4_3_3,3477,HACTION_SELECT8_1_4_3_3,3477,HTML_PAGE_SELECT8_1_4_3_3,select8_1_4_3_3,true
SELECT8_1_4_3_4,3478,HACTION_SELECT8_1_4_3_4,3478,HTML_PAGE_SELECT8_1_4_3_4,select8_1_4_3_4,true
SELECT8_1_4_4,3479,HACTION_SELECT8_1_4_4,3479,HTML_PAGE_SELECT8_1_4_4,select8_1_4_4,true
SELECT8_1_4_4_1,3480,HACTION_SELECT8_1_4_4_1,3480,HTML_PAGE_SELECT8_1_4_4_1,select8_1_4_4_1,true
SELECT8_1_4_4_2,3481,HACTION_SELECT8_1_4_4_2,3481,HTML_PAGE_SELECT8_1_4_4_2,select8_1_4_4_2,true
SELECT8_1_4_4_3,3482,HACTION_SELECT8_1_4_4_3,3482,HTML_PAGE_SELECT8_1_4_4_3,select8_1_4_4_3,true
SELECT8_1_4_4_4,3483,HACTION_SELECT8_1_4_4_4,3483,HTML_PAGE_SELECT8_1_4_4_4,select8_1_4_4_4,true
SELECT8_2,3484,HACTION_SELECT8_2,3484,HTML_PAGE_SELECT8_2,select8_2,true
SELECT8_2_1,3485,HACTION_SELECT8_2_1,3485,HTML_PAGE_SELECT8_2_1,select8_2_1,true
SELECT8_2_1_1,3486,HACTION_SELECT8_2_1_1,3486,HTML_PAGE_SELECT8_2_1_1,select8_2_1_1,true
SELECT8_2_1_1_1,3487,HACTION_SELECT8_2_1_1_1,3487,HTML_PAGE_SELECT8_2_1_1_1,select8_2_1_1_1,true
SELECT8_2_1_1_2,3488,HACTION_SELECT8_2_1_1_2,3488,HTML_PAGE_SELECT8_2_1_1_2,select8_2_1_1_2,true
SELECT8_2_1_1_3,3489,HACTION_SELECT8_2_1_1_3,3489,HTML_PAGE_SELECT8_2_1_1_3,select8_2_1_1_3,true
SELECT8_2_1_1_4,3490,HACTION_SELECT8_2_1_1_4,3490,HTML_PAGE_SELECT8_2_1_1_4,select8_2_1_1_4,true
SELECT8_2_1_2,3491,HACTION_SELECT8_2_1_2,3491,HTML_PAGE_SELECT8_2_1_2,select8_2_1_2,true
SELECT8_2_1_2_1,3492,HACTION_SELECT8_2_1_2_1,3492,HTML_PAGE_SELECT8_2_1_2_1,select8_2_1_2_1,true
SELECT8_2_1_2_2,3493,HACTION_SELECT8_2_1_2_2,3493,HTML_PAGE_SELECT8_2_1_2_2,select8_2_1_2_2,true
SELECT8_2_1_2_3,3494,HACTION_SELECT8_2_1_2_3,3494,HTML_PAGE_SELECT8_2_1_2_3,select8_2_1_2_3,true
SELECT8_2_1_2_4,3495,HACTION_SELECT8_2_1_2_4,3495,HTML_PAGE_SELECT8_2_1_2_4,select8_2_1_2_4,true
SELECT8_2_1_3,3496,HACTION_SELECT8_2_1_3,3496,HTML_PAGE_SELECT8_2_1_3,select8_2_1_3,true
SELECT8_2_1_3_1,3497,HACTION_SELECT8_2_1_3_1,3497,HTML_PAGE_SELECT8_2_1_3_1,select8_2_1_3_1,true
SELECT8_2_1_3_2,3498,HACTION_SELECT8_2_1_3_2,3498,HTML_PAGE_SELECT8_2_1_3_2,select8_2_1_3_2,true
SELECT8_2_1_3_3,3499,HACTION_SELECT8_2_1_3_3,3499,HTML_PAGE_SELECT8_2_1_3_3,select8_2_1_3_3,true
SELECT8_2_1_3_4,3500,HACTION_SELECT8_2_1_3_4,3500,HTML_PAGE_SELECT8_2_1_3_4,select8_2_1_3_4,true
SELECT8_2_1_4,3501,HACTION_SELECT8_2_1_4,3501,HTML_PAGE_SELECT8_2_1_4,select8_2_1_4,true
SELECT8_2_1_4_1,3502,HACTION_SELECT8_2_1_4_1,3502,HTML_PAGE_SELECT8_2_1_4_1,select8_2_1_4_1,true
SELECT8_2_1_4_2,3503,HACTION_SELECT8_2_1_4_2,3503,HTML_PAGE_SELECT8_2_1_4_2,select8_2_1_4_2,true
SELECT8_2_1_4_3,3504,HACTION_SELECT8_2_1_4_3,3504,HTML_PAGE_SELECT8_2_1_4_3,select8_2_1_4_3,true
SELECT8_2_1_4_4,3505,HACTION_SELECT8_2_1_4_4,3505,HTML_PAGE_SELECT8_2_1_4_4,select8_2_1_4_4,true
SELECT8_2_2,3506,HACTION_SELECT8_2_2,3506,HTML_PAGE_SELECT8_2_2,select8_2_2,true
SELECT8_2_2_1,3507,HACTION_SELECT8_2_2_1,3507,HTML_PAGE_SELECT8_2_2_1,select8_2_2_1,true
SELECT8_2_2_1_1,3508,HACTION_SELECT8_2_2_1_1,3508,HTML_PAGE_SELECT8_2_2_1_1,select8_2_2_1_1,true
SELECT8_2_2_1_2,3509,HACTION_SELECT8_2_2_1_2,3509,HTML_PAGE_SELECT8_2_2_1_2,select8_2_2_1_2,true
SELECT8_2_2_1_3,3510,HACTION_SELECT8_2_2_1_3,3510,HTML_PAGE_SELECT8_2_2_1_3,select8_2_2_1_3,true
SELECT8_2_2_1_4,3511,HACTION_SELECT8_2_2_1_4,3511,HTML_PAGE_SELECT8_2_2_1_4,select8_2_2_1_4,true
SELECT8_2_2_2,3512,HACTION_SELECT8_2_2_2,3512,HTML_PAGE_SELECT8_2_2_2,select8_2_2_2,true
SELECT8_2_2_2_1,3513,HACTION_SELECT8_2_2_2_1,3513,HTML_PAGE_SELECT8_2_2_2_1,select8_2_2_2_1,true
SELECT8_2_2_2_2,3514,HACTION_SELECT8_2_2_2_2,3514,HTML_PAGE_SELECT8_2_2_2_2,select8_2_2_2_2,true
SELECT8_2_2_2_3,3515,HACTION_SELECT8_2_2_2_3,3515,HTML_PAGE_SELECT8_2_2_2_3,select8_2_2_2_3,true
SELECT8_2_2_2_4,3516,HACTION_SELECT8_2_2_2_4,3516,HTML_PAGE_SELECT8_2_2_2_4,select8_2_2_2_4,true
SELECT8_2_2_3,3517,HACTION_SELECT8_2_2_3,3517,HTML_PAGE_SELECT8_2_2_3,select8_2_2_3,true
SELECT8_2_2_3_1,3518,HACTION_SELECT8_2_2_3_1,3518,HTML_PAGE_SELECT8_2_2_3_1,select8_2_2_3_1,true
SELECT8_2_2_3_2,3519,HACTION_SELECT8_2_2_3_2,3519,HTML_PAGE_SELECT8_2_2_3_2,select8_2_2_3_2,true
SELECT8_2_2_3_3,3520,HACTION_SELECT8_2_2_3_3,3520,HTML_PAGE_SELECT8_2_2_3_3,select8_2_2_3_3,true
SELECT8_2_2_3_4,3521,HACTION_SELECT8_2_2_3_4,3521,HTML_PAGE_SELECT8_2_2_3_4,select8_2_2_3_4,true
SELECT8_2_2_4,3522,HACTION_SELECT8_2_2_4,3522,HTML_PAGE_SELECT8_2_2_4,select8_2_2_4,true
SELECT8_2_2_4_1,3523,HACTION_SELECT8_2_2_4_1,3523,HTML_PAGE_SELECT8_2_2_4_1,select8_2_2_4_1,true
SELECT8_2_2_4_2,3524,HACTION_SELECT8_2_2_4_2,3524,HTML_PAGE_SELECT8_2_2_4_2,select8_2_2_4_2,true
SELECT8_2_2_4_3,3525,HACTION_SELECT8_2_2_4_3,3525,HTML_PAGE_SELECT8_2_2_4_3,select8_2_2_4_3,true
SELECT8_2_2_4_4,3526,HACTION_SELECT8_2_2_4_4,3526,HTML_PAGE_SELECT8_2_2_4_4,select8_2_2_4_4,true
SELECT8_2_3,3527,HACTION_SELECT8_2_3,3527,HTML_PAGE_SELECT8_2_3,select8_2_3,true
SELECT8_2_3_1,3528,HACTION_SELECT8_2_3_1,3528,HTML_PAGE_SELECT8_2_3_1,select8_2_3_1,true
SELECT8_2_3_1_1,3529,HACTION_SELECT8_2_3_1_1,3529,HTML_PAGE_SELECT8_2_3_1_1,select8_2_3_1_1,true
SELECT8_2_3_1_2,3530,HACTION_SELECT8_2_3_1_2,3530,HTML_PAGE_SELECT8_2_3_1_2,select8_2_3_1_2,true
SELECT8_2_3_1_3,3531,HACTION_SELECT8_2_3_1_3,3531,HTML_PAGE_SELECT8_2_3_1_3,select8_2_3_1_3,true
SELECT8_2_3_1_4,3532,HACTION_SELECT8_2_3_1_4,3532,HTML_PAGE_SELECT8_2_3_1_4,select8_2_3_1_4,true
SELECT8_2_3_2,3533,HACTION_SELECT8_2_3_2,3533,HTML_PAGE_SELECT8_2_3_2,select8_2_3_2,true
SELECT8_2_3_2_1,3534,HACTION_SELECT8_2_3_2_1,3534,HTML_PAGE_SELECT8_2_3_2_1,select8_2_3_2_1,true
SELECT8_2_3_2_2,3535,HACTION_SELECT8_2_3_2_2,3535,HTML_PAGE_SELECT8_2_3_2_2,select8_2_3_2_2,true
SELECT8_2_3_2_3,3536,HACTION_SELECT8_2_3_2_3,3536,HTML_PAGE_SELECT8_2_3_2_3,select8_2_3_2_3,true
SELECT8_2_3_2_4,3537,HACTION_SELECT8_2_3_2_4,3537,HTML_PAGE_SELECT8_2_3_2_4,select8_2_3_2_4,true
SELECT8_2_3_3,3538,HACTION_SELECT8_2_3_3,3538,HTML_PAGE_SELECT8_2_3_3,select8_2_3_3,true
SELECT8_2_3_3_1,3539,HACTION_SELECT8_2_3_3_1,3539,HTML_PAGE_SELECT8_2_3_3_1,select8_2_3_3_1,true
SELECT8_2_3_3_2,3540,HACTION_SELECT8_2_3_3_2,3540,HTML_PAGE_SELECT8_2_3_3_2,select8_2_3_3_2,true
SELECT8_2_3_3_3,3541,HACTION_SELECT8_2_3_3_3,3541,HTML_PAGE_SELECT8_2_3_3_3,select8_2_3_3_3,true
SELECT8_2_3_3_4,3542,HACTION_SELECT8_2_3_3_4,3542,HTML_PAGE_SELECT8_2_3_3_4,select8_2_3_3_4,true
SELECT8_2_3_4,3543,HACTION_SELECT8_2_3_4,3543,HTML_PAGE_SELECT8_2_3_4,select8_2_3_4,true
SELECT8_2_3_4_1,3544,HACTION_SELECT8_2_3_4_1,3544,HTML_PAGE_SELECT8_2_3_4_1,select8_2_3_4_1,true
SELECT8_2_3_4_2,3545,HACTION_SELECT8_2_3_4_2,3545,HTML_PAGE_SELECT8_2_3_4_2,select8_2_3_4_2,true
SELECT8_2_3_4_3,3546,HACTION_SELECT8_2_3_4_3,3546,HTML_PAGE_SELECT8_2_3_4_3,select8_2_3_4_3,true
SELECT8_2_3_4_4,3547,HACTION_SELECT8_2_3_4_4,3547,HTML_PAGE_SELECT8_2_3_4_4,select8_2_3_4_4,true
SELECT8_2_4,3548,HACTION_SELECT8_2_4,3548,HTML_PAGE_SELECT8_2_4,select8_2_4,true
SELECT8_2_4_1,3549,HACTION_SELECT8_2_4_1,3549,HTML_PAGE_SELECT8_2_4_1,select8_2_4_1,true
SELECT8_2_4_1_1,3550,HACTION_SELECT8_2_4_1_1,3550,HTML_PAGE_SELECT8_2_4_1_1,select8_2_4_1_1,true
SELECT8_2_4_1_2,3551,HACTION_SELECT8_2_4_1_2,3551,HTML_PAGE_SELECT8_2_4_1_2,select8_2_4_1_2,true
SELECT8_2_4_1_3,3552,HACTION_SELECT8_2_4_1_3,3552,HTML_PAGE_SELECT8_2_4_1_3,select8_2_4_1_3,true
SELECT8_2_4_1_4,3553,HACTION_SELECT8_2_4_1_4,3553,HTML_PAGE_SELECT8_2_4_1_4,select8_2_4_1_4,true
SELECT8_2_4_2,3554,HACTION_SELECT8_2_4_2,3554,HTML_PAGE_SELECT8_2_4_2,select8_2_4_2,true
SELECT8_2_4_2_1,3555,HACTION_SELECT8_2_4_2_1,3555,HTML_PAGE_SELECT8_2_4_2_1,select8_2_4_2_1,true
SELECT8_2_4_2_2,3556,HACTION_SELECT8_2_4_2_2,3556,HTML_PAGE_SELECT8_2_4_2_2,select8_2_4_2_2,true
SELECT8_2_4_2_3,3557,HACTION_SELECT8_2_4_2_3,3557,HTML_PAGE_SELECT8_2_4_2_3,select8_2_4_2_3,true
SELECT8_2_4_2_4,3558,HACTION_SELECT8_2_4_2_4,3558,HTML_PAGE_SELECT8_2_4_2_4,select8_2_4_2_4,true
SELECT8_2_4_3,3559,HACTION_SELECT8_2_4_3,3559,HTML_PAGE_SELECT8_2_4_3,select8_2_4_3,true
SELECT8_2_4_3_1,3560,HACTION_SELECT8_2_4_3_1,3560,HTML_PAGE_SELECT8_2_4_3_1,select8_2_4_3_1,true
SELECT8_2_4_3_2,3561,HACTION_SELECT8_2_4_3_2,3561,HTML_PAGE_SELECT8_2_4_3_2,select8_2_4_3_2,true
SELECT8_2_4_3_3,3562,HACTION_SELECT8_2_4_3_3,3562,HTML_PAGE_SELECT8_2_4_3_3,select8_2_4_3_3,true
SELECT8_2_4_3_4,3563,HACTION_SELECT8_2_4_3_4,3563,HTML_PAGE_SELECT8_2_4_3_4,select8_2_4_3_4,true
SELECT8_2_4_4,3564,HACTION_SELECT8_2_4_4,3564,HTML_PAGE_SELECT8_2_4_4,select8_2_4_4,true
SELECT8_2_4_4_1,3565,HACTION_SELECT8_2_4_4_1,3565,HTML_PAGE_SELECT8_2_4_4_1,select8_2_4_4_1,true
SELECT8_2_4_4_2,3566,HACTION_SELECT8_2_4_4_2,3566,HTML_PAGE_SELECT8_2_4_4_2,select8_2_4_4_2,true
SELECT8_2_4_4_3,3567,HACTION_SELECT8_2_4_4_3,3567,HTML_PAGE_SELECT8_2_4_4_3,select8_2_4_4_3,true
SELECT8_2_4_4_4,3568,HACTION_SELECT8_2_4_4_4,3568,HTML_PAGE_SELECT8_2_4_4_4,select8_2_4_4_4,true
SELECT8_3,3569,HACTION_SELECT8_3,3569,HTML_PAGE_SELECT8_3,select8_3,true
SELECT8_3_1,3570,HACTION_SELECT8_3_1,3570,HTML_PAGE_SELECT8_3_1,select8_3_1,true
SELECT8_3_1_1,3571,HACTION_SELECT8_3_1_1,3571,HTML_PAGE_SELECT8_3_1_1,select8_3_1_1,true
SELECT8_3_1_1_1,3572,HACTION_SELECT8_3_1_1_1,3572,HTML_PAGE_SELECT8_3_1_1_1,select8_3_1_1_1,true
SELECT8_3_1_1_2,3573,HACTION_SELECT8_3_1_1_2,3573,HTML_PAGE_SELECT8_3_1_1_2,select8_3_1_1_2,true
SELECT8_3_1_1_3,3574,HACTION_SELECT8_3_1_1_3,3574,HTML_PAGE_SELECT8_3_1_1_3,select8_3_1_1_3,true
SELECT8_3_1_1_4,3575,HACTION_SELECT8_3_1_1_4,3575,HTML_PAGE_SELECT8_3_1_1_4,select8_3_1_1_4,true
SELECT8_3_1_2,3576,HACTION_SELECT8_3_1_2,3576,HTML_PAGE_SELECT8_3_1_2,select8_3_1_2,true
SELECT8_3_1_2_1,3577,HACTION_SELECT8_3_1_2_1,3577,HTML_PAGE_SELECT8_3_1_2_1,select8_3_1_2_1,true
SELECT8_3_1_2_2,3578,HACTION_SELECT8_3_1_2_2,3578,HTML_PAGE_SELECT8_3_1_2_2,select8_3_1_2_2,true
SELECT8_3_1_2_3,3579,HACTION_SELECT8_3_1_2_3,3579,HTML_PAGE_SELECT8_3_1_2_3,select8_3_1_2_3,true
SELECT8_3_1_2_4,3580,HACTION_SELECT8_3_1_2_4,3580,HTML_PAGE_SELECT8_3_1_2_4,select8_3_1_2_4,true
SELECT8_3_1_3,3581,HACTION_SELECT8_3_1_3,3581,HTML_PAGE_SELECT8_3_1_3,select8_3_1_3,true
SELECT8_3_1_3_1,3582,HACTION_SELECT8_3_1_3_1,3582,HTML_PAGE_SELECT8_3_1_3_1,select8_3_1_3_1,true
SELECT8_3_1_3_2,3583,HACTION_SELECT8_3_1_3_2,3583,HTML_PAGE_SELECT8_3_1_3_2,select8_3_1_3_2,true
SELECT8_3_1_3_3,3584,HACTION_SELECT8_3_1_3_3,3584,HTML_PAGE_SELECT8_3_1_3_3,select8_3_1_3_3,true
SELECT8_3_1_3_4,3585,HACTION_SELECT8_3_1_3_4,3585,HTML_PAGE_SELECT8_3_1_3_4,select8_3_1_3_4,true
SELECT8_3_1_4,3586,HACTION_SELECT8_3_1_4,3586,HTML_PAGE_SELECT8_3_1_4,select8_3_1_4,true
SELECT8_3_1_4_1,3587,HACTION_SELECT8_3_1_4_1,3587,HTML_PAGE_SELECT8_3_1_4_1,select8_3_1_4_1,true
SELECT8_3_1_4_2,3588,HACTION_SELECT8_3_1_4_2,3588,HTML_PAGE_SELECT8_3_1_4_2,select8_3_1_4_2,true
SELECT8_3_1_4_3,3589,HACTION_SELECT8_3_1_4_3,3589,HTML_PAGE_SELECT8_3_1_4_3,select8_3_1_4_3,true
SELECT8_3_1_4_4,3590,HACTION_SELECT8_3_1_4_4,3590,HTML_PAGE_SELECT8_3_1_4_4,select8_3_1_4_4,true
SELECT8_3_2,3591,HACTION_SELECT8_3_2,3591,HTML_PAGE_SELECT8_3_2,select8_3_2,true
SELECT8_3_2_1,3592,HACTION_SELECT8_3_2_1,3592,HTML_PAGE_SELECT8_3_2_1,select8_3_2_1,true
SELECT8_3_2_1_1,3593,HACTION_SELECT8_3_2_1_1,3593,HTML_PAGE_SELECT8_3_2_1_1,select8_3_2_1_1,true
SELECT8_3_2_1_2,3594,HACTION_SELECT8_3_2_1_2,3594,HTML_PAGE_SELECT8_3_2_1_2,select8_3_2_1_2,true
SELECT8_3_2_1_3,3595,HACTION_SELECT8_3_2_1_3,3595,HTML_PAGE_SELECT8_3_2_1_3,select8_3_2_1_3,true
SELECT8_3_2_1_4,3596,HACTION_SELECT8_3_2_1_4,3596,HTML_PAGE_SELECT8_3_2_1_4,select8_3_2_1_4,true
SELECT8_3_2_2,3597,HACTION_SELECT8_3_2_2,3597,HTML_PAGE_SELECT8_3_2_2,select8_3_2_2,true
SELECT8_3_2_2_1,3598,HACTION_SELECT8_3_2_2_1,3598,HTML_PAGE_SELECT8_3_2_2_1,select8_3_2_2_1,true
SELECT8_3_2_2_2,3599,HACTION_SELECT8_3_2_2_2,3599,HTML_PAGE_SELECT8_3_2_2_2,select8_3_2_2_2,true
SELECT8_3_2_2_3,3600,HACTION_SELECT8_3_2_2_3,3600,HTML_PAGE_SELECT8_3_2_2_3,select8_3_2_2_3,true
SELECT8_3_2_2_4,3601,HACTION_SELECT8_3_2_2_4,3601,HTML_PAGE_SELECT8_3_2_2_4,select8_3_2_2_4,true
SELECT8_3_2_3,3602,HACTION_SELECT8_3_2_3,3602,HTML_PAGE_SELECT8_3_2_3,select8_3_2_3,true
SELECT8_3_2_3_1,3603,HACTION_SELECT8_3_2_3_1,3603,HTML_PAGE_SELECT8_3_2_3_1,select8_3_2_3_1,true
SELECT8_3_2_3_2,3604,HACTION_SELECT8_3_2_3_2,3604,HTML_PAGE_SELECT8_3_2_3_2,select8_3_2_3_2,true
SELECT8_3_2_3_3,3605,HACTION_SELECT8_3_2_3_3,3605,HTML_PAGE_SELECT8_3_2_3_3,select8_3_2_3_3,true
SELECT8_3_2_3_4,3606,HACTION_SELECT8_3_2_3_4,3606,HTML_PAGE_SELECT8_3_2_3_4,select8_3_2_3_4,true
SELECT8_3_2_4,3607,HACTION_SELECT8_3_2_4,3607,HTML_PAGE_SELECT8_3_2_4,select8_3_2_4,true
SELECT8_3_2_4_1,3608,HACTION_SELECT8_3_2_4_1,3608,HTML_PAGE_SELECT8_3_2_4_1,select8_3_2_4_1,true
SELECT8_3_2_4_2,3609,HACTION_SELECT8_3_2_4_2,3609,HTML_PAGE_SELECT8_3_2_4_2,select8_3_2_4_2,true
SELECT8_3_2_4_3,3610,HACTION_SELECT8_3_2_4_3,3610,HTML_PAGE_SELECT8_3_2_4_3,select8_3_2_4_3,true
SELECT8_3_2_4_4,3611,HACTION_SELECT8_3_2_4_4,3611,HTML_PAGE_SELECT8_3_2_4_4,select8_3_2_4_4,true
SELECT8_3_3,3612,HACTION_SELECT8_3_3,3612,HTML_PAGE_SELECT8_3_3,select8_3_3,true
SELECT8_3_3_1,3613,HACTION_SELECT8_3_3_1,3613,HTML_PAGE_SELECT8_3_3_1,select8_3_3_1,true
SELECT8_3_3_1_1,3614,HACTION_SELECT8_3_3_1_1,3614,HTML_PAGE_SELECT8_3_3_1_1,select8_3_3_1_1,true
SELECT8_3_3_1_2,3615,HACTION_SELECT8_3_3_1_2,3615,HTML_PAGE_SELECT8_3_3_1_2,select8_3_3_1_2,true
SELECT8_3_3_1_3,3616,HACTION_SELECT8_3_3_1_3,3616,HTML_PAGE_SELECT8_3_3_1_3,select8_3_3_1_3,true
SELECT8_3_3_1_4,3617,HACTION_SELECT8_3_3_1_4,3617,HTML_PAGE_SELECT8_3_3_1_4,select8_3_3_1_4,true
SELECT8_3_3_2,3618,HACTION_SELECT8_3_3_2,3618,HTML_PAGE_SELECT8_3_3_2,select8_3_3_2,true
SELECT8_3_3_2_1,3619,HACTION_SELECT8_3_3_2_1,3619,HTML_PAGE_SELECT8_3_3_2_1,select8_3_3_2_1,true
SELECT8_3_3_2_2,3620,HACTION_SELECT8_3_3_2_2,3620,HTML_PAGE_SELECT8_3_3_2_2,select8_3_3_2_2,true
SELECT8_3_3_2_3,3621,HACTION_SELECT8_3_3_2_3,3621,HTML_PAGE_SELECT8_3_3_2_3,select8_3_3_2_3,true
SELECT8_3_3_2_4,3622,HACTION_SELECT8_3_3_2_4,3622,HTML_PAGE_SELECT8_3_3_2_4,select8_3_3_2_4,true
SELECT8_3_3_3,3623,HACTION_SELECT8_3_3_3,3623,HTML_PAGE_SELECT8_3_3_3,select8_3_3_3,true
SELECT8_3_3_3_1,3624,HACTION_SELECT8_3_3_3_1,3624,HTML_PAGE_SELECT8_3_3_3_1,select8_3_3_3_1,true
SELECT8_3_3_3_2,3625,HACTION_SELECT8_3_3_3_2,3625,HTML_PAGE_SELECT8_3_3_3_2,select8_3_3_3_2,true
SELECT8_3_3_3_3,3626,HACTION_SELECT8_3_3_3_3,3626,HTML_PAGE_SELECT8_3_3_3_3,select8_3_3_3_3,true
SELECT8_3_3_3_4,3627,HACTION_SELECT8_3_3_3_4,3627,HTML_PAGE_SELECT8_3_3_3_4,select8_3_3_3_4,true
SELECT8_3_3_4,3628,HACTION_SELECT8_3_3_4,3628,HTML_PAGE_SELECT8_3_3_4,select8_3_3_4,true
SELECT8_3_3_4_1,3629,HACTION_SELECT8_3_3_4_1,3629,HTML_PAGE_SELECT8_3_3_4_1,select8_3_3_4_1,true
SELECT8_3_3_4_2,3630,HACTION_SELECT8_3_3_4_2,3630,HTML_PAGE_SELECT8_3_3_4_2,select8_3_3_4_2,true
SELECT8_3_3_4_3,3631,HACTION_SELECT8_3_3_4_3,3631,HTML_PAGE_SELECT8_3_3_4_3,select8_3_3_4_3,true
SELECT8_3_3_4_4,3632,HACTION_SELECT8_3_3_4_4,3632,HTML_PAGE_SELECT8_3_3_4_4,select8_3_3_4_4,true
SELECT8_3_4,3633,HACTION_SELECT8_3_4,3633,HTML_PAGE_SELECT8_3_4,select8_3_4,true
SELECT8_3_4_1,3634,HACTION_SELECT8_3_4_1,3634,HTML_PAGE_SELECT8_3_4_1,select8_3_4_1,true
SELECT8_3_4_1_1,3635,HACTION_SELECT8_3_4_1_1,3635,HTML_PAGE_SELECT8_3_4_1_1,select8_3_4_1_1,true
SELECT8_3_4_1_2,3636,HACTION_SELECT8_3_4_1_2,3636,HTML_PAGE_SELECT8_3_4_1_2,select8_3_4_1_2,true
SELECT8_3_4_1_3,3637,HACTION_SELECT8_3_4_1_3,3637,HTML_PAGE_SELECT8_3_4_1_3,select8_3_4_1_3,true
SELECT8_3_4_1_4,3638,HACTION_SELECT8_3_4_1_4,3638,HTML_PAGE_SELECT8_3_4_1_4,select8_3_4_1_4,true
SELECT8_3_4_2,3639,HACTION_SELECT8_3_4_2,3639,HTML_PAGE_SELECT8_3_4_2,select8_3_4_2,true
SELECT8_3_4_2_1,3640,HACTION_SELECT8_3_4_2_1,3640,HTML_PAGE_SELECT8_3_4_2_1,select8_3_4_2_1,true
SELECT8_3_4_2_2,3641,HACTION_SELECT8_3_4_2_2,3641,HTML_PAGE_SELECT8_3_4_2_2,select8_3_4_2_2,true
SELECT8_3_4_2_3,3642,HACTION_SELECT8_3_4_2_3,3642,HTML_PAGE_SELECT8_3_4_2_3,select8_3_4_2_3,true
SELECT8_3_4_2_4,3643,HACTION_SELECT8_3_4_2_4,3643,HTML_PAGE_SELECT8_3_4_2_4,select8_3_4_2_4,true
SELECT8_3_4_3,3644,HACTION_SELECT8_3_4_3,3644,HTML_PAGE_SELECT8_3_4_3,select8_3_4_3,true
SELECT8_3_4_3_1,3645,HACTION_SELECT8_3_4_3_1,3645,HTML_PAGE_SELECT8_3_4_3_1,select8_3_4_3_1,true
SELECT8_3_4_3_2,3646,HACTION_SELECT8_3_4_3_2,3646,HTML_PAGE_SELECT8_3_4_3_2,select8_3_4_3_2,true
SELECT8_3_4_3_3,3647,HACTION_SELECT8_3_4_3_3,3647,HTML_PAGE_SELECT8_3_4_3_3,select8_3_4_3_3,true
SELECT8_3_4_3_4,3648,HACTION_SELECT8_3_4_3_4,3648,HTML_PAGE_SELECT8_3_4_3_4,select8_3_4_3_4,true
SELECT8_3_4_4,3649,HACTION_SELECT8_3_4_4,3649,HTML_PAGE_SELECT8_3_4_4,select8_3_4_4,true
SELECT8_3_4_4_1,3650,HACTION_SELECT8_3_4_4_1,3650,HTML_PAGE_SELECT8_3_4_4_1,select8_3_4_4_1,true
SELECT8_3_4_4_2,3651,HACTION_SELECT8_3_4_4_2,3651,HTML_PAGE_SELECT8_3_4_4_2,select8_3_4_4_2,true
SELECT8_3_4_4_3,3652,HACTION_SELECT8_3_4_4_3,3652,HTML_PAGE_SELECT8_3_4_4_3,select8_3_4_4_3,true
SELECT8_3_4_4_4,3653,HACTION_SELECT8_3_4_4_4,3653,HTML_PAGE_SELECT8_3_4_4_4,select8_3_4_4_4,true
SELECT8_4,3654,HACTION_SELECT8_4,3654,HTML_PAGE_SELECT8_4,select8_4,true
SELECT8_4_1,3655,HACTION_SELECT8_4_1,3655,HTML_PAGE_SELECT8_4_1,select8_4_1,true
SELECT8_4_1_1,3656,HACTION_SELECT8_4_1_1,3656,HTML_PAGE_SELECT8_4_1_1,select8_4_1_1,true
SELECT8_4_1_1_1,3657,HACTION_SELECT8_4_1_1_1,3657,HTML_PAGE_SELECT8_4_1_1_1,select8_4_1_1_1,true
SELECT8_4_1_1_2,3658,HACTION_SELECT8_4_1_1_2,3658,HTML_PAGE_SELECT8_4_1_1_2,select8_4_1_1_2,true
SELECT8_4_1_1_3,3659,HACTION_SELECT8_4_1_1_3,3659,HTML_PAGE_SELECT8_4_1_1_3,select8_4_1_1_3,true
SELECT8_4_1_1_4,3660,HACTION_SELECT8_4_1_1_4,3660,HTML_PAGE_SELECT8_4_1_1_4,select8_4_1_1_4,true
SELECT8_4_1_2,3661,HACTION_SELECT8_4_1_2,3661,HTML_PAGE_SELECT8_4_1_2,select8_4_1_2,true
SELECT8_4_1_2_1,3662,HACTION_SELECT8_4_1_2_1,3662,HTML_PAGE_SELECT8_4_1_2_1,select8_4_1_2_1,true
SELECT8_4_1_2_2,3663,HACTION_SELECT8_4_1_2_2,3663,HTML_PAGE_SELECT8_4_1_2_2,select8_4_1_2_2,true
SELECT8_4_1_2_3,3664,HACTION_SELECT8_4_1_2_3,3664,HTML_PAGE_SELECT8_4_1_2_3,select8_4_1_2_3,true
SELECT8_4_1_2_4,3665,HACTION_SELECT8_4_1_2_4,3665,HTML_PAGE_SELECT8_4_1_2_4,select8_4_1_2_4,true
SELECT8_4_1_3,3666,HACTION_SELECT8_4_1_3,3666,HTML_PAGE_SELECT8_4_1_3,select8_4_1_3,true
SELECT8_4_1_3_1,3667,HACTION_SELECT8_4_1_3_1,3667,HTML_PAGE_SELECT8_4_1_3_1,select8_4_1_3_1,true
SELECT8_4_1_3_2,3668,HACTION_SELECT8_4_1_3_2,3668,HTML_PAGE_SELECT8_4_1_3_2,select8_4_1_3_2,true
SELECT8_4_1_3_3,3669,HACTION_SELECT8_4_1_3_3,3669,HTML_PAGE_SELECT8_4_1_3_3,select8_4_1_3_3,true
SELECT8_4_1_3_4,3670,HACTION_SELECT8_4_1_3_4,3670,HTML_PAGE_SELECT8_4_1_3_4,select8_4_1_3_4,true
SELECT8_4_1_4,3671,HACTION_SELECT8_4_1_4,3671,HTML_PAGE_SELECT8_4_1_4,select8_4_1_4,true
SELECT8_4_1_4_1,3672,HACTION_SELECT8_4_1_4_1,3672,HTML_PAGE_SELECT8_4_1_4_1,select8_4_1_4_1,true
SELECT8_4_1_4_2,3673,HACTION_SELECT8_4_1_4_2,3673,HTML_PAGE_SELECT8_4_1_4_2,select8_4_1_4_2,true
SELECT8_4_1_4_3,3674,HACTION_SELECT8_4_1_4_3,3674,HTML_PAGE_SELECT8_4_1_4_3,select8_4_1_4_3,true
SELECT8_4_1_4_4,3675,HACTION_SELECT8_4_1_4_4,3675,HTML_PAGE_SELECT8_4_1_4_4,select8_4_1_4_4,true
SELECT8_4_2,3676,HACTION_SELECT8_4_2,3676,HTML_PAGE_SELECT8_4_2,select8_4_2,true
SELECT8_4_2_1,3677,HACTION_SELECT8_4_2_1,3677,HTML_PAGE_SELECT8_4_2_1,select8_4_2_1,true
SELECT8_4_2_1_1,3678,HACTION_SELECT8_4_2_1_1,3678,HTML_PAGE_SELECT8_4_2_1_1,select8_4_2_1_1,true
SELECT8_4_2_1_2,3679,HACTION_SELECT8_4_2_1_2,3679,HTML_PAGE_SELECT8_4_2_1_2,select8_4_2_1_2,true
SELECT8_4_2_1_3,3680,HACTION_SELECT8_4_2_1_3,3680,HTML_PAGE_SELECT8_4_2_1_3,select8_4_2_1_3,true
SELECT8_4_2_1_4,3681,HACTION_SELECT8_4_2_1_4,3681,HTML_PAGE_SELECT8_4_2_1_4,select8_4_2_1_4,true
SELECT8_4_2_2,3682,HACTION_SELECT8_4_2_2,3682,HTML_PAGE_SELECT8_4_2_2,select8_4_2_2,true
SELECT8_4_2_2_1,3683,HACTION_SELECT8_4_2_2_1,3683,HTML_PAGE_SELECT8_4_2_2_1,select8_4_2_2_1,true
SELECT8_4_2_2_2,3684,HACTION_SELECT8_4_2_2_2,3684,HTML_PAGE_SELECT8_4_2_2_2,select8_4_2_2_2,true
SELECT8_4_2_2_3,3685,HACTION_SELECT8_4_2_2_3,3685,HTML_PAGE_SELECT8_4_2_2_3,select8_4_2_2_3,true
SELECT8_4_2_2_4,3686,HACTION_SELECT8_4_2_2_4,3686,HTML_PAGE_SELECT8_4_2_2_4,select8_4_2_2_4,true
SELECT8_4_2_3,3687,HACTION_SELECT8_4_2_3,3687,HTML_PAGE_SELECT8_4_2_3,select8_4_2_3,true
SELECT8_4_2_3_1,3688,HACTION_SELECT8_4_2_3_1,3688,HTML_PAGE_SELECT8_4_2_3_1,select8_4_2_3_1,true
SELECT8_4_2_3_2,3689,HACTION_SELECT8_4_2_3_2,3689,HTML_PAGE_SELECT8_4_2_3_2,select8_4_2_3_2,true
SELECT8_4_2_3_3,3690,HACTION_SELECT8_4_2_3_3,3690,HTML_PAGE_SELECT8_4_2_3_3,select8_4_2_3_3,true
SELECT8_4_2_3_4,3691,HACTION_SELECT8_4_2_3_4,3691,HTML_PAGE_SELECT8_4_2_3_4,select8_4_2_3_4,true
SELECT8_4_2_4,3692,HACTION_SELECT8_4_2_4,3692,HTML_PAGE_SELECT8_4_2_4,select8_4_2_4,true
SELECT8_4_2_4_1,3693,HACTION_SELECT8_4_2_4_1,3693,HTML_PAGE_SELECT8_4_2_4_1,select8_4_2_4_1,true
SELECT8_4_2_4_2,3694,HACTION_SELECT8_4_2_4_2,3694,HTML_PAGE_SELECT8_4_2_4_2,select8_4_2_4_2,true
SELECT8_4_2_4_3,3695,HACTION_SELECT8_4_2_4_3,3695,HTML_PAGE_SELECT8_4_2_4_3,select8_4_2_4_3,true
SELECT8_4_2_4_4,3696,HACTION_SELECT8_4_2_4_4,3696,HTML_PAGE_SELECT8_4_2_4_4,select8_4_2_4_4,true
SELECT8_4_3,3697,HACTION_SELECT8_4_3,3697,HTML_PAGE_SELECT8_4_3,select8_4_3,true
SELECT8_4_3_1,3698,HACTION_SELECT8_4_3_1,3698,HTML_PAGE_SELECT8_4_3_1,select8_4_3_1,true
SELECT8_4_3_1_1,3699,HACTION_SELECT8_4_3_1_1,3699,HTML_PAGE_SELECT8_4_3_1_1,select8_4_3_1_1,true
SELECT8_4_3_1_2,3700,HACTION_SELECT8_4_3_1_2,3700,HTML_PAGE_SELECT8_4_3_1_2,select8_4_3_1_2,true
SELECT8_4_3_1_3,3701,HACTION_SELECT8_4_3_1_3,3701,HTML_PAGE_SELECT8_4_3_1_3,select8_4_3_1_3,true
SELECT8_4_3_1_4,3702,HACTION_SELECT8_4_3_1_4,3702,HTML_PAGE_SELECT8_4_3_1_4,select8_4_3_1_4,true
SELECT8_4_3_2,3703,HACTION_SELECT8_4_3_2,3703,HTML_PAGE_SELECT8_4_3_2,select8_4_3_2,true
SELECT8_4_3_2_1,3704,HACTION_SELECT8_4_3_2_1,3704,HTML_PAGE_SELECT8_4_3_2_1,select8_4_3_2_1,true
SELECT8_4_3_2_2,3705,HACTION_SELECT8_4_3_2_2,3705,HTML_PAGE_SELECT8_4_3_2_2,select8_4_3_2_2,true
SELECT8_4_3_2_3,3706,HACTION_SELECT8_4_3_2_3,3706,HTML_PAGE_SELECT8_4_3_2_3,select8_4_3_2_3,true
SELECT8_4_3_2_4,3707,HACTION_SELECT8_4_3_2_4,3707,HTML_PAGE_SELECT8_4_3_2_4,select8_4_3_2_4,true
SELECT8_4_3_3,3708,HACTION_SELECT8_4_3_3,3708,HTML_PAGE_SELECT8_4_3_3,select8_4_3_3,true
SELECT8_4_3_3_1,3709,HACTION_SELECT8_4_3_3_1,3709,HTML_PAGE_SELECT8_4_3_3_1,select8_4_3_3_1,true
SELECT8_4_3_3_2,3710,HACTION_SELECT8_4_3_3_2,3710,HTML_PAGE_SELECT8_4_3_3_2,select8_4_3_3_2,true
SELECT8_4_3_3_3,3711,HACTION_SELECT8_4_3_3_3,3711,HTML_PAGE_SELECT8_4_3_3_3,select8_4_3_3_3,true
SELECT8_4_3_3_4,3712,HACTION_SELECT8_4_3_3_4,3712,HTML_PAGE_SELECT8_4_3_3_4,select8_4_3_3_4,true
SELECT8_4_3_4,3713,HACTION_SELECT8_4_3_4,3713,HTML_PAGE_SELECT8_4_3_4,select8_4_3_4,true
SELECT8_4_3_4_1,3714,HACTION_SELECT8_4_3_4_1,3714,HTML_PAGE_SELECT8_4_3_4_1,select8_4_3_4_1,true
SELECT8_4_3_4_2,3715,HACTION_SELECT8_4_3_4_2,3715,HTML_PAGE_SELECT8_4_3_4_2,select8_4_3_4_2,true
SELECT8_4_3_4_3,3716,HACTION_SELECT8_4_3_4_3,3716,HTML_PAGE_SELECT8_4_3_4_3,select8_4_3_4_3,true
SELECT8_4_3_4_4,3717,HACTION_SELECT8_4_3_4_4,3717,HTML_PAGE_SELECT8_4_3_4_4,select8_4_3_4_4,true
SELECT8_4_4,3718,HACTION_SELECT8_4_4,3718,HTML_PAGE_SELECT8_4_4,select8_4_4,true
SELECT8_4_4_1,3719,HACTION_SELECT8_4_4_1,3719,HTML_PAGE_SELECT8_4_4_1,select8_4_4_1,true
SELECT8_4_4_1_1,3720,HACTION_SELECT8_4_4_1_1,3720,HTML_PAGE_SELECT8_4_4_1_1,select8_4_4_1_1,true
SELECT8_4_4_1_2,3721,HACTION_SELECT8_4_4_1_2,3721,HTML_PAGE_SELECT8_4_4_1_2,select8_4_4_1_2,true
SELECT8_4_4_1_3,3722,HACTION_SELECT8_4_4_1_3,3722,HTML_PAGE_SELECT8_4_4_1_3,select8_4_4_1_3,true
SELECT8_4_4_1_4,3723,HACTION_SELECT8_4_4_1_4,3723,HTML_PAGE_SELECT8_4_4_1_4,select8_4_4_1_4,true
SELECT8_4_4_2,3724,HACTION_SELECT8_4_4_2,3724,HTML_PAGE_SELECT8_4_4_2,select8_4_4_2,true
SELECT8_4_4_2_1,3725,HACTION_SELECT8_4_4_2_1,3725,HTML_PAGE_SELECT8_4_4_2_1,select8_4_4_2_1,true
SELECT8_4_4_2_2,3726,HACTION_SELECT8_4_4_2_2,3726,HTML_PAGE_SELECT8_4_4_2_2,select8_4_4_2_2,true
SELECT8_4_4_2_3,3727,HACTION_SELECT8_4_4_2_3,3727,HTML_PAGE_SELECT8_4_4_2_3,select8_4_4_2_3,true
SELECT8_4_4_2_4,3728,HACTION_SELECT8_4_4_2_4,3728,HTML_PAGE_SELECT8_4_4_2_4,select8_4_4_2_4,true
SELECT8_4_4_3,3729,HACTION_SELECT8_4_4_3,3729,HTML_PAGE_SELECT8_4_4_3,select8_4_4_3,true
SELECT8_4_4_3_1,3730,HACTION_SELECT8_4_4_3_1,3730,HTML_PAGE_SELECT8_4_4_3_1,select8_4_4_3_1,true
SELECT8_4_4_3_2,3731,HACTION_SELECT8_4_4_3_2,3731,HTML_PAGE_SELECT8_4_4_3_2,select8_4_4_3_2,true
SELECT8_4_4_3_3,3732,HACTION_SELECT8_4_4_3_3,3732,HTML_PAGE_SELECT8_4_4_3_3,select8_4_4_3_3,true
SELECT8_4_4_3_4,3733,HACTION_SELECT8_4_4_3_4,3733,HTML_PAGE_SELECT8_4_4_3_4,select8_4_4_3_4,true
SELECT8_4_4_4,3734,HACTION_SELECT8_4_4_4,3734,HTML_PAGE_SELECT8_4_4_4,select8_4_4_4,true
SELECT8_4_4_4_1,3735,HACTION_SELECT8_4_4_4_1,3735,HTML_PAGE_SELECT8_4_4_4_1,select8_4_4_4_1,true
SELECT8_4_4_4_2,3736,HACTION_SELECT8_4_4_4_2,3736,HTML_PAGE_SELECT8_4_4_4_2,select8_4_4_4_2,true
SELECT8_4_4_4_3,3737,HACTION_SELECT8_4_4_4_3,3737,HTML_PAGE_SELECT8_4_4_4_3,select8_4_4_4_3,true
SELECT8_4_4_4_4,3738,HACTION_SELECT8_4_4_4_4,3738,HTML_PAGE_SELECT8_4_4_4_4,select8_4_4_4_4,true
SELECT9,3739,HACTION_SELECT9,3739,HTML_PAGE_SELECT9,select9,true
SELECT9_1,3740,HACTION_SELECT9_1,3740,HTML_PAGE_SELECT9_1,select9_1,true
SELECT9_1_1,3741,HACTION_SELECT9_1_1,3741,HTML_PAGE_SELECT9_1_1,select9_1_1,true
SELECT9_1_1_1,3742,HACTION_SELECT9_1_1_1,3742,HTML_PAGE_SELECT9_1_1_1,select9_1_1_1,true
SELECT9_1_1_1_1,3743,HACTION_SELECT9_1_1_1_1,3743,HTML_PAGE_SELECT9_1_1_1_1,select9_1_1_1_1,true
SELECT9_1_1_1_2,3744,HACTION_SELECT9_1_1_1_2,3744,HTML_PAGE_SELECT9_1_1_1_2,select9_1_1_1_2,true
SELECT9_1_1_1_3,3745,HACTION_SELECT9_1_1_1_3,3745,HTML_PAGE_SELECT9_1_1_1_3,select9_1_1_1_3,true
SELECT9_1_1_1_4,3746,HACTION_SELECT9_1_1_1_4,3746,HTML_PAGE_SELECT9_1_1_1_4,select9_1_1_1_4,true
SELECT9_1_1_2,3747,HACTION_SELECT9_1_1_2,3747,HTML_PAGE_SELECT9_1_1_2,select9_1_1_2,true
SELECT9_1_1_2_1,3748,HACTION_SELECT9_1_1_2_1,3748,HTML_PAGE_SELECT9_1_1_2_1,select9_1_1_2_1,true
SELECT9_1_1_2_2,3749,HACTION_SELECT9_1_1_2_2,3749,HTML_PAGE_SELECT9_1_1_2_2,select9_1_1_2_2,true
SELECT9_1_1_2_3,3750,HACTION_SELECT9_1_1_2_3,3750,HTML_PAGE_SELECT9_1_1_2_3,select9_1_1_2_3,true
SELECT9_1_1_2_4,3751,HACTION_SELECT9_1_1_2_4,3751,HTML_PAGE_SELECT9_1_1_2_4,select9_1_1_2_4,true
SELECT9_1_1_3,3752,HACTION_SELECT9_1_1_3,3752,HTML_PAGE_SELECT9_1_1_3,select9_1_1_3,true
SELECT9_1_1_3_1,3753,HACTION_SELECT9_1_1_3_1,3753,HTML_PAGE_SELECT9_1_1_3_1,select9_1_1_3_1,true
SELECT9_1_1_3_2,3754,HACTION_SELECT9_1_1_3_2,3754,HTML_PAGE_SELECT9_1_1_3_2,select9_1_1_3_2,true
SELECT9_1_1_3_3,3755,HACTION_SELECT9_1_1_3_3,3755,HTML_PAGE_SELECT9_1_1_3_3,select9_1_1_3_3,true
SELECT9_1_1_3_4,3756,HACTION_SELECT9_1_1_3_4,3756,HTML_PAGE_SELECT9_1_1_3_4,select9_1_1_3_4,true
SELECT9_1_1_4,3757,HACTION_SELECT9_1_1_4,3757,HTML_PAGE_SELECT9_1_1_4,select9_1_1_4,true
SELECT9_1_1_4_1,3758,HACTION_SELECT9_1_1_4_1,3758,HTML_PAGE_SELECT9_1_1_4_1,select9_1_1_4_1,true
SELECT9_1_1_4_2,3759,HACTION_SELECT9_1_1_4_2,3759,HTML_PAGE_SELECT9_1_1_4_2,select9_1_1_4_2,true
SELECT9_1_1_4_3,3760,HACTION_SELECT9_1_1_4_3,3760,HTML_PAGE_SELECT9_1_1_4_3,select9_1_1_4_3,true
SELECT9_1_1_4_4,3761,HACTION_SELECT9_1_1_4_4,3761,HTML_PAGE_SELECT9_1_1_4_4,select9_1_1_4_4,true
SELECT9_1_2,3762,HACTION_SELECT9_1_2,3762,HTML_PAGE_SELECT9_1_2,select9_1_2,true
SELECT9_1_2_1,3763,HACTION_SELECT9_1_2_1,3763,HTML_PAGE_SELECT9_1_2_1,select9_1_2_1,true
SELECT9_1_2_1_1,3764,HACTION_SELECT9_1_2_1_1,3764,HTML_PAGE_SELECT9_1_2_1_1,select9_1_2_1_1,true
SELECT9_1_2_1_2,3765,HACTION_SELECT9_1_2_1_2,3765,HTML_PAGE_SELECT9_1_2_1_2,select9_1_2_1_2,true
SELECT9_1_2_1_3,3766,HACTION_SELECT9_1_2_1_3,3766,HTML_PAGE_SELECT9_1_2_1_3,select9_1_2_1_3,true
SELECT9_1_2_1_4,3767,HACTION_SELECT9_1_2_1_4,3767,HTML_PAGE_SELECT9_1_2_1_4,select9_1_2_1_4,true
SELECT9_1_2_2,3768,HACTION_SELECT9_1_2_2,3768,HTML_PAGE_SELECT9_1_2_2,select9_1_2_2,true
SELECT9_1_2_2_1,3769,HACTION_SELECT9_1_2_2_1,3769,HTML_PAGE_SELECT9_1_2_2_1,select9_1_2_2_1,true
SELECT9_1_2_2_2,3770,HACTION_SELECT9_1_2_2_2,3770,HTML_PAGE_SELECT9_1_2_2_2,select9_1_2_2_2,true
SELECT9_1_2_2_3,3771,HACTION_SELECT9_1_2_2_3,3771,HTML_PAGE_SELECT9_1_2_2_3,select9_1_2_2_3,true
SELECT9_1_2_2_4,3772,HACTION_SELECT9_1_2_2_4,3772,HTML_PAGE_SELECT9_1_2_2_4,select9_1_2_2_4,true
SELECT9_1_2_3,3773,HACTION_SELECT9_1_2_3,3773,HTML_PAGE_SELECT9_1_2_3,select9_1_2_3,true
SELECT9_1_2_3_1,3774,HACTION_SELECT9_1_2_3_1,3774,HTML_PAGE_SELECT9_1_2_3_1,select9_1_2_3_1,true
SELECT9_1_2_3_2,3775,HACTION_SELECT9_1_2_3_2,3775,HTML_PAGE_SELECT9_1_2_3_2,select9_1_2_3_2,true
SELECT9_1_2_3_3,3776,HACTION_SELECT9_1_2_3_3,3776,HTML_PAGE_SELECT9_1_2_3_3,select9_1_2_3_3,true
SELECT9_1_2_3_4,3777,HACTION_SELECT9_1_2_3_4,3777,HTML_PAGE_SELECT9_1_2_3_4,select9_1_2_3_4,true
SELECT9_1_2_4,3778,HACTION_SELECT9_1_2_4,3778,HTML_PAGE_SELECT9_1_2_4,select9_1_2_4,true
SELECT9_1_2_4_1,3779,HACTION_SELECT9_1_2_4_1,3779,HTML_PAGE_SELECT9_1_2_4_1,select9_1_2_4_1,true
SELECT9_1_2_4_2,3780,HACTION_SELECT9_1_2_4_2,3780,HTML_PAGE_SELECT9_1_2_4_2,select9_1_2_4_2,true
SELECT9_1_2_4_3,3781,HACTION_SELECT9_1_2_4_3,3781,HTML_PAGE_SELECT9_1_2_4_3,select9_1_2_4_3,true
SELECT9_1_2_4_4,3782,HACTION_SELECT9_1_2_4_4,3782,HTML_PAGE_SELECT9_1_2_4_4,select9_1_2_4_4,true
SELECT9_1_3,3783,HACTION_SELECT9_1_3,3783,HTML_PAGE_SELECT9_1_3,select9_1_3,true
SELECT9_1_3_1,3784,HACTION_SELECT9_1_3_1,3784,HTML_PAGE_SELECT9_1_3_1,select9_1_3_1,true
SELECT9_1_3_1_1,3785,HACTION_SELECT9_1_3_1_1,3785,HTML_PAGE_SELECT9_1_3_1_1,select9_1_3_1_1,true
SELECT9_1_3_1_2,3786,HACTION_SELECT9_1_3_1_2,3786,HTML_PAGE_SELECT9_1_3_1_2,select9_1_3_1_2,true
SELECT9_1_3_1_3,3787,HACTION_SELECT9_1_3_1_3,3787,HTML_PAGE_SELECT9_1_3_1_3,select9_1_3_1_3,true
SELECT9_1_3_1_4,3788,HACTION_SELECT9_1_3_1_4,3788,HTML_PAGE_SELECT9_1_3_1_4,select9_1_3_1_4,true
SELECT9_1_3_2,3789,HACTION_SELECT9_1_3_2,3789,HTML_PAGE_SELECT9_1_3_2,select9_1_3_2,true
SELECT9_1_3_2_1,3790,HACTION_SELECT9_1_3_2_1,3790,HTML_PAGE_SELECT9_1_3_2_1,select9_1_3_2_1,true
SELECT9_1_3_2_2,3791,HACTION_SELECT9_1_3_2_2,3791,HTML_PAGE_SELECT9_1_3_2_2,select9_1_3_2_2,true
SELECT9_1_3_2_3,3792,HACTION_SELECT9_1_3_2_3,3792,HTML_PAGE_SELECT9_1_3_2_3,select9_1_3_2_3,true
SELECT9_1_3_2_4,3793,HACTION_SELECT9_1_3_2_4,3793,HTML_PAGE_SELECT9_1_3_2_4,select9_1_3_2_4,true
SELECT9_1_3_3,3794,HACTION_SELECT9_1_3_3,3794,HTML_PAGE_SELECT9_1_3_3,select9_1_3_3,true
SELECT9_1_3_3_1,3795,HACTION_SELECT9_1_3_3_1,3795,HTML_PAGE_SELECT9_1_3_3_1,select9_1_3_3_1,true
SELECT9_1_3_3_2,3796,HACTION_SELECT9_1_3_3_2,3796,HTML_PAGE_SELECT9_1_3_3_2,select9_1_3_3_2,true
SELECT9_1_3_3_3,3797,HACTION_SELECT9_1_3_3_3,3797,HTML_PAGE_SELECT9_1_3_3_3,select9_1_3_3_3,true
SELECT9_1_3_3_4,3798,HACTION_SELECT9_1_3_3_4,3798,HTML_PAGE_SELECT9_1_3_3_4,select9_1_3_3_4,true
SELECT9_1_3_4,3799,HACTION_SELECT9_1_3_4,3799,HTML_PAGE_SELECT9_1_3_4,select9_1_3_4,true
SELECT9_1_3_4_1,3800,HACTION_SELECT9_1_3_4_1,3800,HTML_PAGE_SELECT9_1_3_4_1,select9_1_3_4_1,true
SELECT9_1_3_4_2,3801,HACTION_SELECT9_1_3_4_2,3801,HTML_PAGE_SELECT9_1_3_4_2,select9_1_3_4_2,true
SELECT9_1_3_4_3,3802,HACTION_SELECT9_1_3_4_3,3802,HTML_PAGE_SELECT9_1_3_4_3,select9_1_3_4_3,true
SELECT9_1_3_4_4,3803,HACTION_SELECT9_1_3_4_4,3803,HTML_PAGE_SELECT9_1_3_4_4,select9_1_3_4_4,true
SELECT9_1_4,3804,HACTION_SELECT9_1_4,3804,HTML_PAGE_SELECT9_1_4,select9_1_4,true
SELECT9_1_4_1,3805,HACTION_SELECT9_1_4_1,3805,HTML_PAGE_SELECT9_1_4_1,select9_1_4_1,true
SELECT9_1_4_1_1,3806,HACTION_SELECT9_1_4_1_1,3806,HTML_PAGE_SELECT9_1_4_1_1,select9_1_4_1_1,true
SELECT9_1_4_1_2,3807,HACTION_SELECT9_1_4_1_2,3807,HTML_PAGE_SELECT9_1_4_1_2,select9_1_4_1_2,true
SELECT9_1_4_1_3,3808,HACTION_SELECT9_1_4_1_3,3808,HTML_PAGE_SELECT9_1_4_1_3,select9_1_4_1_3,true
SELECT9_1_4_1_4,3809,HACTION_SELECT9_1_4_1_4,3809,HTML_PAGE_SELECT9_1_4_1_4,select9_1_4_1_4,true
SELECT9_1_4_2,3810,HACTION_SELECT9_1_4_2,3810,HTML_PAGE_SELECT9_1_4_2,select9_1_4_2,true
SELECT9_1_4_2_1,3811,HACTION_SELECT9_1_4_2_1,3811,HTML_PAGE_SELECT9_1_4_2_1,select9_1_4_2_1,true
SELECT9_1_4_2_2,3812,HACTION_SELECT9_1_4_2_2,3812,HTML_PAGE_SELECT9_1_4_2_2,select9_1_4_2_2,true
SELECT9_1_4_2_3,3813,HACTION_SELECT9_1_4_2_3,3813,HTML_PAGE_SELECT9_1_4_2_3,select9_1_4_2_3,true
SELECT9_1_4_2_4,3814,HACTION_SELECT9_1_4_2_4,3814,HTML_PAGE_SELECT9_1_4_2_4,select9_1_4_2_4,true
SELECT9_1_4_3,3815,HACTION_SELECT9_1_4_3,3815,HTML_PAGE_SELECT9_1_4_3,select9_1_4_3,true
SELECT9_1_4_3_1,3816,HACTION_SELECT9_1_4_3_1,3816,HTML_PAGE_SELECT9_1_4_3_1,select9_1_4_3_1,true
SELECT9_1_4_3_2,3817,HACTION_SELECT9_1_4_3_2,3817,HTML_PAGE_SELECT9_1_4_3_2,select9_1_4_3_2,true
SELECT9_1_4_3_3,3818,HACTION_SELECT9_1_4_3_3,3818,HTML_PAGE_SELECT9_1_4_3_3,select9_1_4_3_3,true
SELECT9_1_4_3_4,3819,HACTION_SELECT9_1_4_3_4,3819,HTML_PAGE_SELECT9_1_4_3_4,select9_1_4_3_4,true
SELECT9_1_4_4,3820,HACTION_SELECT9_1_4_4,3820,HTML_PAGE_SELECT9_1_4_4,select9_1_4_4,true
SELECT9_1_4_4_1,3821,HACTION_SELECT9_1_4_4_1,3821,HTML_PAGE_SELECT9_1_4_4_1,select9_1_4_4_1,true
SELECT9_1_4_4_2,3822,HACTION_SELECT9_1_4_4_2,3822,HTML_PAGE_SELECT9_1_4_4_2,select9_1_4_4_2,true
SELECT9_1_4_4_3,3823,HACTION_SELECT9_1_4_4_3,3823,HTML_PAGE_SELECT9_1_4_4_3,select9_1_4_4_3,true
SELECT9_1_4_4_4,3824,HACTION_SELECT9_1_4_4_4,3824,HTML_PAGE_SELECT9_1_4_4_4,select9_1_4_4_4,true
SELECT9_2,3825,HACTION_SELECT9_2,3825,HTML_PAGE_SELECT9_2,select9_2,true
SELECT9_2_1,3826,HACTION_SELECT9_2_1,3826,HTML_PAGE_SELECT9_2_1,select9_2_1,true
SELECT9_2_1_1,3827,HACTION_SELECT9_2_1_1,3827,HTML_PAGE_SELECT9_2_1_1,select9_2_1_1,true
SELECT9_2_1_1_1,3828,HACTION_SELECT9_2_1_1_1,3828,HTML_PAGE_SELECT9_2_1_1_1,select9_2_1_1_1,true
SELECT9_2_1_1_2,3829,HACTION_SELECT9_2_1_1_2,3829,HTML_PAGE_SELECT9_2_1_1_2,select9_2_1_1_2,true
SELECT9_2_1_1_3,3830,HACTION_SELECT9_2_1_1_3,3830,HTML_PAGE_SELECT9_2_1_1_3,select9_2_1_1_3,true
SELECT9_2_1_1_4,3831,HACTION_SELECT9_2_1_1_4,3831,HTML_PAGE_SELECT9_2_1_1_4,select9_2_1_1_4,true
SELECT9_2_1_2,3832,HACTION_SELECT9_2_1_2,3832,HTML_PAGE_SELECT9_2_1_2,select9_2_1_2,true
SELECT9_2_1_2_1,3833,HACTION_SELECT9_2_1_2_1,3833,HTML_PAGE_SELECT9_2_1_2_1,select9_2_1_2_1,true
SELECT9_2_1_2_2,3834,HACTION_SELECT9_2_1_2_2,3834,HTML_PAGE_SELECT9_2_1_2_2,select9_2_1_2_2,true
SELECT9_2_1_2_3,3835,HACTION_SELECT9_2_1_2_3,3835,HTML_PAGE_SELECT9_2_1_2_3,select9_2_1_2_3,true
SELECT9_2_1_2_4,3836,HACTION_SELECT9_2_1_2_4,3836,HTML_PAGE_SELECT9_2_1_2_4,select9_2_1_2_4,true
SELECT9_2_1_3,3837,HACTION_SELECT9_2_1_3,3837,HTML_PAGE_SELECT9_2_1_3,select9_2_1_3,true
SELECT9_2_1_3_1,3838,HACTION_SELECT9_2_1_3_1,3838,HTML_PAGE_SELECT9_2_1_3_1,select9_2_1_3_1,true
SELECT9_2_1_3_2,3839,HACTION_SELECT9_2_1_3_2,3839,HTML_PAGE_SELECT9_2_1_3_2,select9_2_1_3_2,true
SELECT9_2_1_3_3,3840,HACTION_SELECT9_2_1_3_3,3840,HTML_PAGE_SELECT9_2_1_3_3,select9_2_1_3_3,true
SELECT9_2_1_3_4,3841,HACTION_SELECT9_2_1_3_4,3841,HTML_PAGE_SELECT9_2_1_3_4,select9_2_1_3_4,true
SELECT9_2_1_4,3842,HACTION_SELECT9_2_1_4,3842,HTML_PAGE_SELECT9_2_1_4,select9_2_1_4,true
SELECT9_2_1_4_1,3843,HACTION_SELECT9_2_1_4_1,3843,HTML_PAGE_SELECT9_2_1_4_1,select9_2_1_4_1,true
SELECT9_2_1_4_2,3844,HACTION_SELECT9_2_1_4_2,3844,HTML_PAGE_SELECT9_2_1_4_2,select9_2_1_4_2,true
SELECT9_2_1_4_3,3845,HACTION_SELECT9_2_1_4_3,3845,HTML_PAGE_SELECT9_2_1_4_3,select9_2_1_4_3,true
SELECT9_2_1_4_4,3846,HACTION_SELECT9_2_1_4_4,3846,HTML_PAGE_SELECT9_2_1_4_4,select9_2_1_4_4,true
SELECT9_2_2,3847,HACTION_SELECT9_2_2,3847,HTML_PAGE_SELECT9_2_2,select9_2_2,true
SELECT9_2_2_1,3848,HACTION_SELECT9_2_2_1,3848,HTML_PAGE_SELECT9_2_2_1,select9_2_2_1,true
SELECT9_2_2_1_1,3849,HACTION_SELECT9_2_2_1_1,3849,HTML_PAGE_SELECT9_2_2_1_1,select9_2_2_1_1,true
SELECT9_2_2_1_2,3850,HACTION_SELECT9_2_2_1_2,3850,HTML_PAGE_SELECT9_2_2_1_2,select9_2_2_1_2,true
SELECT9_2_2_1_3,3851,HACTION_SELECT9_2_2_1_3,3851,HTML_PAGE_SELECT9_2_2_1_3,select9_2_2_1_3,true
SELECT9_2_2_1_4,3852,HACTION_SELECT9_2_2_1_4,3852,HTML_PAGE_SELECT9_2_2_1_4,select9_2_2_1_4,true
SELECT9_2_2_2,3853,HACTION_SELECT9_2_2_2,3853,HTML_PAGE_SELECT9_2_2_2,select9_2_2_2,true
SELECT9_2_2_2_1,3854,HACTION_SELECT9_2_2_2_1,3854,HTML_PAGE_SELECT9_2_2_2_1,select9_2_2_2_1,true
SELECT9_2_2_2_2,3855,HACTION_SELECT9_2_2_2_2,3855,HTML_PAGE_SELECT9_2_2_2_2,select9_2_2_2_2,true
SELECT9_2_2_2_3,3856,HACTION_SELECT9_2_2_2_3,3856,HTML_PAGE_SELECT9_2_2_2_3,select9_2_2_2_3,true
SELECT9_2_2_2_4,3857,HACTION_SELECT9_2_2_2_4,3857,HTML_PAGE_SELECT9_2_2_2_4,select9_2_2_2_4,true
SELECT9_2_2_3,3858,HACTION_SELECT9_2_2_3,3858,HTML_PAGE_SELECT9_2_2_3,select9_2_2_3,true
SELECT9_2_2_3_1,3859,HACTION_SELECT9_2_2_3_1,3859,HTML_PAGE_SELECT9_2_2_3_1,select9_2_2_3_1,true
SELECT9_2_2_3_2,3860,HACTION_SELECT9_2_2_3_2,3860,HTML_PAGE_SELECT9_2_2_3_2,select9_2_2_3_2,true
SELECT9_2_2_3_3,3861,HACTION_SELECT9_2_2_3_3,3861,HTML_PAGE_SELECT9_2_2_3_3,select9_2_2_3_3,true
SELECT9_2_2_3_4,3862,HACTION_SELECT9_2_2_3_4,3862,HTML_PAGE_SELECT9_2_2_3_4,select9_2_2_3_4,true
SELECT9_2_2_4,3863,HACTION_SELECT9_2_2_4,3863,HTML_PAGE_SELECT9_2_2_4,select9_2_2_4,true
SELECT9_2_2_4_1,3864,HACTION_SELECT9_2_2_4_1,3864,HTML_PAGE_SELECT9_2_2_4_1,select9_2_2_4_1,true
SELECT9_2_2_4_2,3865,HACTION_SELECT9_2_2_4_2,3865,HTML_PAGE_SELECT9_2_2_4_2,select9_2_2_4_2,true
SELECT9_2_2_4_3,3866,HACTION_SELECT9_2_2_4_3,3866,HTML_PAGE_SELECT9_2_2_4_3,select9_2_2_4_3,true
SELECT9_2_2_4_4,3867,HACTION_SELECT9_2_2_4_4,3867,HTML_PAGE_SELECT9_2_2_4_4,select9_2_2_4_4,true
SELECT9_2_3,3868,HACTION_SELECT9_2_3,3868,HTML_PAGE_SELECT9_2_3,select9_2_3,true
SELECT9_2_3_1,3869,HACTION_SELECT9_2_3_1,3869,HTML_PAGE_SELECT9_2_3_1,select9_2_3_1,true
SELECT9_2_3_1_1,3870,HACTION_SELECT9_2_3_1_1,3870,HTML_PAGE_SELECT9_2_3_1_1,select9_2_3_1_1,true
SELECT9_2_3_1_2,3871,HACTION_SELECT9_2_3_1_2,3871,HTML_PAGE_SELECT9_2_3_1_2,select9_2_3_1_2,true
SELECT9_2_3_1_3,3872,HACTION_SELECT9_2_3_1_3,3872,HTML_PAGE_SELECT9_2_3_1_3,select9_2_3_1_3,true
SELECT9_2_3_1_4,3873,HACTION_SELECT9_2_3_1_4,3873,HTML_PAGE_SELECT9_2_3_1_4,select9_2_3_1_4,true
SELECT9_2_3_2,3874,HACTION_SELECT9_2_3_2,3874,HTML_PAGE_SELECT9_2_3_2,select9_2_3_2,true
SELECT9_2_3_2_1,3875,HACTION_SELECT9_2_3_2_1,3875,HTML_PAGE_SELECT9_2_3_2_1,select9_2_3_2_1,true
SELECT9_2_3_2_2,3876,HACTION_SELECT9_2_3_2_2,3876,HTML_PAGE_SELECT9_2_3_2_2,select9_2_3_2_2,true
SELECT9_2_3_2_3,3877,HACTION_SELECT9_2_3_2_3,3877,HTML_PAGE_SELECT9_2_3_2_3,select9_2_3_2_3,true
SELECT9_2_3_2_4,3878,HACTION_SELECT9_2_3_2_4,3878,HTML_PAGE_SELECT9_2_3_2_4,select9_2_3_2_4,true
SELECT9_2_3_3,3879,HACTION_SELECT9_2_3_3,3879,HTML_PAGE_SELECT9_2_3_3,select9_2_3_3,true
SELECT9_2_3_3_1,3880,HACTION_SELECT9_2_3_3_1,3880,HTML_PAGE_SELECT9_2_3_3_1,select9_2_3_3_1,true
SELECT9_2_3_3_2,3881,HACTION_SELECT9_2_3_3_2,3881,HTML_PAGE_SELECT9_2_3_3_2,select9_2_3_3_2,true
SELECT9_2_3_3_3,3882,HACTION_SELECT9_2_3_3_3,3882,HTML_PAGE_SELECT9_2_3_3_3,select9_2_3_3_3,true
SELECT9_2_3_3_4,3883,HACTION_SELECT9_2_3_3_4,3883,HTML_PAGE_SELECT9_2_3_3_4,select9_2_3_3_4,true
SELECT9_2_3_4,3884,HACTION_SELECT9_2_3_4,3884,HTML_PAGE_SELECT9_2_3_4,select9_2_3_4,true
SELECT9_2_3_4_1,3885,HACTION_SELECT9_2_3_4_1,3885,HTML_PAGE_SELECT9_2_3_4_1,select9_2_3_4_1,true
SELECT9_2_3_4_2,3886,HACTION_SELECT9_2_3_4_2,3886,HTML_PAGE_SELECT9_2_3_4_2,select9_2_3_4_2,true
SELECT9_2_3_4_3,3887,HACTION_SELECT9_2_3_4_3,3887,HTML_PAGE_SELECT9_2_3_4_3,select9_2_3_4_3,true
SELECT9_2_3_4_4,3888,HACTION_SELECT9_2_3_4_4,3888,HTML_PAGE_SELECT9_2_3_4_4,select9_2_3_4_4,true
SELECT9_2_4,3889,HACTION_SELECT9_2_4,3889,HTML_PAGE_SELECT9_2_4,select9_2_4,true
SELECT9_2_4_1,3890,HACTION_SELECT9_2_4_1,3890,HTML_PAGE_SELECT9_2_4_1,select9_2_4_1,true
SELECT9_2_4_1_1,3891,HACTION_SELECT9_2_4_1_1,3891,HTML_PAGE_SELECT9_2_4_1_1,select9_2_4_1_1,true
SELECT9_2_4_1_2,3892,HACTION_SELECT9_2_4_1_2,3892,HTML_PAGE_SELECT9_2_4_1_2,select9_2_4_1_2,true
SELECT9_2_4_1_3,3893,HACTION_SELECT9_2_4_1_3,3893,HTML_PAGE_SELECT9_2_4_1_3,select9_2_4_1_3,true
SELECT9_2_4_1_4,3894,HACTION_SELECT9_2_4_1_4,3894,HTML_PAGE_SELECT9_2_4_1_4,select9_2_4_1_4,true
SELECT9_2_4_2,3895,HACTION_SELECT9_2_4_2,3895,HTML_PAGE_SELECT9_2_4_2,select9_2_4_2,true
SELECT9_2_4_2_1,3896,HACTION_SELECT9_2_4_2_1,3896,HTML_PAGE_SELECT9_2_4_2_1,select9_2_4_2_1,true
SELECT9_2_4_2_2,3897,HACTION_SELECT9_2_4_2_2,3897,HTML_PAGE_SELECT9_2_4_2_2,select9_2_4_2_2,true
SELECT9_2_4_2_3,3898,HACTION_SELECT9_2_4_2_3,3898,HTML_PAGE_SELECT9_2_4_2_3,select9_2_4_2_3,true
SELECT9_2_4_2_4,3899,HACTION_SELECT9_2_4_2_4,3899,HTML_PAGE_SELECT9_2_4_2_4,select9_2_4_2_4,true
SELECT9_2_4_3,3900,HACTION_SELECT9_2_4_3,3900,HTML_PAGE_SELECT9_2_4_3,select9_2_4_3,true
SELECT9_2_4_3_1,3901,HACTION_SELECT9_2_4_3_1,3901,HTML_PAGE_SELECT9_2_4_3_1,select9_2_4_3_1,true
SELECT9_2_4_3_2,3902,HACTION_SELECT9_2_4_3_2,3902,HTML_PAGE_SELECT9_2_4_3_2,select9_2_4_3_2,true
SELECT9_2_4_3_3,3903,HACTION_SELECT9_2_4_3_3,3903,HTML_PAGE_SELECT9_2_4_3_3,select9_2_4_3_3,true
SELECT9_2_4_3_4,3904,HACTION_SELECT9_2_4_3_4,3904,HTML_PAGE_SELECT9_2_4_3_4,select9_2_4_3_4,true
SELECT9_2_4_4,3905,HACTION_SELECT9_2_4_4,3905,HTML_PAGE_SELECT9_2_4_4,select9_2_4_4,true
SELECT9_2_4_4_1,3906,HACTION_SELECT9_2_4_4_1,3906,HTML_PAGE_SELECT9_2_4_4_1,select9_2_4_4_1,true
SELECT9_2_4_4_2,3907,HACTION_SELECT9_2_4_4_2,3907,HTML_PAGE_SELECT9_2_4_4_2,select9_2_4_4_2,true
SELECT9_2_4_4_3,3908,HACTION_SELECT9_2_4_4_3,3908,HTML_PAGE_SELECT9_2_4_4_3,select9_2_4_4_3,true
SELECT9_2_4_4_4,3909,HACTION_SELECT9_2_4_4_4,3909,HTML_PAGE_SELECT9_2_4_4_4,select9_2_4_4_4,true
SELECT9_3,3910,HACTION_SELECT9_3,3910,HTML_PAGE_SELECT9_3,select9_3,true
SELECT9_3_1,3911,HACTION_SELECT9_3_1,3911,HTML_PAGE_SELECT9_3_1,select9_3_1,true
SELECT9_3_1_1,3912,HACTION_SELECT9_3_1_1,3912,HTML_PAGE_SELECT9_3_1_1,select9_3_1_1,true
SELECT9_3_1_1_1,3913,HACTION_SELECT9_3_1_1_1,3913,HTML_PAGE_SELECT9_3_1_1_1,select9_3_1_1_1,true
SELECT9_3_1_1_2,3914,HACTION_SELECT9_3_1_1_2,3914,HTML_PAGE_SELECT9_3_1_1_2,select9_3_1_1_2,true
SELECT9_3_1_1_3,3915,HACTION_SELECT9_3_1_1_3,3915,HTML_PAGE_SELECT9_3_1_1_3,select9_3_1_1_3,true
SELECT9_3_1_1_4,3916,HACTION_SELECT9_3_1_1_4,3916,HTML_PAGE_SELECT9_3_1_1_4,select9_3_1_1_4,true
SELECT9_3_1_2,3917,HACTION_SELECT9_3_1_2,3917,HTML_PAGE_SELECT9_3_1_2,select9_3_1_2,true
SELECT9_3_1_2_1,3918,HACTION_SELECT9_3_1_2_1,3918,HTML_PAGE_SELECT9_3_1_2_1,select9_3_1_2_1,true
SELECT9_3_1_2_2,3919,HACTION_SELECT9_3_1_2_2,3919,HTML_PAGE_SELECT9_3_1_2_2,select9_3_1_2_2,true
SELECT9_3_1_2_3,3920,HACTION_SELECT9_3_1_2_3,3920,HTML_PAGE_SELECT9_3_1_2_3,select9_3_1_2_3,true
SELECT9_3_1_2_4,3921,HACTION_SELECT9_3_1_2_4,3921,HTML_PAGE_SELECT9_3_1_2_4,select9_3_1_2_4,true
SELECT9_3_1_3,3922,HACTION_SELECT9_3_1_3,3922,HTML_PAGE_SELECT9_3_1_3,select9_3_1_3,true
SELECT9_3_1_3_1,3923,HACTION_SELECT9_3_1_3_1,3923,HTML_PAGE_SELECT9_3_1_3_1,select9_3_1_3_1,true
SELECT9_3_1_3_2,3924,HACTION_SELECT9_3_1_3_2,3924,HTML_PAGE_SELECT9_3_1_3_2,select9_3_1_3_2,true
SELECT9_3_1_3_3,3925,HACTION_SELECT9_3_1_3_3,3925,HTML_PAGE_SELECT9_3_1_3_3,select9_3_1_3_3,true
SELECT9_3_1_3_4,3926,HACTION_SELECT9_3_1_3_4,3926,HTML_PAGE_SELECT9_3_1_3_4,select9_3_1_3_4,true
SELECT9_3_1_4,3927,HACTION_SELECT9_3_1_4,3927,HTML_PAGE_SELECT9_3_1_4,select9_3_1_4,true
SELECT9_3_1_4_1,3928,HACTION_SELECT9_3_1_4_1,3928,HTML_PAGE_SELECT9_3_1_4_1,select9_3_1_4_1,true
SELECT9_3_1_4_2,3929,HACTION_SELECT9_3_1_4_2,3929,HTML_PAGE_SELECT9_3_1_4_2,select9_3_1_4_2,true
SELECT9_3_1_4_3,3930,HACTION_SELECT9_3_1_4_3,3930,HTML_PAGE_SELECT9_3_1_4_3,select9_3_1_4_3,true
SELECT9_3_1_4_4,3931,HACTION_SELECT9_3_1_4_4,3931,HTML_PAGE_SELECT9_3_1_4_4,select9_3_1_4_4,true
SELECT9_3_2,3932,HACTION_SELECT9_3_2,3932,HTML_PAGE_SELECT9_3_2,select9_3_2,true
SELECT9_3_2_1,3933,HACTION_SELECT9_3_2_1,3933,HTML_PAGE_SELECT9_3_2_1,select9_3_2_1,true
SELECT9_3_2_1_1,3934,HACTION_SELECT9_3_2_1_1,3934,HTML_PAGE_SELECT9_3_2_1_1,select9_3_2_1_1,true
SELECT9_3_2_1_2,3935,HACTION_SELECT9_3_2_1_2,3935,HTML_PAGE_SELECT9_3_2_1_2,select9_3_2_1_2,true
SELECT9_3_2_1_3,3936,HACTION_SELECT9_3_2_1_3,3936,HTML_PAGE_SELECT9_3_2_1_3,select9_3_2_1_3,true
SELECT9_3_2_1_4,3937,HACTION_SELECT9_3_2_1_4,3937,HTML_PAGE_SELECT9_3_2_1_4,select9_3_2_1_4,true
SELECT9_3_2_2,3938,HACTION_SELECT9_3_2_2,3938,HTML_PAGE_SELECT9_3_2_2,select9_3_2_2,true
SELECT9_3_2_2_1,3939,HACTION_SELECT9_3_2_2_1,3939,HTML_PAGE_SELECT9_3_2_2_1,select9_3_2_2_1,true
SELECT9_3_2_2_2,3940,HACTION_SELECT9_3_2_2_2,3940,HTML_PAGE_SELECT9_3_2_2_2,select9_3_2_2_2,true
SELECT9_3_2_2_3,3941,HACTION_SELECT9_3_2_2_3,3941,HTML_PAGE_SELECT9_3_2_2_3,select9_3_2_2_3,true
SELECT9_3_2_2_4,3942,HACTION_SELECT9_3_2_2_4,3942,HTML_PAGE_SELECT9_3_2_2_4,select9_3_2_2_4,true
SELECT9_3_2_3,3943,HACTION_SELECT9_3_2_3,3943,HTML_PAGE_SELECT9_3_2_3,select9_3_2_3,true
SELECT9_3_2_3_1,3944,HACTION_SELECT9_3_2_3_1,3944,HTML_PAGE_SELECT9_3_2_3_1,select9_3_2_3_1,true
SELECT9_3_2_3_2,3945,HACTION_SELECT9_3_2_3_2,3945,HTML_PAGE_SELECT9_3_2_3_2,select9_3_2_3_2,true
SELECT9_3_2_3_3,3946,HACTION_SELECT9_3_2_3_3,3946,HTML_PAGE_SELECT9_3_2_3_3,select9_3_2_3_3,true
SELECT9_3_2_3_4,3947,HACTION_SELECT9_3_2_3_4,3947,HTML_PAGE_SELECT9_3_2_3_4,select9_3_2_3_4,true
SELECT9_3_2_4,3948,HACTION_SELECT9_3_2_4,3948,HTML_PAGE_SELECT9_3_2_4,select9_3_2_4,true
SELECT9_3_2_4_1,3949,HACTION_SELECT9_3_2_4_1,3949,HTML_PAGE_SELECT9_3_2_4_1,select9_3_2_4_1,true
SELECT9_3_2_4_2,3950,HACTION_SELECT9_3_2_4_2,3950,HTML_PAGE_SELECT9_3_2_4_2,select9_3_2_4_2,true
SELECT9_3_2_4_3,3951,HACTION_SELECT9_3_2_4_3,3951,HTML_PAGE_SELECT9_3_2_4_3,select9_3_2_4_3,true
SELECT9_3_2_4_4,3952,HACTION_SELECT9_3_2_4_4,3952,HTML_PAGE_SELECT9_3_2_4_4,select9_3_2_4_4,true
SELECT9_3_3,3953,HACTION_SELECT9_3_3,3953,HTML_PAGE_SELECT9_3_3,select9_3_3,true
SELECT9_3_3_1,3954,HACTION_SELECT9_3_3_1,3954,HTML_PAGE_SELECT9_3_3_1,select9_3_3_1,true
SELECT9_3_3_1_1,3955,HACTION_SELECT9_3_3_1_1,3955,HTML_PAGE_SELECT9_3_3_1_1,select9_3_3_1_1,true
SELECT9_3_3_1_2,3956,HACTION_SELECT9_3_3_1_2,3956,HTML_PAGE_SELECT9_3_3_1_2,select9_3_3_1_2,true
SELECT9_3_3_1_3,3957,HACTION_SELECT9_3_3_1_3,3957,HTML_PAGE_SELECT9_3_3_1_3,select9_3_3_1_3,true
SELECT9_3_3_1_4,3958,HACTION_SELECT9_3_3_1_4,3958,HTML_PAGE_SELECT9_3_3_1_4,select9_3_3_1_4,true
SELECT9_3_3_2,3959,HACTION_SELECT9_3_3_2,3959,HTML_PAGE_SELECT9_3_3_2,select9_3_3_2,true
SELECT9_3_3_2_1,3960,HACTION_SELECT9_3_3_2_1,3960,HTML_PAGE_SELECT9_3_3_2_1,select9_3_3_2_1,true
SELECT9_3_3_2_2,3961,HACTION_SELECT9_3_3_2_2,3961,HTML_PAGE_SELECT9_3_3_2_2,select9_3_3_2_2,true
SELECT9_3_3_2_3,3962,HACTION_SELECT9_3_3_2_3,3962,HTML_PAGE_SELECT9_3_3_2_3,select9_3_3_2_3,true
SELECT9_3_3_2_4,3963,HACTION_SELECT9_3_3_2_4,3963,HTML_PAGE_SELECT9_3_3_2_4,select9_3_3_2_4,true
SELECT9_3_3_3,3964,HACTION_SELECT9_3_3_3,3964,HTML_PAGE_SELECT9_3_3_3,select9_3_3_3,true
SELECT9_3_3_3_1,3965,HACTION_SELECT9_3_3_3_1,3965,HTML_PAGE_SELECT9_3_3_3_1,select9_3_3_3_1,true
SELECT9_3_3_3_2,3966,HACTION_SELECT9_3_3_3_2,3966,HTML_PAGE_SELECT9_3_3_3_2,select9_3_3_3_2,true
SELECT9_3_3_3_3,3967,HACTION_SELECT9_3_3_3_3,3967,HTML_PAGE_SELECT9_3_3_3_3,select9_3_3_3_3,true
SELECT9_3_3_3_4,3968,HACTION_SELECT9_3_3_3_4,3968,HTML_PAGE_SELECT9_3_3_3_4,select9_3_3_3_4,true
SELECT9_3_3_4,3969,HACTION_SELECT9_3_3_4,3969,HTML_PAGE_SELECT9_3_3_4,select9_3_3_4,true
SELECT9_3_3_4_1,3970,HACTION_SELECT9_3_3_4_1,3970,HTML_PAGE_SELECT9_3_3_4_1,select9_3_3_4_1,true
SELECT9_3_3_4_2,3971,HACTION_SELECT9_3_3_4_2,3971,HTML_PAGE_SELECT9_3_3_4_2,select9_3_3_4_2,true
SELECT9_3_3_4_3,3972,HACTION_SELECT9_3_3_4_3,3972,HTML_PAGE_SELECT9_3_3_4_3,select9_3_3_4_3,true
SELECT9_3_3_4_4,3973,HACTION_SELECT9_3_3_4_4,3973,HTML_PAGE_SELECT9_3_3_4_4,select9_3_3_4_4,true
SELECT9_3_4,3974,HACTION_SELECT9_3_4,3974,HTML_PAGE_SELECT9_3_4,select9_3_4,true
SELECT9_3_4_1,3975,HACTION_SELECT9_3_4_1,3975,HTML_PAGE_SELECT9_3_4_1,select9_3_4_1,true
SELECT9_3_4_1_1,3976,HACTION_SELECT9_3_4_1_1,3976,HTML_PAGE_SELECT9_3_4_1_1,select9_3_4_1_1,true
SELECT9_3_4_1_2,3977,HACTION_SELECT9_3_4_1_2,3977,HTML_PAGE_SELECT9_3_4_1_2,select9_3_4_1_2,true
SELECT9_3_4_1_3,3978,HACTION_SELECT9_3_4_1_3,3978,HTML_PAGE_SELECT9_3_4_1_3,select9_3_4_1_3,true
SELECT9_3_4_1_4,3979,HACTION_SELECT9_3_4_1_4,3979,HTML_PAGE_SELECT9_3_4_1_4,select9_3_4_1_4,true
SELECT9_3_4_2,3980,HACTION_SELECT9_3_4_2,3980,HTML_PAGE_SELECT9_3_4_2,select9_3_4_2,true
SELECT9_3_4_2_1,3981,HACTION_SELECT9_3_4_2_1,3981,HTML_PAGE_SELECT9_3_4_2_1,select9_3_4_2_1,true
SELECT9_3_4_2_2,3982,HACTION_SELECT9_3_4_2_2,3982,HTML_PAGE_SELECT9_3_4_2_2,select9_3_4_2_2,true
SELECT9_3_4_2_3,3983,HACTION_SELECT9_3_4_2_3,3983,HTML_PAGE_SELECT9_3_4_2_3,select9_3_4_2_3,true
SELECT9_3_4_2_4,3984,HACTION_SELECT9_3_4_2_4,3984,HTML_PAGE_SELECT9_3_4_2_4,select9_3_4_2_4,true
SELECT9_3_4_3,3985,HACTION_SELECT9_3_4_3,3985,HTML_PAGE_SELECT9_3_4_3,select9_3_4_3,true
SELECT9_3_4_3_1,3986,HACTION_SELECT9_3_4_3_1,3986,HTML_PAGE_SELECT9_3_4_3_1,select9_3_4_3_1,true
SELECT9_3_4_3_2,3987,HACTION_SELECT9_3_4_3_2,3987,HTML_PAGE_SELECT9_3_4_3_2,select9_3_4_3_2,true
SELECT9_3_4_3_3,3988,HACTION_SELECT9_3_4_3_3,3988,HTML_PAGE_SELECT9_3_4_3_3,select9_3_4_3_3,true
SELECT9_3_4_3_4,3989,HACTION_SELECT9_3_4_3_4,3989,HTML_PAGE_SELECT9_3_4_3_4,select9_3_4_3_4,true
SELECT9_3_4_4,3990,HACTION_SELECT9_3_4_4,3990,HTML_PAGE_SELECT9_3_4_4,select9_3_4_4,true
SELECT9_3_4_4_1,3991,HACTION_SELECT9_3_4_4_1,3991,HTML_PAGE_SELECT9_3_4_4_1,select9_3_4_4_1,true
SELECT9_3_4_4_2,3992,HACTION_SELECT9_3_4_4_2,3992,HTML_PAGE_SELECT9_3_4_4_2,select9_3_4_4_2,true
SELECT9_3_4_4_3,3993,HACTION_SELECT9_3_4_4_3,3993,HTML_PAGE_SELECT9_3_4_4_3,select9_3_4_4_3,true
SELECT9_3_4_4_4,3994,HACTION_SELECT9_3_4_4_4,3994,HTML_PAGE_SELECT9_3_4_4_4,select9_3_4_4_4,true
SELECT9_4,3995,HACTION_SELECT9_4,3995,HTML_PAGE_SELECT9_4,select9_4,true
SELECT9_4_1,3996,HACTION_SELECT9_4_1,3996,HTML_PAGE_SELECT9_4_1,select9_4_1,true
SELECT9_4_1_1,3997,HACTION_SELECT9_4_1_1,3997,HTML_PAGE_SELECT9_4_1_1,select9_4_1_1,true
SELECT9_4_1_1_1,3998,HACTION_SELECT9_4_1_1_1,3998,HTML_PAGE_SELECT9_4_1_1_1,select9_4_1_1_1,true
SELECT9_4_1_1_2,3999,HACTION_SELECT9_4_1_1_2,3999,HTML_PAGE_SELECT9_4_1_1_2,select9_4_1_1_2,true
SELECT9_4_1_1_3,4000,HACTION_SELECT9_4_1_1_3,4000,HTML_PAGE_SELECT9_4_1_1_3,select9_4_1_1_3,true
SELECT9_4_1_1_4,4001,HACTION_SELECT9_4_1_1_4,4001,HTML_PAGE_SELECT9_4_1_1_4,select9_4_1_1_4,true
SELECT9_4_1_2,4002,HACTION_SELECT9_4_1_2,4002,HTML_PAGE_SELECT9_4_1_2,select9_4_1_2,true
SELECT9_4_1_2_1,4003,HACTION_SELECT9_4_1_2_1,4003,HTML_PAGE_SELECT9_4_1_2_1,select9_4_1_2_1,true
SELECT9_4_1_2_2,4004,HACTION_SELECT9_4_1_2_2,4004,HTML_PAGE_SELECT9_4_1_2_2,select9_4_1_2_2,true
SELECT9_4_1_2_3,4005,HACTION_SELECT9_4_1_2_3,4005,HTML_PAGE_SELECT9_4_1_2_3,select9_4_1_2_3,true
SELECT9_4_1_2_4,4006,HACTION_SELECT9_4_1_2_4,4006,HTML_PAGE_SELECT9_4_1_2_4,select9_4_1_2_4,true
SELECT9_4_1_3,4007,HACTION_SELECT9_4_1_3,4007,HTML_PAGE_SELECT9_4_1_3,select9_4_1_3,true
SELECT9_4_1_3_1,4008,HACTION_SELECT9_4_1_3_1,4008,HTML_PAGE_SELECT9_4_1_3_1,select9_4_1_3_1,true
SELECT9_4_1_3_2,4009,HACTION_SELECT9_4_1_3_2,4009,HTML_PAGE_SELECT9_4_1_3_2,select9_4_1_3_2,true
SELECT9_4_1_3_3,4010,HACTION_SELECT9_4_1_3_3,4010,HTML_PAGE_SELECT9_4_1_3_3,select9_4_1_3_3,true
SELECT9_4_1_3_4,4011,HACTION_SELECT9_4_1_3_4,4011,HTML_PAGE_SELECT9_4_1_3_4,select9_4_1_3_4,true
SELECT9_4_1_4,4012,HACTION_SELECT9_4_1_4,4012,HTML_PAGE_SELECT9_4_1_4,select9_4_1_4,true
SELECT9_4_1_4_1,4013,HACTION_SELECT9_4_1_4_1,4013,HTML_PAGE_SELECT9_4_1_4_1,select9_4_1_4_1,true
SELECT9_4_1_4_2,4014,HACTION_SELECT9_4_1_4_2,4014,HTML_PAGE_SELECT9_4_1_4_2,select9_4_1_4_2,true
SELECT9_4_1_4_3,4015,HACTION_SELECT9_4_1_4_3,4015,HTML_PAGE_SELECT9_4_1_4_3,select9_4_1_4_3,true
SELECT9_4_1_4_4,4016,HACTION_SELECT9_4_1_4_4,4016,HTML_PAGE_SELECT9_4_1_4_4,select9_4_1_4_4,true
SELECT9_4_2,4017,HACTION_SELECT9_4_2,4017,HTML_PAGE_SELECT9_4_2,select9_4_2,true
SELECT9_4_2_1,4018,HACTION_SELECT9_4_2_1,4018,HTML_PAGE_SELECT9_4_2_1,select9_4_2_1,true
SELECT9_4_2_1_1,4019,HACTION_SELECT9_4_2_1_1,4019,HTML_PAGE_SELECT9_4_2_1_1,select9_4_2_1_1,true
SELECT9_4_2_1_2,4020,HACTION_SELECT9_4_2_1_2,4020,HTML_PAGE_SELECT9_4_2_1_2,select9_4_2_1_2,true
SELECT9_4_2_1_3,4021,HACTION_SELECT9_4_2_1_3,4021,HTML_PAGE_SELECT9_4_2_1_3,select9_4_2_1_3,true
SELECT9_4_2_1_4,4022,HACTION_SELECT9_4_2_1_4,4022,HTML_PAGE_SELECT9_4_2_1_4,select9_4_2_1_4,true
SELECT9_4_2_2,4023,HACTION_SELECT9_4_2_2,4023,HTML_PAGE_SELECT9_4_2_2,select9_4_2_2,true
SELECT9_4_2_2_1,4024,HACTION_SELECT9_4_2_2_1,4024,HTML_PAGE_SELECT9_4_2_2_1,select9_4_2_2_1,true
SELECT9_4_2_2_2,4025,HACTION_SELECT9_4_2_2_2,4025,HTML_PAGE_SELECT9_4_2_2_2,select9_4_2_2_2,true
SELECT9_4_2_2_3,4026,HACTION_SELECT9_4_2_2_3,4026,HTML_PAGE_SELECT9_4_2_2_3,select9_4_2_2_3,true
SELECT9_4_2_2_4,4027,HACTION_SELECT9_4_2_2_4,4027,HTML_PAGE_SELECT9_4_2_2_4,select9_4_2_2_4,true
SELECT9_4_2_3,4028,HACTION_SELECT9_4_2_3,4028,HTML_PAGE_SELECT9_4_2_3,select9_4_2_3,true
SELECT9_4_2_3_1,4029,HACTION_SELECT9_4_2_3_1,4029,HTML_PAGE_SELECT9_4_2_3_1,select9_4_2_3_1,true
SELECT9_4_2_3_2,4030,HACTION_SELECT9_4_2_3_2,4030,HTML_PAGE_SELECT9_4_2_3_2,select9_4_2_3_2,true
SELECT9_4_2_3_3,4031,HACTION_SELECT9_4_2_3_3,4031,HTML_PAGE_SELECT9_4_2_3_3,select9_4_2_3_3,true
SELECT9_4_2_3_4,4032,HACTION_SELECT9_4_2_3_4,4032,HTML_PAGE_SELECT9_4_2_3_4,select9_4_2_3_4,true
SELECT9_4_2_4,4033,HACTION_SELECT9_4_2_4,4033,HTML_PAGE_SELECT9_4_2_4,select9_4_2_4,true
SELECT9_4_2_4_1,4034,HACTION_SELECT9_4_2_4_1,4034,HTML_PAGE_SELECT9_4_2_4_1,select9_4_2_4_1,true
SELECT9_4_2_4_2,4035,HACTION_SELECT9_4_2_4_2,4035,HTML_PAGE_SELECT9_4_2_4_2,select9_4_2_4_2,true
SELECT9_4_2_4_3,4036,HACTION_SELECT9_4_2_4_3,4036,HTML_PAGE_SELECT9_4_2_4_3,select9_4_2_4_3,true
SELECT9_4_2_4_4,4037,HACTION_SELECT9_4_2_4_4,4037,HTML_PAGE_SELECT9_4_2_4_4,select9_4_2_4_4,true
SELECT9_4_3,4038,HACTION_SELECT9_4_3,4038,HTML_PAGE_SELECT9_4_3,select9_4_3,true
SELECT9_4_3_1,4039,HACTION_SELECT9_4_3_1,4039,HTML_PAGE_SELECT9_4_3_1,select9_4_3_1,true
SELECT9_4_3_1_1,4040,HACTION_SELECT9_4_3_1_1,4040,HTML_PAGE_SELECT9_4_3_1_1,select9_4_3_1_1,true
SELECT9_4_3_1_2,4041,HACTION_SELECT9_4_3_1_2,4041,HTML_PAGE_SELECT9_4_3_1_2,select9_4_3_1_2,true
SELECT9_4_3_1_3,4042,HACTION_SELECT9_4_3_1_3,4042,HTML_PAGE_SELECT9_4_3_1_3,select9_4_3_1_3,true
SELECT9_4_3_1_4,4043,HACTION_SELECT9_4_3_1_4,4043,HTML_PAGE_SELECT9_4_3_1_4,select9_4_3_1_4,true
SELECT9_4_3_2,4044,HACTION_SELECT9_4_3_2,4044,HTML_PAGE_SELECT9_4_3_2,select9_4_3_2,true
SELECT9_4_3_2_1,4045,HACTION_SELECT9_4_3_2_1,4045,HTML_PAGE_SELECT9_4_3_2_1,select9_4_3_2_1,true
SELECT9_4_3_2_2,4046,HACTION_SELECT9_4_3_2_2,4046,HTML_PAGE_SELECT9_4_3_2_2,select9_4_3_2_2,true
SELECT9_4_3_2_3,4047,HACTION_SELECT9_4_3_2_3,4047,HTML_PAGE_SELECT9_4_3_2_3,select9_4_3_2_3,true
SELECT9_4_3_2_4,4048,HACTION_SELECT9_4_3_2_4,4048,HTML_PAGE_SELECT9_4_3_2_4,select9_4_3_2_4,true
SELECT9_4_3_3,4049,HACTION_SELECT9_4_3_3,4049,HTML_PAGE_SELECT9_4_3_3,select9_4_3_3,true
SELECT9_4_3_3_1,4050,HACTION_SELECT9_4_3_3_1,4050,HTML_PAGE_SELECT9_4_3_3_1,select9_4_3_3_1,true
SELECT9_4_3_3_2,4051,HACTION_SELECT9_4_3_3_2,4051,HTML_PAGE_SELECT9_4_3_3_2,select9_4_3_3_2,true
SELECT9_4_3_3_3,4052,HACTION_SELECT9_4_3_3_3,4052,HTML_PAGE_SELECT9_4_3_3_3,select9_4_3_3_3,true
SELECT9_4_3_3_4,4053,HACTION_SELECT9_4_3_3_4,4053,HTML_PAGE_SELECT9_4_3_3_4,select9_4_3_3_4,true
SELECT9_4_3_4,4054,HACTION_SELECT9_4_3_4,4054,HTML_PAGE_SELECT9_4_3_4,select9_4_3_4,true
SELECT9_4_3_4_1,4055,HACTION_SELECT9_4_3_4_1,4055,HTML_PAGE_SELECT9_4_3_4_1,select9_4_3_4_1,true
SELECT9_4_3_4_2,4056,HACTION_SELECT9_4_3_4_2,4056,HTML_PAGE_SELECT9_4_3_4_2,select9_4_3_4_2,true
SELECT9_4_3_4_3,4057,HACTION_SELECT9_4_3_4_3,4057,HTML_PAGE_SELECT9_4_3_4_3,select9_4_3_4_3,true
SELECT9_4_3_4_4,4058,HACTION_SELECT9_4_3_4_4,4058,HTML_PAGE_SELECT9_4_3_4_4,select9_4_3_4_4,true
SELECT9_4_4,4059,HACTION_SELECT9_4_4,4059,HTML_PAGE_SELECT9_4_4,select9_4_4,true
SELECT9_4_4_1,4060,HACTION_SELECT9_4_4_1,4060,HTML_PAGE_SELECT9_4_4_1,select9_4_4_1,true
SELECT9_4_4_1_1,4061,HACTION_SELECT9_4_4_1_1,4061,HTML_PAGE_SELECT9_4_4_1_1,select9_4_4_1_1,true
SELECT9_4_4_1_2,4062,HACTION_SELECT9_4_4_1_2,4062,HTML_PAGE_SELECT9_4_4_1_2,select9_4_4_1_2,true
SELECT9_4_4_1_3,4063,HACTION_SELECT9_4_4_1_3,4063,HTML_PAGE_SELECT9_4_4_1_3,select9_4_4_1_3,true
SELECT9_4_4_1_4,4064,HACTION_SELECT9_4_4_1_4,4064,HTML_PAGE_SELECT9_4_4_1_4,select9_4_4_1_4,true
SELECT9_4_4_2,4065,HACTION_SELECT9_4_4_2,4065,HTML_PAGE_SELECT9_4_4_2,select9_4_4_2,true
SELECT9_4_4_2_1,4066,HACTION_SELECT9_4_4_2_1,4066,HTML_PAGE_SELECT9_4_4_2_1,select9_4_4_2_1,true
SELECT9_4_4_2_2,4067,HACTION_SELECT9_4_4_2_2,4067,HTML_PAGE_SELECT9_4_4_2_2,select9_4_4_2_2,true
SELECT9_4_4_2_3,4068,HACTION_SELECT9_4_4_2_3,4068,HTML_PAGE_SELECT9_4_4_2_3,select9_4_4_2_3,true
SELECT9_4_4_2_4,4069,HACTION_SELECT9_4_4_2_4,4069,HTML_PAGE_SELECT9_4_4_2_4,select9_4_4_2_4,true
SELECT9_4_4_3,4070,HACTION_SELECT9_4_4_3,4070,HTML_PAGE_SELECT9_4_4_3,select9_4_4_3,true
SELECT9_4_4_3_1,4071,HACTION_SELECT9_4_4_3_1,4071,HTML_PAGE_SELECT9_4_4_3_1,select9_4_4_3_1,true
SELECT9_4_4_3_2,4072,HACTION_SELECT9_4_4_3_2,4072,HTML_PAGE_SELECT9_4_4_3_2,select9_4_4_3_2,true
SELECT9_4_4_3_3,4073,HACTION_SELECT9_4_4_3_3,4073,HTML_PAGE_SELECT9_4_4_3_3,select9_4_4_3_3,true
SELECT9_4_4_3_4,4074,HACTION_SELECT9_4_4_3_4,4074,HTML_PAGE_SELECT9_4_4_3_4,select9_4_4_3_4,true
SELECT9_4_4_4,4075,HACTION_SELECT9_4_4_4,4075,HTML_PAGE_SELECT9_4_4_4,select9_4_4_4,true
SELECT9_4_4_4_1,4076,HACTION_SELECT9_4_4_4_1,4076,HTML_PAGE_SELECT9_4_4_4_1,select9_4_4_4_1,true
SELECT9_4_4_4_2,4077,HACTION_SELECT9_4_4_4_2,4077,HTML_PAGE_SELECT9_4_4_4_2,select9_4_4_4_2,true
SELECT9_4_4_4_3,4078,HACTION_SELECT9_4_4_4_3,4078,HTML_PAGE_SELECT9_4_4_4_3,select9_4_4_4_3,true
SELECT9_4_4_4_4,4079,HACTION_SELECT9_4_4_4_4,4079,HTML_PAGE_SELECT9_4_4_4_4,select9_4_4_4_4,true
SELECT_NONE,4762,HACTION_SELECT_NONE,4762,HTML_PAGE_SELECT_NONE,select_none,true
SELECT_NONE_1,4763,HACTION_SELECT_NONE_1,4763,HTML_PAGE_SELECT_NONE_1,select_none_1,true
SELECT_NONE_1_1,4764,HACTION_SELECT_NONE_1_1,4764,HTML_PAGE_SELECT_NONE_1_1,select_none_1_1,true
SELECT_NONE_1_1_1,4765,HACTION_SELECT_NONE_1_1_1,4765,HTML_PAGE_SELECT_NONE_1_1_1,select_none_1_1_1,true
SELECT_NONE_1_1_1_1,4766,HACTION_SELECT_NONE_1_1_1_1,4766,HTML_PAGE_SELECT_NONE_1_1_1_1,select_none_1_1_1_1,true
SELECT_NONE_1_1_1_2,4767,HACTION_SELECT_NONE_1_1_1_2,4767,HTML_PAGE_SELECT_NONE_1_1_1_2,select_none_1_1_1_2,true
SELECT_NONE_1_1_1_3,4768,HACTION_SELECT_NONE_1_1_1_3,4768,HTML_PAGE_SELECT_NONE_1_1_1_3,select_none_1_1_1_3,true
SELECT_NONE_1_1_1_4,4769,HACTION_SELECT_NONE_1_1_1_4,4769,HTML_PAGE_SELECT_NONE_1_1_1_4,select_none_1_1_1_4,true
SELECT_NONE_1_1_2,4770,HACTION_SELECT_NONE_1_1_2,4770,HTML_PAGE_SELECT_NONE_1_1_2,select_none_1_1_2,true
SELECT_NONE_1_1_2_1,4771,HACTION_SELECT_NONE_1_1_2_1,4771,HTML_PAGE_SELECT_NONE_1_1_2_1,select_none_1_1_2_1,true
SELECT_NONE_1_1_2_2,4772,HACTION_SELECT_NONE_1_1_2_2,4772,HTML_PAGE_SELECT_NONE_1_1_2_2,select_none_1_1_2_2,true
SELECT_NONE_1_1_2_3,4773,HACTION_SELECT_NONE_1_1_2_3,4773,HTML_PAGE_SELECT_NONE_1_1_2_3,select_none_1_1_2_3,true
SELECT_NONE_1_1_2_4,4774,HACTION_SELECT_NONE_1_1_2_4,4774,HTML_PAGE_SELECT_NONE_1_1_2_4,select_none_1_1_2_4,true
SELECT_NONE_1_1_3,4775,HACTION_SELECT_NONE_1_1_3,4775,HTML_PAGE_SELECT_NONE_1_1_3,select_none_1_1_3,true
SELECT_NONE_1_1_3_1,4776,HACTION_SELECT_NONE_1_1_3_1,4776,HTML_PAGE_SELECT_NONE_1_1_3_1,select_none_1_1_3_1,true
SELECT_NONE_1_1_3_2,4777,HACTION_SELECT_NONE_1_1_3_2,4777,HTML_PAGE_SELECT_NONE_1_1_3_2,select_none_1_1_3_2,true
SELECT_NONE_1_1_3_3,4778,HACTION_SELECT_NONE_1_1_3_3,4778,HTML_PAGE_SELECT_NONE_1_1_3_3,select_none_1_1_3_3,true
SELECT_NONE_1_1_3_4,4779,HACTION_SELECT_NONE_1_1_3_4,4779,HTML_PAGE_SELECT_NONE_1_1_3_4,select_none_1_1_3_4,true
SELECT_NONE_1_1_4,4780,HACTION_SELECT_NONE_1_1_4,4780,HTML_PAGE_SELECT_NONE_1_1_4,select_none_1_1_4,true
SELECT_NONE_1_1_4_1,4781,HACTION_SELECT_NONE_1_1_4_1,4781,HTML_PAGE_SELECT_NONE_1_1_4_1,select_none_1_1_4_1,true
SELECT_NONE_1_1_4_2,4782,HACTION_SELECT_NONE_1_1_4_2,4782,HTML_PAGE_SELECT_NONE_1_1_4_2,select_none_1_1_4_2,true
SELECT_NONE_1_1_4_3,4783,HACTION_SELECT_NONE_1_1_4_3,4783,HTML_PAGE_SELECT_NONE_1_1_4_3,select_none_1_1_4_3,true
SELECT_NONE_1_1_4_4,4784,HACTION_SELECT_NONE_1_1_4_4,4784,HTML_PAGE_SELECT_NONE_1_1_4_4,select_none_1_1_4_4,true
SELECT_NONE_1_2,4785,HACTION_SELECT_NONE_1_2,4785,HTML_PAGE_SELECT_NONE_1_2,select_none_1_2,true
SELECT_NONE_1_2_1,4786,HACTION_SELECT_NONE_1_2_1,4786,HTML_PAGE_SELECT_NONE_1_2_1,select_none_1_2_1,true
SELECT_NONE_1_2_1_1,4787,HACTION_SELECT_NONE_1_2_1_1,4787,HTML_PAGE_SELECT_NONE_1_2_1_1,select_none_1_2_1_1,true
SELECT_NONE_1_2_1_2,4788,HACTION_SELECT_NONE_1_2_1_2,4788,HTML_PAGE_SELECT_NONE_1_2_1_2,select_none_1_2_1_2,true
SELECT_NONE_1_2_1_3,4789,HACTION_SELECT_NONE_1_2_1_3,4789,HTML_PAGE_SELECT_NONE_1_2_1_3,select_none_1_2_1_3,true
SELECT_NONE_1_2_1_4,4790,HACTION_SELECT_NONE_1_2_1_4,4790,HTML_PAGE_SELECT_NONE_1_2_1_4,select_none_1_2_1_4,true
SELECT_NONE_1_2_2,4791,HACTION_SELECT_NONE_1_2_2,4791,HTML_PAGE_SELECT_NONE_1_2_2,select_none_1_2_2,true
SELECT_NONE_1_2_2_1,4792,HACTION_SELECT_NONE_1_2_2_1,4792,HTML_PAGE_SELECT_NONE_1_2_2_1,select_none_1_2_2_1,true
SELECT_NONE_1_2_2_2,4793,HACTION_SELECT_NONE_1_2_2_2,4793,HTML_PAGE_SELECT_NONE_1_2_2_2,select_none_1_2_2_2,true
SELECT_NONE_1_2_2_3,4794,HACTION_SELECT_NONE_1_2_2_3,4794,HTML_PAGE_SELECT_NONE_1_2_2_3,select_none_1_2_2_3,true
SELECT_NONE_1_2_2_4,4795,HACTION_SELECT_NONE_1_2_2_4,4795,HTML_PAGE_SELECT_NONE_1_2_2_4,select_none_1_2_2_4,true
SELECT_NONE_1_2_3,4796,HACTION_SELECT_NONE_1_2_3,4796,HTML_PAGE_SELECT_NONE_1_2_3,select_none_1_2_3,true
SELECT_NONE_1_2_3_1,4797,HACTION_SELECT_NONE_1_2_3_1,4797,HTML_PAGE_SELECT_NONE_1_2_3_1,select_none_1_2_3_1,true
SELECT_NONE_1_2_3_2,4798,HACTION_SELECT_NONE_1_2_3_2,4798,HTML_PAGE_SELECT_NONE_1_2_3_2,select_none_1_2_3_2,true
SELECT_NONE_1_2_3_3,4799,HACTION_SELECT_NONE_1_2_3_3,4799,HTML_PAGE_SELECT_NONE_1_2_3_3,select_none_1_2_3_3,true
SELECT_NONE_1_2_3_4,4800,HACTION_SELECT_NONE_1_2_3_4,4800,HTML_PAGE_SELECT_NONE_1_2_3_4,select_none_1_2_3_4,true
SELECT_NONE_1_2_4,4801,HACTION_SELECT_NONE_1_2_4,4801,HTML_PAGE_SELECT_NONE_1_2_4,select_none_1_2_4,true
SELECT_NONE_1_2_4_1,4802,HACTION_SELECT_NONE_1_2_4_1,4802,HTML_PAGE_SELECT_NONE_1_2_4_1,select_none_1_2_4_1,true
SELECT_NONE_1_2_4_2,4803,HACTION_SELECT_NONE_1_2_4_2,4803,HTML_PAGE_SELECT_NONE_1_2_4_2,select_none_1_2_4_2,true
SELECT_NONE_1_2_4_3,4804,HACTION_SELECT_NONE_1_2_4_3,4804,HTML_PAGE_SELECT_NONE_1_2_4_3,select_none_1_2_4_3,true
SELECT_NONE_1_2_4_4,4805,HACTION_SELECT_NONE_1_2_4_4,4805,HTML_PAGE_SELECT_NONE_1_2_4_4,select_none_1_2_4_4,true
SELECT_NONE_1_3,4806,HACTION_SELECT_NONE_1_3,4806,HTML_PAGE_SELECT_NONE_1_3,select_none_1_3,true
SELECT_NONE_1_3_1,4807,HACTION_SELECT_NONE_1_3_1,4807,HTML_PAGE_SELECT_NONE_1_3_1,select_none_1_3_1,true
SELECT_NONE_1_3_1_1,4808,HACTION_SELECT_NONE_1_3_1_1,4808,HTML_PAGE_SELECT_NONE_1_3_1_1,select_none_1_3_1_1,true
SELECT_NONE_1_3_1_2,4809,HACTION_SELECT_NONE_1_3_1_2,4809,HTML_PAGE_SELECT_NONE_1_3_1_2,select_none_1_3_1_2,true
SELECT_NONE_1_3_1_3,4810,HACTION_SELECT_NONE_1_3_1_3,4810,HTML_PAGE_SELECT_NONE_1_3_1_3,select_none_1_3_1_3,true
SELECT_NONE_1_3_1_4,4811,HACTION_SELECT_NONE_1_3_1_4,4811,HTML_PAGE_SELECT_NONE_1_3_1_4,select_none_1_3_1_4,true
SELECT_NONE_1_3_2,4812,HACTION_SELECT_NONE_1_3_2,4812,HTML_PAGE_SELECT_NONE_1_3_2,select_none_1_3_2,true
SELECT_NONE_1_3_2_1,4813,HACTION_SELECT_NONE_1_3_2_1,4813,HTML_PAGE_SELECT_NONE_1_3_2_1,select_none_1_3_2_1,true
SELECT_NONE_1_3_2_2,4814,HACTION_SELECT_NONE_1_3_2_2,4814,HTML_PAGE_SELECT_NONE_1_3_2_2,select_none_1_3_2_2,true
SELECT_NONE_1_3_2_3,4815,HACTION_SELECT_NONE_1_3_2_3,4815,HTML_PAGE_SELECT_NONE_1_3_2_3,select_none_1_3_2_3,true
SELECT_NONE_1_3_2_4,4816,HACTION_SELECT_NONE_1_3_2_4,4816,HTML_PAGE_SELECT_NONE_1_3_2_4,select_none_1_3_2_4,true
SELECT_NONE_1_3_3,4817,HACTION_SELECT_NONE_1_3_3,4817,HTML_PAGE_SELECT_NONE_1_3_3,select_none_1_3_3,true
SELECT_NONE_1_3_3_1,4818,HACTION_SELECT_NONE_1_3_3_1,4818,HTML_PAGE_SELECT_NONE_1_3_3_1,select_none_1_3_3_1,true
SELECT_NONE_1_3_3_2,4819,HACTION_SELECT_NONE_1_3_3_2,4819,HTML_PAGE_SELECT_NONE_1_3_3_2,select_none_1_3_3_2,true
SELECT_NONE_1_3_3_3,4820,HACTION_SELECT_NONE_1_3_3_3,4820,HTML_PAGE_SELECT_NONE_1_3_3_3,select_none_1_3_3_3,true
SELECT_NONE_1_3_3_4,4821,HACTION_SELECT_NONE_1_3_3_4,4821,HTML_PAGE_SELECT_NONE_1_3_3_4,select_none_1_3_3_4,true
SELECT_NONE_1_3_4,4822,HACTION_SELECT_NONE_1_3_4,4822,HTML_PAGE_SELECT_NONE_1_3_4,select_none_1_3_4,true
SELECT_NONE_1_3_4_1,4823,HACTION_SELECT_NONE_1_3_4_1,4823,HTML_PAGE_SELECT_NONE_1_3_4_1,select_none_1_3_4_1,true
SELECT_NONE_1_3_4_2,4824,HACTION_SELECT_NONE_1_3_4_2,4824,HTML_PAGE_SELECT_NONE_1_3_4_2,select_none_1_3_4_2,true
SELECT_NONE_1_3_4_3,4825,HACTION_SELECT_NONE_1_3_4_3,4825,HTML_PAGE_SELECT_NONE_1_3_4_3,select_none_1_3_4_3,true
SELECT_NONE_1_3_4_4,4826,HACTION_SELECT_NONE_1_3_4_4,4826,HTML_PAGE_SELECT_NONE_1_3_4_4,select_none_1_3_4_4,true
SELECT_NONE_1_4,4827,HACTION_SELECT_NONE_1_4,4827,HTML_PAGE_SELECT_NONE_1_4,select_none_1_4,true
SELECT_NONE_1_4_1,4828,HACTION_SELECT_NONE_1_4_1,4828,HTML_PAGE_SELECT_NONE_1_4_1,select_none_1_4_1,true
SELECT_NONE_1_4_1_1,4829,HACTION_SELECT_NONE_1_4_1_1,4829,HTML_PAGE_SELECT_NONE_1_4_1_1,select_none_1_4_1_1,true
SELECT_NONE_1_4_1_2,4830,HACTION_SELECT_NONE_1_4_1_2,4830,HTML_PAGE_SELECT_NONE_1_4_1_2,select_none_1_4_1_2,true
SELECT_NONE_1_4_1_3,4831,HACTION_SELECT_NONE_1_4_1_3,4831,HTML_PAGE_SELECT_NONE_1_4_1_3,select_none_1_4_1_3,true
SELECT_NONE_1_4_1_4,4832,HACTION_SELECT_NONE_1_4_1_4,4832,HTML_PAGE_SELECT_NONE_1_4_1_4,select_none_1_4_1_4,true
SELECT_NONE_1_4_2,4833,HACTION_SELECT_NONE_1_4_2,4833,HTML_PAGE_SELECT_NONE_1_4_2,select_none_1_4_2,true
SELECT_NONE_1_4_2_1,4834,HACTION_SELECT_NONE_1_4_2_1,4834,HTML_PAGE_SELECT_NONE_1_4_2_1,select_none_1_4_2_1,true
SELECT_NONE_1_4_2_2,4835,HACTION_SELECT_NONE_1_4_2_2,4835,HTML_PAGE_SELECT_NONE_1_4_2_2,select_none_1_4_2_2,true
SELECT_NONE_1_4_2_3,4836,HACTION_SELECT_NONE_1_4_2_3,4836,HTML_PAGE_SELECT_NONE_1_4_2_3,select_none_1_4_2_3,true
SELECT_NONE_1_4_2_4,4837,HACTION_SELECT_NONE_1_4_2_4,4837,HTML_PAGE_SELECT_NONE_1_4_2_4,select_none_1_4_2_4,true
SELECT_NONE_1_4_3,4838,HACTION_SELECT_NONE_1_4_3,4838,HTML_PAGE_SELECT_NONE_1_4_3,select_none_1_4_3,true
SELECT_NONE_1_4_3_1,4839,HACTION_SELECT_NONE_1_4_3_1,4839,HTML_PAGE_SELECT_NONE_1_4_3_1,select_none_1_4_3_1,true
SELECT_NONE_1_4_3_2,4840,HACTION_SELECT_NONE_1_4_3_2,4840,HTML_PAGE_SELECT_NONE_1_4_3_2,select_none_1_4_3_2,true
SELECT_NONE_1_4_3_3,4841,HACTION_SELECT_NONE_1_4_3_3,4841,HTML_PAGE_SELECT_NONE_1_4_3_3,select_none_1_4_3_3,true
SELECT_NONE_1_4_3_4,4842,HACTION_SELECT_NONE_1_4_3_4,4842,HTML_PAGE_SELECT_NONE_1_4_3_4,select_none_1_4_3_4,true
SELECT_NONE_1_4_4,4843,HACTION_SELECT_NONE_1_4_4,4843,HTML_PAGE_SELECT_NONE_1_4_4,select_none_1_4_4,true
SELECT_NONE_1_4_4_1,4844,HACTION_SELECT_NONE_1_4_4_1,4844,HTML_PAGE_SELECT_NONE_1_4_4_1,select_none_1_4_4_1,true
SELECT_NONE_1_4_4_2,4845,HACTION_SELECT_NONE_1_4_4_2,4845,HTML_PAGE_SELECT_NONE_1_4_4_2,select_none_1_4_4_2,true
SELECT_NONE_1_4_4_3,4846,HACTION_SELECT_NONE_1_4_4_3,4846,HTML_PAGE_SELECT_NONE_1_4_4_3,select_none_1_4_4_3,true
SELECT_NONE_1_4_4_4,4847,HACTION_SELECT_NONE_1_4_4_4,4847,HTML_PAGE_SELECT_NONE_1_4_4_4,select_none_1_4_4_4,true
SELECT_NONE_2,4848,HACTION_SELECT_NONE_2,4848,HTML_PAGE_SELECT_NONE_2,select_none_2,true
SELECT_NONE_2_1,4849,HACTION_SELECT_NONE_2_1,4849,HTML_PAGE_SELECT_NONE_2_1,select_none_2_1,true
SELECT_NONE_2_1_1,4850,HACTION_SELECT_NONE_2_1_1,4850,HTML_PAGE_SELECT_NONE_2_1_1,select_none_2_1_1,true
SELECT_NONE_2_1_1_1,4851,HACTION_SELECT_NONE_2_1_1_1,4851,HTML_PAGE_SELECT_NONE_2_1_1_1,select_none_2_1_1_1,true
SELECT_NONE_2_1_1_2,4852,HACTION_SELECT_NONE_2_1_1_2,4852,HTML_PAGE_SELECT_NONE_2_1_1_2,select_none_2_1_1_2,true
SELECT_NONE_2_1_1_3,4853,HACTION_SELECT_NONE_2_1_1_3,4853,HTML_PAGE_SELECT_NONE_2_1_1_3,select_none_2_1_1_3,true
SELECT_NONE_2_1_1_4,4854,HACTION_SELECT_NONE_2_1_1_4,4854,HTML_PAGE_SELECT_NONE_2_1_1_4,select_none_2_1_1_4,true
SELECT_NONE_2_1_2,4855,HACTION_SELECT_NONE_2_1_2,4855,HTML_PAGE_SELECT_NONE_2_1_2,select_none_2_1_2,true
SELECT_NONE_2_1_2_1,4856,HACTION_SELECT_NONE_2_1_2_1,4856,HTML_PAGE_SELECT_NONE_2_1_2_1,select_none_2_1_2_1,true
SELECT_NONE_2_1_2_2,4857,HACTION_SELECT_NONE_2_1_2_2,4857,HTML_PAGE_SELECT_NONE_2_1_2_2,select_none_2_1_2_2,true
SELECT_NONE_2_1_2_3,4858,HACTION_SELECT_NONE_2_1_2_3,4858,HTML_PAGE_SELECT_NONE_2_1_2_3,select_none_2_1_2_3,true
SELECT_NONE_2_1_2_4,4859,HACTION_SELECT_NONE_2_1_2_4,4859,HTML_PAGE_SELECT_NONE_2_1_2_4,select_none_2_1_2_4,true
SELECT_NONE_2_1_3,4860,HACTION_SELECT_NONE_2_1_3,4860,HTML_PAGE_SELECT_NONE_2_1_3,select_none_2_1_3,true
SELECT_NONE_2_1_3_1,4861,HACTION_SELECT_NONE_2_1_3_1,4861,HTML_PAGE_SELECT_NONE_2_1_3_1,select_none_2_1_3_1,true
SELECT_NONE_2_1_3_2,4862,HACTION_SELECT_NONE_2_1_3_2,4862,HTML_PAGE_SELECT_NONE_2_1_3_2,select_none_2_1_3_2,true
SELECT_NONE_2_1_3_3,4863,HACTION_SELECT_NONE_2_1_3_3,4863,HTML_PAGE_SELECT_NONE_2_1_3_3,select_none_2_1_3_3,true
SELECT_NONE_2_1_3_4,4864,HACTION_SELECT_NONE_2_1_3_4,4864,HTML_PAGE_SELECT_NONE_2_1_3_4,select_none_2_1_3_4,true
SELECT_NONE_2_1_4,4865,HACTION_SELECT_NONE_2_1_4,4865,HTML_PAGE_SELECT_NONE_2_1_4,select_none_2_1_4,true
SELECT_NONE_2_1_4_1,4866,HACTION_SELECT_NONE_2_1_4_1,4866,HTML_PAGE_SELECT_NONE_2_1_4_1,select_none_2_1_4_1,true
SELECT_NONE_2_1_4_2,4867,HACTION_SELECT_NONE_2_1_4_2,4867,HTML_PAGE_SELECT_NONE_2_1_4_2,select_none_2_1_4_2,true
SELECT_NONE_2_1_4_3,4868,HACTION_SELECT_NONE_2_1_4_3,4868,HTML_PAGE_SELECT_NONE_2_1_4_3,select_none_2_1_4_3,true
SELECT_NONE_2_1_4_4,4869,HACTION_SELECT_NONE_2_1_4_4,4869,HTML_PAGE_SELECT_NONE_2_1_4_4,select_none_2_1_4_4,true
SELECT_NONE_2_2,4870,HACTION_SELECT_NONE_2_2,4870,HTML_PAGE_SELECT_NONE_2_2,select_none_2_2,true
SELECT_NONE_2_2_1,4871,HACTION_SELECT_NONE_2_2_1,4871,HTML_PAGE_SELECT_NONE_2_2_1,select_none_2_2_1,true
SELECT_NONE_2_2_1_1,4872,HACTION_SELECT_NONE_2_2_1_1,4872,HTML_PAGE_SELECT_NONE_2_2_1_1,select_none_2_2_1_1,true
SELECT_NONE_2_2_1_2,4873,HACTION_SELECT_NONE_2_2_1_2,4873,HTML_PAGE_SELECT_NONE_2_2_1_2,select_none_2_2_1_2,true
SELECT_NONE_2_2_1_3,4874,HACTION_SELECT_NONE_2_2_1_3,4874,HTML_PAGE_SELECT_NONE_2_2_1_3,select_none_2_2_1_3,true
SELECT_NONE_2_2_1_4,4875,HACTION_SELECT_NONE_2_2_1_4,4875,HTML_PAGE_SELECT_NONE_2_2_1_4,select_none_2_2_1_4,true
SELECT_NONE_2_2_2,4876,HACTION_SELECT_NONE_2_2_2,4876,HTML_PAGE_SELECT_NONE_2_2_2,select_none_2_2_2,true
SELECT_NONE_2_2_2_1,4877,HACTION_SELECT_NONE_2_2_2_1,4877,HTML_PAGE_SELECT_NONE_2_2_2_1,select_none_2_2_2_1,true
SELECT_NONE_2_2_2_2,4878,HACTION_SELECT_NONE_2_2_2_2,4878,HTML_PAGE_SELECT_NONE_2_2_2_2,select_none_2_2_2_2,true
SELECT_NONE_2_2_2_3,4879,HACTION_SELECT_NONE_2_2_2_3,4879,HTML_PAGE_SELECT_NONE_2_2_2_3,select_none_2_2_2_3,true
SELECT_NONE_2_2_2_4,4880,HACTION_SELECT_NONE_2_2_2_4,4880,HTML_PAGE_SELECT_NONE_2_2_2_4,select_none_2_2_2_4,true
SELECT_NONE_2_2_3,4881,HACTION_SELECT_NONE_2_2_3,4881,HTML_PAGE_SELECT_NONE_2_2_3,select_none_2_2_3,true
SELECT_NONE_2_2_3_1,4882,HACTION_SELECT_NONE_2_2_3_1,4882,HTML_PAGE_SELECT_NONE_2_2_3_1,select_none_2_2_3_1,true
SELECT_NONE_2_2_3_2,4883,HACTION_SELECT_NONE_2_2_3_2,4883,HTML_PAGE_SELECT_NONE_2_2_3_2,select_none_2_2_3_2,true
SELECT_NONE_2_2_3_3,4884,HACTION_SELECT_NONE_2_2_3_3,4884,HTML_PAGE_SELECT_NONE_2_2_3_3,select_none_2_2_3_3,true
SELECT_NONE_2_2_3_4,4885,HACTION_SELECT_NONE_2_2_3_4,4885,HTML_PAGE_SELECT_NONE_2_2_3_4,select_none_2_2_3_4,true
SELECT_NONE_2_2_4,4886,HACTION_SELECT_NONE_2_2_4,4886,HTML_PAGE_SELECT_NONE_2_2_4,select_none_2_2_4,true
SELECT_NONE_2_2_4_1,4887,HACTION_SELECT_NONE_2_2_4_1,4887,HTML_PAGE_SELECT_NONE_2_2_4_1,select_none_2_2_4_1,true
SELECT_NONE_2_2_4_2,4888,HACTION_SELECT_NONE_2_2_4_2,4888,HTML_PAGE_SELECT_NONE_2_2_4_2,select_none_2_2_4_2,true
SELECT_NONE_2_2_4_3,4889,HACTION_SELECT_NONE_2_2_4_3,4889,HTML_PAGE_SELECT_NONE_2_2_4_3,select_none_2_2_4_3,true
SELECT_NONE_2_2_4_4,4890,HACTION_SELECT_NONE_2_2_4_4,4890,HTML_PAGE_SELECT_NONE_2_2_4_4,select_none_2_2_4_4,true
SELECT_NONE_2_3,4891,HACTION_SELECT_NONE_2_3,4891,HTML_PAGE_SELECT_NONE_2_3,select_none_2_3,true
SELECT_NONE_2_3_1,4892,HACTION_SELECT_NONE_2_3_1,4892,HTML_PAGE_SELECT_NONE_2_3_1,select_none_2_3_1,true
SELECT_NONE_2_3_1_1,4893,HACTION_SELECT_NONE_2_3_1_1,4893,HTML_PAGE_SELECT_NONE_2_3_1_1,select_none_2_3_1_1,true
SELECT_NONE_2_3_1_2,4894,HACTION_SELECT_NONE_2_3_1_2,4894,HTML_PAGE_SELECT_NONE_2_3_1_2,select_none_2_3_1_2,true
SELECT_NONE_2_3_1_3,4895,HACTION_SELECT_NONE_2_3_1_3,4895,HTML_PAGE_SELECT_NONE_2_3_1_3,select_none_2_3_1_3,true
SELECT_NONE_2_3_1_4,4896,HACTION_SELECT_NONE_2_3_1_4,4896,HTML_PAGE_SELECT_NONE_2_3_1_4,select_none_2_3_1_4,true
SELECT_NONE_2_3_2,4897,HACTION_SELECT_NONE_2_3_2,4897,HTML_PAGE_SELECT_NONE_2_3_2,select_none_2_3_2,true
SELECT_NONE_2_3_2_1,4898,HACTION_SELECT_NONE_2_3_2_1,4898,HTML_PAGE_SELECT_NONE_2_3_2_1,select_none_2_3_2_1,true
SELECT_NONE_2_3_2_2,4899,HACTION_SELECT_NONE_2_3_2_2,4899,HTML_PAGE_SELECT_NONE_2_3_2_2,select_none_2_3_2_2,true
SELECT_NONE_2_3_2_3,4900,HACTION_SELECT_NONE_2_3_2_3,4900,HTML_PAGE_SELECT_NONE_2_3_2_3,select_none_2_3_2_3,true
SELECT_NONE_2_3_2_4,4901,HACTION_SELECT_NONE_2_3_2_4,4901,HTML_PAGE_SELECT_NONE_2_3_2_4,select_none_2_3_2_4,true
SELECT_NONE_2_3_3,4902,HACTION_SELECT_NONE_2_3_3,4902,HTML_PAGE_SELECT_NONE_2_3_3,select_none_2_3_3,true
SELECT_NONE_2_3_3_1,4903,HACTION_SELECT_NONE_2_3_3_1,4903,HTML_PAGE_SELECT_NONE_2_3_3_1,select_none_2_3_3_1,true
SELECT_NONE_2_3_3_2,4904,HACTION_SELECT_NONE_2_3_3_2,4904,HTML_PAGE_SELECT_NONE_2_3_3_2,select_none_2_3_3_2,true
SELECT_NONE_2_3_3_3,4905,HACTION_SELECT_NONE_2_3_3_3,4905,HTML_PAGE_SELECT_NONE_2_3_3_3,select_none_2_3_3_3,true
SELECT_NONE_2_3_3_4,4906,HACTION_SELECT_NONE_2_3_3_4,4906,HTML_PAGE_SELECT_NONE_2_3_3_4,select_none_2_3_3_4,true
SELECT_NONE_2_3_4,4907,HACTION_SELECT_NONE_2_3_4,4907,HTML_PAGE_SELECT_NONE_2_3_4,select_none_2_3_4,true
SELECT_NONE_2_3_4_1,4908,HACTION_SELECT_NONE_2_3_4_1,4908,HTML_PAGE_SELECT_NONE_2_3_4_1,select_none_2_3_4_1,true
SELECT_NONE_2_3_4_2,4909,HACTION_SELECT_NONE_2_3_4_2,4909,HTML_PAGE_SELECT_NONE_2_3_4_2,select_none_2_3_4_2,true
SELECT_NONE_2_3_4_3,4910,HACTION_SELECT_NONE_2_3_4_3,4910,HTML_PAGE_SELECT_NONE_2_3_4_3,select_none_2_3_4_3,true
SELECT_NONE_2_3_4_4,4911,HACTION_SELECT_NONE_2_3_4_4,4911,HTML_PAGE_SELECT_NONE_2_3_4_4,select_none_2_3_4_4,true
SELECT_NONE_2_4,4912,HACTION_SELECT_NONE_2_4,4912,HTML_PAGE_SELECT_NONE_2_4,select_none_2_4,true
SELECT_NONE_2_4_1,4913,HACTION_SELECT_NONE_2_4_1,4913,HTML_PAGE_SELECT_NONE_2_4_1,select_none_2_4_1,true
SELECT_NONE_2_4_1_1,4914,HACTION_SELECT_NONE_2_4_1_1,4914,HTML_PAGE_SELECT_NONE_2_4_1_1,select_none_2_4_1_1,true
SELECT_NONE_2_4_1_2,4915,HACTION_SELECT_NONE_2_4_1_2,4915,HTML_PAGE_SELECT_NONE_2_4_1_2,select_none_2_4_1_2,true
SELECT_NONE_2_4_1_3,4916,HACTION_SELECT_NONE_2_4_1_3,4916,HTML_PAGE_SELECT_NONE_2_4_1_3,select_none_2_4_1_3,true
SELECT_NONE_2_4_1_4,4917,HACTION_SELECT_NONE_2_4_1_4,4917,HTML_PAGE_SELECT_NONE_2_4_1_4,select_none_2_4_1_4,true
SELECT_NONE_2_4_2,4918,HACTION_SELECT_NONE_2_4_2,4918,HTML_PAGE_SELECT_NONE_2_4_2,select_none_2_4_2,true
SELECT_NONE_2_4_2_1,4919,HACTION_SELECT_NONE_2_4_2_1,4919,HTML_PAGE_SELECT_NONE_2_4_2_1,select_none_2_4_2_1,true
SELECT_NONE_2_4_2_2,4920,HACTION_SELECT_NONE_2_4_2_2,4920,HTML_PAGE_SELECT_NONE_2_4_2_2,select_none_2_4_2_2,true
SELECT_NONE_2_4_2_3,4921,HACTION_SELECT_NONE_2_4_2_3,4921,HTML_PAGE_SELECT_NONE_2_4_2_3,select_none_2_4_2_3,true
SELECT_NONE_2_4_2_4,4922,HACTION_SELECT_NONE_2_4_2_4,4922,HTML_PAGE_SELECT_NONE_2_4_2_4,select_none_2_4_2_4,true
SELECT_NONE_2_4_3,4923,HACTION_SELECT_NONE_2_4_3,4923,HTML_PAGE_SELECT_NONE_2_4_3,select_none_2_4_3,true
SELECT_NONE_2_4_3_1,4924,HACTION_SELECT_NONE_2_4_3_1,4924,HTML_PAGE_SELECT_NONE_2_4_3_1,select_none_2_4_3_1,true
SELECT_NONE_2_4_3_2,4925,HACTION_SELECT_NONE_2_4_3_2,4925,HTML_PAGE_SELECT_NONE_2_4_3_2,select_none_2_4_3_2,true
SELECT_NONE_2_4_3_3,4926,HACTION_SELECT_NONE_2_4_3_3,4926,HTML_PAGE_SELECT_NONE_2_4_3_3,select_none_2_4_3_3,true
SELECT_NONE_2_4_3_4,4927,HACTION_SELECT_NONE_2_4_3_4,4927,HTML_PAGE_SELECT_NONE_2_4_3_4,select_none_2_4_3_4,true
SELECT_NONE_2_4_4,4928,HACTION_SELECT_NONE_2_4_4,4928,HTML_PAGE_SELECT_NONE_2_4_4,select_none_2_4_4,true
SELECT_NONE_2_4_4_1,4929,HACTION_SELECT_NONE_2_4_4_1,4929,HTML_PAGE_SELECT_NONE_2_4_4_1,select_none_2_4_4_1,true
SELECT_NONE_2_4_4_2,4930,HACTION_SELECT_NONE_2_4_4_2,4930,HTML_PAGE_SELECT_NONE_2_4_4_2,select_none_2_4_4_2,true
SELECT_NONE_2_4_4_3,4931,HACTION_SELECT_NONE_2_4_4_3,4931,HTML_PAGE_SELECT_NONE_2_4_4_3,select_none_2_4_4_3,true
SELECT_NONE_2_4_4_4,4932,HACTION_SELECT_NONE_2_4_4_4,4932,HTML_PAGE_SELECT_NONE_2_4_4_4,select_none_2_4_4_4,true
SELECT_NONE_3,4933,HACTION_SELECT_NONE_3,4933,HTML_PAGE_SELECT_NONE_3,select_none_3,true
SELECT_NONE_3_1,4934,HACTION_SELECT_NONE_3_1,4934,HTML_PAGE_SELECT_NONE_3_1,select_none_3_1,true
SELECT_NONE_3_1_1,4935,HACTION_SELECT_NONE_3_1_1,4935,HTML_PAGE_SELECT_NONE_3_1_1,select_none_3_1_1,true
SELECT_NONE_3_1_1_1,4936,HACTION_SELECT_NONE_3_1_1_1,4936,HTML_PAGE_SELECT_NONE_3_1_1_1,select_none_3_1_1_1,true
SELECT_NONE_3_1_1_2,4937,HACTION_SELECT_NONE_3_1_1_2,4937,HTML_PAGE_SELECT_NONE_3_1_1_2,select_none_3_1_1_2,true
SELECT_NONE_3_1_1_3,4938,HACTION_SELECT_NONE_3_1_1_3,4938,HTML_PAGE_SELECT_NONE_3_1_1_3,select_none_3_1_1_3,true
SELECT_NONE_3_1_1_4,4939,HACTION_SELECT_NONE_3_1_1_4,4939,HTML_PAGE_SELECT_NONE_3_1_1_4,select_none_3_1_1_4,true
SELECT_NONE_3_1_2,4940,HACTION_SELECT_NONE_3_1_2,4940,HTML_PAGE_SELECT_NONE_3_1_2,select_none_3_1_2,true
SELECT_NONE_3_1_2_1,4941,HACTION_SELECT_NONE_3_1_2_1,4941,HTML_PAGE_SELECT_NONE_3_1_2_1,select_none_3_1_2_1,true
SELECT_NONE_3_1_2_2,4942,HACTION_SELECT_NONE_3_1_2_2,4942,HTML_PAGE_SELECT_NONE_3_1_2_2,select_none_3_1_2_2,true
SELECT_NONE_3_1_2_3,4943,HACTION_SELECT_NONE_3_1_2_3,4943,HTML_PAGE_SELECT_NONE_3_1_2_3,select_none_3_1_2_3,true
SELECT_NONE_3_1_2_4,4944,HACTION_SELECT_NONE_3_1_2_4,4944,HTML_PAGE_SELECT_NONE_3_1_2_4,select_none_3_1_2_4,true
SELECT_NONE_3_1_3,4945,HACTION_SELECT_NONE_3_1_3,4945,HTML_PAGE_SELECT_NONE_3_1_3,select_none_3_1_3,true
SELECT_NONE_3_1_3_1,4946,HACTION_SELECT_NONE_3_1_3_1,4946,HTML_PAGE_SELECT_NONE_3_1_3_1,select_none_3_1_3_1,true
SELECT_NONE_3_1_3_2,4947,HACTION_SELECT_NONE_3_1_3_2,4947,HTML_PAGE_SELECT_NONE_3_1_3_2,select_none_3_1_3_2,true
SELECT_NONE_3_1_3_3,4948,HACTION_SELECT_NONE_3_1_3_3,4948,HTML_PAGE_SELECT_NONE_3_1_3_3,select_none_3_1_3_3,true
SELECT_NONE_3_1_3_4,4949,HACTION_SELECT_NONE_3_1_3_4,4949,HTML_PAGE_SELECT_NONE_3_1_3_4,select_none_3_1_3_4,true
SELECT_NONE_3_1_4,4950,HACTION_SELECT_NONE_3_1_4,4950,HTML_PAGE_SELECT_NONE_3_1_4,select_none_3_1_4,true
SELECT_NONE_3_1_4_1,4951,HACTION_SELECT_NONE_3_1_4_1,4951,HTML_PAGE_SELECT_NONE_3_1_4_1,select_none_3_1_4_1,true
SELECT_NONE_3_1_4_2,4952,HACTION_SELECT_NONE_3_1_4_2,4952,HTML_PAGE_SELECT_NONE_3_1_4_2,select_none_3_1_4_2,true
SELECT_NONE_3_1_4_3,4953,HACTION_SELECT_NONE_3_1_4_3,4953,HTML_PAGE_SELECT_NONE_3_1_4_3,select_none_3_1_4_3,true
SELECT_NONE_3_1_4_4,4954,HACTION_SELECT_NONE_3_1_4_4,4954,HTML_PAGE_SELECT_NONE_3_1_4_4,select_none_3_1_4_4,true
SELECT_NONE_3_2,4955,HACTION_SELECT_NONE_3_2,4955,HTML_PAGE_SELECT_NONE_3_2,select_none_3_2,true
SELECT_NONE_3_2_1,4956,HACTION_SELECT_NONE_3_2_1,4956,HTML_PAGE_SELECT_NONE_3_2_1,select_none_3_2_1,true
SELECT_NONE_3_2_1_1,4957,HACTION_SELECT_NONE_3_2_1_1,4957,HTML_PAGE_SELECT_NONE_3_2_1_1,select_none_3_2_1_1,true
SELECT_NONE_3_2_1_2,4958,HACTION_SELECT_NONE_3_2_1_2,4958,HTML_PAGE_SELECT_NONE_3_2_1_2,select_none_3_2_1_2,true
SELECT_NONE_3_2_1_3,4959,HACTION_SELECT_NONE_3_2_1_3,4959,HTML_PAGE_SELECT_NONE_3_2_1_3,select_none_3_2_1_3,true
SELECT_NONE_3_2_1_4,4960,HACTION_SELECT_NONE_3_2_1_4,4960,HTML_PAGE_SELECT_NONE_3_2_1_4,select_none_3_2_1_4,true
SELECT_NONE_3_2_2,4961,HACTION_SELECT_NONE_3_2_2,4961,HTML_PAGE_SELECT_NONE_3_2_2,select_none_3_2_2,true
SELECT_NONE_3_2_2_1,4962,HACTION_SELECT_NONE_3_2_2_1,4962,HTML_PAGE_SELECT_NONE_3_2_2_1,select_none_3_2_2_1,true
SELECT_NONE_3_2_2_2,4963,HACTION_SELECT_NONE_3_2_2_2,4963,HTML_PAGE_SELECT_NONE_3_2_2_2,select_none_3_2_2_2,true
SELECT_NONE_3_2_2_3,4964,HACTION_SELECT_NONE_3_2_2_3,4964,HTML_PAGE_SELECT_NONE_3_2_2_3,select_none_3_2_2_3,true
SELECT_NONE_3_2_2_4,4965,HACTION_SELECT_NONE_3_2_2_4,4965,HTML_PAGE_SELECT_NONE_3_2_2_4,select_none_3_2_2_4,true
SELECT_NONE_3_2_3,4966,HACTION_SELECT_NONE_3_2_3,4966,HTML_PAGE_SELECT_NONE_3_2_3,select_none_3_2_3,true
SELECT_NONE_3_2_3_1,4967,HACTION_SELECT_NONE_3_2_3_1,4967,HTML_PAGE_SELECT_NONE_3_2_3_1,select_none_3_2_3_1,true
SELECT_NONE_3_2_3_2,4968,HACTION_SELECT_NONE_3_2_3_2,4968,HTML_PAGE_SELECT_NONE_3_2_3_2,select_none_3_2_3_2,true
SELECT_NONE_3_2_3_3,4969,HACTION_SELECT_NONE_3_2_3_3,4969,HTML_PAGE_SELECT_NONE_3_2_3_3,select_none_3_2_3_3,true
SELECT_NONE_3_2_3_4,4970,HACTION_SELECT_NONE_3_2_3_4,4970,HTML_PAGE_SELECT_NONE_3_2_3_4,select_none_3_2_3_4,true
SELECT_NONE_3_2_4,4971,HACTION_SELECT_NONE_3_2_4,4971,HTML_PAGE_SELECT_NONE_3_2_4,select_none_3_2_4,true
SELECT_NONE_3_2_4_1,4972,HACTION_SELECT_NONE_3_2_4_1,4972,HTML_PAGE_SELECT_NONE_3_2_4_1,select_none_3_2_4_1,true
SELECT_NONE_3_2_4_2,4973,HACTION_SELECT_NONE_3_2_4_2,4973,HTML_PAGE_SELECT_NONE_3_2_4_2,select_none_3_2_4_2,true
SELECT_NONE_3_2_4_3,4974,HACTION_SELECT_NONE_3_2_4_3,4974,HTML_PAGE_SELECT_NONE_3_2_4_3,select_none_3_2_4_3,true
SELECT_NONE_3_2_4_4,4975,HACTION_SELECT_NONE_3_2_4_4,4975,HTML_PAGE_SELECT_NONE_3_2_4_4,select_none_3_2_4_4,true
SELECT_NONE_3_3,4976,HACTION_SELECT_NONE_3_3,4976,HTML_PAGE_SELECT_NONE_3_3,select_none_3_3,true
SELECT_NONE_3_3_1,4977,HACTION_SELECT_NONE_3_3_1,4977,HTML_PAGE_SELECT_NONE_3_3_1,select_none_3_3_1,true
SELECT_NONE_3_3_1_1,4978,HACTION_SELECT_NONE_3_3_1_1,4978,HTML_PAGE_SELECT_NONE_3_3_1_1,select_none_3_3_1_1,true
SELECT_NONE_3_3_1_2,4979,HACTION_SELECT_NONE_3_3_1_2,4979,HTML_PAGE_SELECT_NONE_3_3_1_2,select_none_3_3_1_2,true
SELECT_NONE_3_3_1_3,4980,HACTION_SELECT_NONE_3_3_1_3,4980,HTML_PAGE_SELECT_NONE_3_3_1_3,select_none_3_3_1_3,true
SELECT_NONE_3_3_1_4,4981,HACTION_SELECT_NONE_3_3_1_4,4981,HTML_PAGE_SELECT_NONE_3_3_1_4,select_none_3_3_1_4,true
SELECT_NONE_3_3_2,4982,HACTION_SELECT_NONE_3_3_2,4982,HTML_PAGE_SELECT_NONE_3_3_2,select_none_3_3_2,true
SELECT_NONE_3_3_2_1,4983,HACTION_SELECT_NONE_3_3_2_1,4983,HTML_PAGE_SELECT_NONE_3_3_2_1,select_none_3_3_2_1,true
SELECT_NONE_3_3_2_2,4984,HACTION_SELECT_NONE_3_3_2_2,4984,HTML_PAGE_SELECT_NONE_3_3_2_2,select_none_3_3_2_2,true
SELECT_NONE_3_3_2_3,4985,HACTION_SELECT_NONE_3_3_2_3,4985,HTML_PAGE_SELECT_NONE_3_3_2_3,select_none_3_3_2_3,true
SELECT_NONE_3_3_2_4,4986,HACTION_SELECT_NONE_3_3_2_4,4986,HTML_PAGE_SELECT_NONE_3_3_2_4,select_none_3_3_2_4,true
SELECT_NONE_3_3_3,4987,HACTION_SELECT_NONE_3_3_3,4987,HTML_PAGE_SELECT_NONE_3_3_3,select_none_3_3_3,true
SELECT_NONE_3_3_3_1,4988,HACTION_SELECT_NONE_3_3_3_1,4988,HTML_PAGE_SELECT_NONE_3_3_3_1,select_none_3_3_3_1,true
SELECT_NONE_3_3_3_2,4989,HACTION_SELECT_NONE_3_3_3_2,4989,HTML_PAGE_SELECT_NONE_3_3_3_2,select_none_3_3_3_2,true
SELECT_NONE_3_3_3_3,4990,HACTION_SELECT_NONE_3_3_3_3,4990,HTML_PAGE_SELECT_NONE_3_3_3_3,select_none_3_3_3_3,true
SELECT_NONE_3_3_3_4,4991,HACTION_SELECT_NONE_3_3_3_4,4991,HTML_PAGE_SELECT_NONE_3_3_3_4,select_none_3_3_3_4,true
SELECT_NONE_3_3_4,4992,HACTION_SELECT_NONE_3_3_4,4992,HTML_PAGE_SELECT_NONE_3_3_4,select_none_3_3_4,true
SELECT_NONE_3_3_4_1,4993,HACTION_SELECT_NONE_3_3_4_1,4993,HTML_PAGE_SELECT_NONE_3_3_4_1,select_none_3_3_4_1,true
SELECT_NONE_3_3_4_2,4994,HACTION_SELECT_NONE_3_3_4_2,4994,HTML_PAGE_SELECT_NONE_3_3_4_2,select_none_3_3_4_2,true
SELECT_NONE_3_3_4_3,4995,HACTION_SELECT_NONE_3_3_4_3,4995,HTML_PAGE_SELECT_NONE_3_3_4_3,select_none_3_3_4_3,true
SELECT_NONE_3_3_4_4,4996,HACTION_SELECT_NONE_3_3_4_4,4996,HTML_PAGE_SELECT_NONE_3_3_4_4,select_none_3_3_4_4,true
SELECT_NONE_3_4,4997,HACTION_SELECT_NONE_3_4,4997,HTML_PAGE_SELECT_NONE_3_4,select_none_3_4,true
SELECT_NONE_3_4_1,4998,HACTION_SELECT_NONE_3_4_1,4998,HTML_PAGE_SELECT_NONE_3_4_1,select_none_3_4_1,true
SELECT_NONE_3_4_1_1,4999,HACTION_SELECT_NONE_3_4_1_1,4999,HTML_PAGE_SELECT_NONE_3_4_1_1,select_none_3_4_1_1,true
SELECT_NONE_3_4_1_2,5000,HACTION_SELECT_NONE_3_4_1_2,5000,HTML_PAGE_SELECT_NONE_3_4_1_2,select_none_3_4_1_2,true
SELECT_NONE_3_4_1_3,5001,HACTION_SELECT_NONE_3_4_1_3,5001,HTML_PAGE_SELECT_NONE_3_4_1_3,select_none_3_4_1_3,true
SELECT_NONE_3_4_1_4,5002,HACTION_SELECT_NONE_3_4_1_4,5002,HTML_PAGE_SELECT_NONE_3_4_1_4,select_none_3_4_1_4,true
SELECT_NONE_3_4_2,5003,HACTION_SELECT_NONE_3_4_2,5003,HTML_PAGE_SELECT_NONE_3_4_2,select_none_3_4_2,true
SELECT_NONE_3_4_2_1,5004,HACTION_SELECT_NONE_3_4_2_1,5004,HTML_PAGE_SELECT_NONE_3_4_2_1,select_none_3_4_2_1,true
SELECT_NONE_3_4_2_2,5005,HACTION_SELECT_NONE_3_4_2_2,5005,HTML_PAGE_SELECT_NONE_3_4_2_2,select_none_3_4_2_2,true
SELECT_NONE_3_4_2_3,5006,HACTION_SELECT_NONE_3_4_2_3,5006,HTML_PAGE_SELECT_NONE_3_4_2_3,select_none_3_4_2_3,true
SELECT_NONE_3_4_2_4,5007,HACTION_SELECT_NONE_3_4_2_4,5007,HTML_PAGE_SELECT_NONE_3_4_2_4,select_none_3_4_2_4,true
SELECT_NONE_3_4_3,5008,HACTION_SELECT_NONE_3_4_3,5008,HTML_PAGE_SELECT_NONE_3_4_3,select_none_3_4_3,true
SELECT_NONE_3_4_3_1,5009,HACTION_SELECT_NONE_3_4_3_1,5009,HTML_PAGE_SELECT_NONE_3_4_3_1,select_none_3_4_3_1,true
SELECT_NONE_3_4_3_2,5010,HACTION_SELECT_NONE_3_4_3_2,5010,HTML_PAGE_SELECT_NONE_3_4_3_2,select_none_3_4_3_2,true
SELECT_NONE_3_4_3_3,5011,HACTION_SELECT_NONE_3_4_3_3,5011,HTML_PAGE_SELECT_NONE_3_4_3_3,select_none_3_4_3_3,true
SELECT_NONE_3_4_3_4,5012,HACTION_SELECT_NONE_3_4_3_4,5012,HTML_PAGE_SELECT_NONE_3_4_3_4,select_none_3_4_3_4,true
SELECT_NONE_3_4_4,5013,HACTION_SELECT_NONE_3_4_4,5013,HTML_PAGE_SELECT_NONE_3_4_4,select_none_3_4_4,true
SELECT_NONE_3_4_4_1,5014,HACTION_SELECT_NONE_3_4_4_1,5014,HTML_PAGE_SELECT_NONE_3_4_4_1,select_none_3_4_4_1,true
SELECT_NONE_3_4_4_2,5015,HACTION_SELECT_NONE_3_4_4_2,5015,HTML_PAGE_SELECT_NONE_3_4_4_2,select_none_3_4_4_2,true
SELECT_NONE_3_4_4_3,5016,HACTION_SELECT_NONE_3_4_4_3,5016,HTML_PAGE_SELECT_NONE_3_4_4_3,select_none_3_4_4_3,true
SELECT_NONE_3_4_4_4,5017,HACTION_SELECT_NONE_3_4_4_4,5017,HTML_PAGE_SELECT_NONE_3_4_4_4,select_none_3_4_4_4,true
SELECT_NONE_4,5018,HACTION_SELECT_NONE_4,5018,HTML_PAGE_SELECT_NONE_4,select_none_4,true
SELECT_NONE_4_1,5019,HACTION_SELECT_NONE_4_1,5019,HTML_PAGE_SELECT_NONE_4_1,select_none_4_1,true
SELECT_NONE_4_1_1,5020,HACTION_SELECT_NONE_4_1_1,5020,HTML_PAGE_SELECT_NONE_4_1_1,select_none_4_1_1,true
SELECT_NONE_4_1_1_1,5021,HACTION_SELECT_NONE_4_1_1_1,5021,HTML_PAGE_SELECT_NONE_4_1_1_1,select_none_4_1_1_1,true
SELECT_NONE_4_1_1_2,5022,HACTION_SELECT_NONE_4_1_1_2,5022,HTML_PAGE_SELECT_NONE_4_1_1_2,select_none_4_1_1_2,true
SELECT_NONE_4_1_1_3,5023,HACTION_SELECT_NONE_4_1_1_3,5023,HTML_PAGE_SELECT_NONE_4_1_1_3,select_none_4_1_1_3,true
SELECT_NONE_4_1_1_4,5024,HACTION_SELECT_NONE_4_1_1_4,5024,HTML_PAGE_SELECT_NONE_4_1_1_4,select_none_4_1_1_4,true
SELECT_NONE_4_1_2,5025,HACTION_SELECT_NONE_4_1_2,5025,HTML_PAGE_SELECT_NONE_4_1_2,select_none_4_1_2,true
SELECT_NONE_4_1_2_1,5026,HACTION_SELECT_NONE_4_1_2_1,5026,HTML_PAGE_SELECT_NONE_4_1_2_1,select_none_4_1_2_1,true
SELECT_NONE_4_1_2_2,5027,HACTION_SELECT_NONE_4_1_2_2,5027,HTML_PAGE_SELECT_NONE_4_1_2_2,select_none_4_1_2_2,true
SELECT_NONE_4_1_2_3,5028,HACTION_SELECT_NONE_4_1_2_3,5028,HTML_PAGE_SELECT_NONE_4_1_2_3,select_none_4_1_2_3,true
SELECT_NONE_4_1_2_4,5029,HACTION_SELECT_NONE_4_1_2_4,5029,HTML_PAGE_SELECT_NONE_4_1_2_4,select_none_4_1_2_4,true
SELECT_NONE_4_1_3,5030,HACTION_SELECT_NONE_4_1_3,5030,HTML_PAGE_SELECT_NONE_4_1_3,select_none_4_1_3,true
SELECT_NONE_4_1_3_1,5031,HACTION_SELECT_NONE_4_1_3_1,5031,HTML_PAGE_SELECT_NONE_4_1_3_1,select_none_4_1_3_1,true
SELECT_NONE_4_1_3_2,5032,HACTION_SELECT_NONE_4_1_3_2,5032,HTML_PAGE_SELECT_NONE_4_1_3_2,select_none_4_1_3_2,true
SELECT_NONE_4_1_3_3,5033,HACTION_SELECT_NONE_4_1_3_3,5033,HTML_PAGE_SELECT_NONE_4_1_3_3,select_none_4_1_3_3,true
SELECT_NONE_4_1_3_4,5034,HACTION_SELECT_NONE_4_1_3_4,5034,HTML_PAGE_SELECT_NONE_4_1_3_4,select_none_4_1_3_4,true
SELECT_NONE_4_1_4,5035,HACTION_SELECT_NONE_4_1_4,5035,HTML_PAGE_SELECT_NONE_4_1_4,select_none_4_1_4,true
SELECT_NONE_4_1_4_1,5036,HACTION_SELECT_NONE_4_1_4_1,5036,HTML_PAGE_SELECT_NONE_4_1_4_1,select_none_4_1_4_1,true
SELECT_NONE_4_1_4_2,5037,HACTION_SELECT_NONE_4_1_4_2,5037,HTML_PAGE_SELECT_NONE_4_1_4_2,select_none_4_1_4_2,true
SELECT_NONE_4_1_4_3,5038,HACTION_SELECT_NONE_4_1_4_3,5038,HTML_PAGE_SELECT_NONE_4_1_4_3,select_none_4_1_4_3,true
SELECT_NONE_4_1_4_4,5039,HACTION_SELECT_NONE_4_1_4_4,5039,HTML_PAGE_SELECT_NONE_4_1_4_4,select_none_4_1_4_4,true
SELECT_NONE_4_2,5040,HACTION_SELECT_NONE_4_2,5040,HTML_PAGE_SELECT_NONE_4_2,select_none_4_2,true
SELECT_NONE_4_2_1,5041,HACTION_SELECT_NONE_4_2_1,5041,HTML_PAGE_SELECT_NONE_4_2_1,select_none_4_2_1,true
SELECT_NONE_4_2_1_1,5042,HACTION_SELECT_NONE_4_2_1_1,5042,HTML_PAGE_SELECT_NONE_4_2_1_1,select_none_4_2_1_1,true
SELECT_NONE_4_2_1_2,5043,HACTION_SELECT_NONE_4_2_1_2,5043,HTML_PAGE_SELECT_NONE_4_2_1_2,select_none_4_2_1_2,true
SELECT_NONE_4_2_1_3,5044,HACTION_SELECT_NONE_4_2_1_3,5044,HTML_PAGE_SELECT_NONE_4_2_1_3,select_none_4_2_1_3,true
SELECT_NONE_4_2_1_4,5045,HACTION_SELECT_NONE_4_2_1_4,5045,HTML_PAGE_SELECT_NONE_4_2_1_4,select_none_4_2_1_4,true
SELECT_NONE_4_2_2,5046,HACTION_SELECT_NONE_4_2_2,5046,HTML_PAGE_SELECT_NONE_4_2_2,select_none_4_2_2,true
SELECT_NONE_4_2_2_1,5047,HACTION_SELECT_NONE_4_2_2_1,5047,HTML_PAGE_SELECT_NONE_4_2_2_1,select_none_4_2_2_1,true
SELECT_NONE_4_2_2_2,5048,HACTION_SELECT_NONE_4_2_2_2,5048,HTML_PAGE_SELECT_NONE_4_2_2_2,select_none_4_2_2_2,true
SELECT_NONE_4_2_2_3,5049,HACTION_SELECT_NONE_4_2_2_3,5049,HTML_PAGE_SELECT_NONE_4_2_2_3,select_none_4_2_2_3,true
SELECT_NONE_4_2_2_4,5050,HACTION_SELECT_NONE_4_2_2_4,5050,HTML_PAGE_SELECT_NONE_4_2_2_4,select_none_4_2_2_4,true
SELECT_NONE_4_2_3,5051,HACTION_SELECT_NONE_4_2_3,5051,HTML_PAGE_SELECT_NONE_4_2_3,select_none_4_2_3,true
SELECT_NONE_4_2_3_1,5052,HACTION_SELECT_NONE_4_2_3_1,5052,HTML_PAGE_SELECT_NONE_4_2_3_1,select_none_4_2_3_1,true
SELECT_NONE_4_2_3_2,5053,HACTION_SELECT_NONE_4_2_3_2,5053,HTML_PAGE_SELECT_NONE_4_2_3_2,select_none_4_2_3_2,true
SELECT_NONE_4_2_3_3,5054,HACTION_SELECT_NONE_4_2_3_3,5054,HTML_PAGE_SELECT_NONE_4_2_3_3,select_none_4_2_3_3,true
SELECT_NONE_4_2_3_4,5055,HACTION_SELECT_NONE_4_2_3_4,5055,HTML_PAGE_SELECT_NONE_4_2_3_4,select_none_4_2_3_4,true
SELECT_NONE_4_2_4,5056,HACTION_SELECT_NONE_4_2_4,5056,HTML_PAGE_SELECT_NONE_4_2_4,select_none_4_2_4,true
SELECT_NONE_4_2_4_1,5057,HACTION_SELECT_NONE_4_2_4_1,5057,HTML_PAGE_SELECT_NONE_4_2_4_1,select_none_4_2_4_1,true
SELECT_NONE_4_2_4_2,5058,HACTION_SELECT_NONE_4_2_4_2,5058,HTML_PAGE_SELECT_NONE_4_2_4_2,select_none_4_2_4_2,true
SELECT_NONE_4_2_4_3,5059,HACTION_SELECT_NONE_4_2_4_3,5059,HTML_PAGE_SELECT_NONE_4_2_4_3,select_none_4_2_4_3,true
SELECT_NONE_4_2_4_4,5060,HACTION_SELECT_NONE_4_2_4_4,5060,HTML_PAGE_SELECT_NONE_4_2_4_4,select_none_4_2_4_4,true
SELECT_NONE_4_3,5061,HACTION_SELECT_NONE_4_3,5061,HTML_PAGE_SELECT_NONE_4_3,select_none_4_3,true
SELECT_NONE_4_3_1,5062,HACTION_SELECT_NONE_4_3_1,5062,HTML_PAGE_SELECT_NONE_4_3_1,select_none_4_3_1,true
SELECT_NONE_4_3_1_1,5063,HACTION_SELECT_NONE_4_3_1_1,5063,HTML_PAGE_SELECT_NONE_4_3_1_1,select_none_4_3_1_1,true
SELECT_NONE_4_3_1_2,5064,HACTION_SELECT_NONE_4_3_1_2,5064,HTML_PAGE_SELECT_NONE_4_3_1_2,select_none_4_3_1_2,true
SELECT_NONE_4_3_1_3,5065,HACTION_SELECT_NONE_4_3_1_3,5065,HTML_PAGE_SELECT_NONE_4_3_1_3,select_none_4_3_1_3,true
SELECT_NONE_4_3_1_4,5066,HACTION_SELECT_NONE_4_3_1_4,5066,HTML_PAGE_SELECT_NONE_4_3_1_4,select_none_4_3_1_4,true
SELECT_NONE_4_3_2,5067,HACTION_SELECT_NONE_4_3_2,5067,HTML_PAGE_SELECT_NONE_4_3_2,select_none_4_3_2,true
SELECT_NONE_4_3_2_1,5068,HACTION_SELECT_NONE_4_3_2_1,5068,HTML_PAGE_SELECT_NONE_4_3_2_1,select_none_4_3_2_1,true
SELECT_NONE_4_3_2_2,5069,HACTION_SELECT_NONE_4_3_2_2,5069,HTML_PAGE_SELECT_NONE_4_3_2_2,select_none_4_3_2_2,true
SELECT_NONE_4_3_2_3,5070,HACTION_SELECT_NONE_4_3_2_3,5070,HTML_PAGE_SELECT_NONE_4_3_2_3,select_none_4_3_2_3,true
SELECT_NONE_4_3_2_4,5071,HACTION_SELECT_NONE_4_3_2_4,5071,HTML_PAGE_SELECT_NONE_4_3_2_4,select_none_4_3_2_4,true
SELECT_NONE_4_3_3,5072,HACTION_SELECT_NONE_4_3_3,5072,HTML_PAGE_SELECT_NONE_4_3_3,select_none_4_3_3,true
SELECT_NONE_4_3_3_1,5073,HACTION_SELECT_NONE_4_3_3_1,5073,HTML_PAGE_SELECT_NONE_4_3_3_1,select_none_4_3_3_1,true
SELECT_NONE_4_3_3_2,5074,HACTION_SELECT_NONE_4_3_3_2,5074,HTML_PAGE_SELECT_NONE_4_3_3_2,select_none_4_3_3_2,true
SELECT_NONE_4_3_3_3,5075,HACTION_SELECT_NONE_4_3_3_3,5075,HTML_PAGE_SELECT_NONE_4_3_3_3,select_none_4_3_3_3,true
SELECT_NONE_4_3_3_4,5076,HACTION_SELECT_NONE_4_3_3_4,5076,HTML_PAGE_SELECT_NONE_4_3_3_4,select_none_4_3_3_4,true
SELECT_NONE_4_3_4,5077,HACTION_SELECT_NONE_4_3_4,5077,HTML_PAGE_SELECT_NONE_4_3_4,select_none_4_3_4,true
SELECT_NONE_4_3_4_1,5078,HACTION_SELECT_NONE_4_3_4_1,5078,HTML_PAGE_SELECT_NONE_4_3_4_1,select_none_4_3_4_1,true
SELECT_NONE_4_3_4_2,5079,HACTION_SELECT_NONE_4_3_4_2,5079,HTML_PAGE_SELECT_NONE_4_3_4_2,select_none_4_3_4_2,true
SELECT_NONE_4_3_4_3,5080,HACTION_SELECT_NONE_4_3_4_3,5080,HTML_PAGE_SELECT_NONE_4_3_4_3,select_none_4_3_4_3,true
SELECT_NONE_4_3_4_4,5081,HACTION_SELECT_NONE_4_3_4_4,5081,HTML_PAGE_SELECT_NONE_4_3_4_4,select_none_4_3_4_4,true
SELECT_NONE_4_4,5082,HACTION_SELECT_NONE_4_4,5082,HTML_PAGE_SELECT_NONE_4_4,select_none_4_4,true
SELECT_NONE_4_4_1,5083,HACTION_SELECT_NONE_4_4_1,5083,HTML_PAGE_SELECT_NONE_4_4_1,select_none_4_4_1,true
SELECT_NONE_4_4_1_1,5084,HACTION_SELECT_NONE_4_4_1_1,5084,HTML_PAGE_SELECT_NONE_4_4_1_1,select_none_4_4_1_1,true
SELECT_NONE_4_4_1_2,5085,HACTION_SELECT_NONE_4_4_1_2,5085,HTML_PAGE_SELECT_NONE_4_4_1_2,select_none_4_4_1_2,true
SELECT_NONE_4_4_1_3,5086,HACTION_SELECT_NONE_4_4_1_3,5086,HTML_PAGE_SELECT_NONE_4_4_1_3,select_none_4_4_1_3,true
SELECT_NONE_4_4_1_4,5087,HACTION_SELECT_NONE_4_4_1_4,5087,HTML_PAGE_SELECT_NONE_4_4_1_4,select_none_4_4_1_4,true
SELECT_NONE_4_4_2,5088,HACTION_SELECT_NONE_4_4_2,5088,HTML_PAGE_SELECT_NONE_4_4_2,select_none_4_4_2,true
SELECT_NONE_4_4_2_1,5089,HACTION_SELECT_NONE_4_4_2_1,5089,HTML_PAGE_SELECT_NONE_4_4_2_1,select_none_4_4_2_1,true
SELECT_NONE_4_4_2_2,5090,HACTION_SELECT_NONE_4_4_2_2,5090,HTML_PAGE_SELECT_NONE_4_4_2_2,select_none_4_4_2_2,true
SELECT_NONE_4_4_2_3,5091,HACTION_SELECT_NONE_4_4_2_3,5091,HTML_PAGE_SELECT_NONE_4_4_2_3,select_none_4_4_2_3,true
SELECT_NONE_4_4_2_4,5092,HACTION_SELECT_NONE_4_4_2_4,5092,HTML_PAGE_SELECT_NONE_4_4_2_4,select_none_4_4_2_4,true
SELECT_NONE_4_4_3,5093,HACTION_SELECT_NONE_4_4_3,5093,HTML_PAGE_SELECT_NONE_4_4_3,select_none_4_4_3,true
SELECT_NONE_4_4_3_1,5094,HACTION_SELECT_NONE_4_4_3_1,5094,HTML_PAGE_SELECT_NONE_4_4_3_1,select_none_4_4_3_1,true
SELECT_NONE_4_4_3_2,5095,HACTION_SELECT_NONE_4_4_3_2,5095,HTML_PAGE_SELECT_NONE_4_4_3_2,select_none_4_4_3_2,true
SELECT_NONE_4_4_3_3,5096,HACTION_SELECT_NONE_4_4_3_3,5096,HTML_PAGE_SELECT_NONE_4_4_3_3,select_none_4_4_3_3,true
SELECT_NONE_4_4_3_4,5097,HACTION_SELECT_NONE_4_4_3_4,5097,HTML_PAGE_SELECT_NONE_4_4_3_4,select_none_4_4_3_4,true
SELECT_NONE_4_4_4,5098,HACTION_SELECT_NONE_4_4_4,5098,HTML_PAGE_SELECT_NONE_4_4_4,select_none_4_4_4,true
SELECT_NONE_4_4_4_1,5099,HACTION_SELECT_NONE_4_4_4_1,5099,HTML_PAGE_SELECT_NONE_4_4_4_1,select_none_4_4_4_1,true
SELECT_NONE_4_4_4_2,5100,HACTION_SELECT_NONE_4_4_4_2,5100,HTML_PAGE_SELECT_NONE_4_4_4_2,select_none_4_4_4_2,true
SELECT_NONE_4_4_4_3,5101,HACTION_SELECT_NONE_4_4_4_3,5101,HTML_PAGE_SELECT_NONE_4_4_4_3,select_none_4_4_4_3,true
SELECT_NONE_4_4_4_4,5102,HACTION_SELECT_NONE_4_4_4_4,5102,HTML_PAGE_SELECT_NONE_4_4_4_4,select_none_4_4_4_4,true
